2.500000E-01 0.000000E+00
5.000000E-01 0.000000E+00
7.500000E-01 0.000000E+00
1.000000E+00 0.000000E+00
1.250000E+00 0.000000E+00
1.500000E+00 0.000000E+00
1.750000E+00 0.000000E+00
2.000000E+00 0.000000E+00
2.250000E+00 0.000000E+00
2.500000E+00 0.000000E+00
2.750000E+00 0.000000E+00
3.000000E+00 0.000000E+00
3.250000E+00 0.000000E+00
3.500000E+00 4.531046E-03
3.750000E+00 5.175121E-01
4.000000E+00 4.763529E+00
4.250000E+00 1.175012E+01
4.500000E+00 1.451031E+01
4.750000E+00 1.299503E+01
5.000000E+00 1.026451E+01
5.250000E+00 7.771804E+00
5.500000E+00 5.939124E+00
5.750000E+00 4.725084E+00
6.000000E+00 3.958414E+00
6.250000E+00 3.481062E+00
6.500000E+00 3.078915E+00
6.750000E+00 2.686381E+00
7.000000E+00 2.321820E+00
7.250000E+00 2.010522E+00
7.500000E+00 1.784858E+00
7.750000E+00 1.629925E+00
8.000000E+00 1.542684E+00
8.250000E+00 1.491890E+00
8.500000E+00 1.458737E+00
8.750000E+00 1.425386E+00
9.000000E+00 1.377298E+00
9.250000E+00 1.328744E+00
9.500000E+00 1.276096E+00
9.750000E+00 1.227373E+00
1.000000E+01 1.193635E+00
1.025000E+01 1.161091E+00
1.050000E+01 1.138770E+00
1.075000E+01 1.122990E+00
1.100000E+01 1.106161E+00
1.125000E+01 1.088204E+00
1.150000E+01 1.079004E+00
1.175000E+01 1.065188E+00
1.200000E+01 1.054263E+00
1.225000E+01 1.053329E+00
1.250000E+01 1.042794E+00
1.275000E+01 1.042302E+00
1.300000E+01 1.040620E+00
1.325000E+01 1.037612E+00
1.350000E+01 1.030743E+00
1.375000E+01 1.031033E+00
1.400000E+01 1.029284E+00
1.425000E+01 1.025087E+00
1.450000E+01 1.024876E+00
1.475000E+01 1.022950E+00
1.500000E+01 1.020409E+00
1.525000E+01 1.021813E+00
1.550000E+01 1.020511E+00
1.575000E+01 1.015822E+00
1.600000E+01 1.018075E+00
1.625000E+01 1.016818E+00
1.650000E+01 1.019249E+00
1.675000E+01 1.016086E+00
1.700000E+01 1.014476E+00
1.725000E+01 1.016714E+00
1.750000E+01 1.013459E+00
1.775000E+01 1.014166E+00
1.800000E+01 1.013739E+00
1.825000E+01 1.013618E+00
1.850000E+01 1.013930E+00
1.875000E+01 1.011546E+00
1.900000E+01 1.012686E+00
1.925000E+01 1.012007E+00
1.950000E+01 1.011600E+00
1.975000E+01 1.012810E+00
2.000000E+01 1.011082E+00
2.025000E+01 1.010589E+00
2.050000E+01 1.012253E+00
2.075000E+01 1.012029E+00
2.100000E+01 1.011251E+00
2.125000E+01 1.011428E+00
2.150000E+01 1.011057E+00
2.175000E+01 1.011882E+00
2.200000E+01 1.009268E+00
2.225000E+01 1.011375E+00
2.250000E+01 1.008938E+00
2.275000E+01 1.010322E+00
2.300000E+01 1.011605E+00
2.325000E+01 1.008864E+00
2.350000E+01 1.010926E+00
2.375000E+01 1.009551E+00
2.400000E+01 1.009721E+00
2.425000E+01 1.010019E+00
2.450000E+01 1.009090E+00
2.475000E+01 1.009034E+00
2.500000E+01 1.008663E+00
2.525000E+01 1.008222E+00
2.550000E+01 1.008424E+00
2.575000E+01 1.009984E+00
2.600000E+01 1.008879E+00
2.625000E+01 1.008620E+00
2.650000E+01 1.007969E+00
2.675000E+01 1.008790E+00
2.700000E+01 1.009411E+00
2.725000E+01 1.007422E+00
2.750000E+01 1.007667E+00
2.775000E+01 1.007642E+00
2.800000E+01 1.008886E+00
2.825000E+01 1.008190E+00
2.850000E+01 1.007636E+00
2.875000E+01 1.007741E+00
2.900000E+01 1.009247E+00
2.925000E+01 1.007009E+00
2.950000E+01 1.007649E+00
2.975000E+01 1.007001E+00
3.000000E+01 1.006791E+00
3.025000E+01 1.007526E+00
3.050000E+01 1.007368E+00
3.075000E+01 1.007283E+00
3.100000E+01 1.006861E+00
3.125000E+01 1.007906E+00
3.150000E+01 1.007120E+00
3.175000E+01 1.007351E+00
3.200000E+01 1.008274E+00
3.225000E+01 1.007532E+00
3.250000E+01 1.006564E+00
3.275000E+01 1.006250E+00
3.300000E+01 1.007218E+00
3.325000E+01 1.006439E+00
3.350000E+01 1.006972E+00
3.375000E+01 1.006366E+00
3.400000E+01 1.006237E+00
3.425000E+01 1.006553E+00
3.450000E+01 1.007449E+00
3.475000E+01 1.006545E+00
3.500000E+01 1.006288E+00
3.525000E+01 1.006361E+00
3.550000E+01 1.006969E+00
3.575000E+01 1.005581E+00
3.600000E+01 1.006707E+00
3.625000E+01 1.006856E+00
3.650000E+01 1.006826E+00
3.675000E+01 1.005875E+00
3.700000E+01 1.006674E+00
3.725000E+01 1.005630E+00
3.750000E+01 1.005978E+00
3.775000E+01 1.006213E+00
3.800000E+01 1.005477E+00
3.825000E+01 1.005181E+00
3.850000E+01 1.006317E+00
3.875000E+01 1.005795E+00
3.900000E+01 1.004968E+00
3.925000E+01 1.006797E+00
3.950000E+01 1.005972E+00
3.975000E+01 1.005632E+00
4.000000E+01 1.005945E+00
4.025000E+01 1.006068E+00
4.050000E+01 1.005952E+00
4.075000E+01 1.005325E+00
4.100000E+01 1.004753E+00
4.125000E+01 1.005004E+00
4.150000E+01 1.005610E+00
4.175000E+01 1.003801E+00
4.200000E+01 1.005594E+00
4.225000E+01 1.004482E+00
4.250000E+01 1.005376E+00
4.275000E+01 1.004183E+00
4.300000E+01 1.004377E+00
4.325000E+01 1.006405E+00
4.350000E+01 1.004460E+00
4.375000E+01 1.005280E+00
4.400000E+01 1.004952E+00
4.425000E+01 1.004736E+00
4.450000E+01 1.004642E+00
4.475000E+01 1.004643E+00
4.500000E+01 1.005533E+00
4.525000E+01 1.004085E+00
4.550000E+01 1.005039E+00
4.575000E+01 1.004382E+00
4.600000E+01 1.004278E+00
4.625000E+01 1.004672E+00
4.650000E+01 1.004371E+00
4.675000E+01 1.004703E+00
4.700000E+01 1.004903E+00
4.725000E+01 1.004701E+00
4.750000E+01 1.004553E+00
4.775000E+01 1.004157E+00
4.800000E+01 1.004909E+00
4.825000E+01 1.004094E+00
4.850000E+01 1.004030E+00
4.875000E+01 1.004408E+00
4.900000E+01 1.004503E+00
4.925000E+01 1.004139E+00
4.950000E+01 1.004692E+00
4.975000E+01 1.004316E+00
5.000000E+01 1.004423E+00
5.025000E+01 1.004357E+00
5.050000E+01 1.003668E+00
5.075000E+01 1.004142E+00
5.100000E+01 1.004309E+00
5.125000E+01 1.003146E+00
5.150000E+01 1.004080E+00
5.175000E+01 1.004631E+00
5.200000E+01 1.004029E+00
5.225000E+01 1.003901E+00
5.250000E+01 1.004013E+00
5.275000E+01 1.003512E+00
5.300000E+01 1.003914E+00
5.325000E+01 1.003910E+00
5.350000E+01 1.004078E+00
5.375000E+01 1.004473E+00
5.400000E+01 1.003745E+00
5.425000E+01 1.003500E+00
5.450000E+01 1.004182E+00
5.475000E+01 1.003383E+00
5.500000E+01 1.003523E+00
5.525000E+01 1.003406E+00
5.550000E+01 1.003363E+00
5.575000E+01 1.003718E+00
5.600000E+01 1.003465E+00
5.625000E+01 1.004361E+00
5.650000E+01 1.003699E+00
5.675000E+01 1.004362E+00
5.700000E+01 1.003688E+00
5.725000E+01 1.003643E+00
5.750000E+01 1.003638E+00
5.775000E+01 1.004183E+00
5.800000E+01 1.003642E+00
5.825000E+01 1.003276E+00
5.850000E+01 1.003088E+00
5.875000E+01 1.003186E+00
5.900000E+01 1.003256E+00
5.925000E+01 1.003259E+00
5.950000E+01 1.003381E+00
5.975000E+01 1.003270E+00
6.000000E+01 1.003679E+00
6.025000E+01 1.003616E+00
6.050000E+01 1.003666E+00
6.075000E+01 1.003373E+00
6.100000E+01 1.003534E+00
6.125000E+01 1.003409E+00
6.150000E+01 1.002865E+00
6.175000E+01 1.003067E+00
6.200000E+01 1.003126E+00
6.225000E+01 1.003430E+00
6.250000E+01 1.003211E+00
6.275000E+01 1.003169E+00
6.300000E+01 1.002960E+00
6.325000E+01 1.003143E+00
6.350000E+01 1.003229E+00
6.375000E+01 1.002967E+00
6.400000E+01 1.002967E+00
6.425000E+01 1.002855E+00
6.450000E+01 1.002826E+00
6.475000E+01 1.003219E+00
6.500000E+01 1.002959E+00
6.525000E+01 1.002874E+00
6.550000E+01 1.002933E+00
6.575000E+01 1.003381E+00
6.600000E+01 1.002052E+00
6.625000E+01 1.002902E+00
6.650000E+01 1.002835E+00
6.675000E+01 1.002723E+00
6.700000E+01 1.002561E+00
6.725000E+01 1.003149E+00
6.750000E+01 1.002891E+00
6.775000E+01 1.003540E+00
6.800000E+01 1.003124E+00
6.825000E+01 1.002804E+00
6.850000E+01 1.002622E+00
6.875000E+01 1.002318E+00
6.900000E+01 1.003095E+00
6.925000E+01 1.003111E+00
6.950000E+01 1.002709E+00
6.975000E+01 1.003313E+00
7.000000E+01 1.002479E+00
7.025000E+01 1.002658E+00
7.050000E+01 1.002805E+00
7.075000E+01 1.002791E+00
7.100000E+01 1.002993E+00
7.125000E+01 1.002690E+00
7.150000E+01 1.002899E+00
7.175000E+01 1.002741E+00
7.200000E+01 1.002758E+00
7.225000E+01 1.002856E+00
7.250000E+01 1.003251E+00
7.275000E+01 1.002490E+00
7.300000E+01 1.002059E+00
7.325000E+01 1.002337E+00
7.350000E+01 1.002860E+00
7.375000E+01 1.002672E+00
7.400000E+01 1.002358E+00
7.425000E+01 1.002948E+00
7.450000E+01 1.002554E+00
7.475000E+01 1.002508E+00
7.500000E+01 1.002819E+00
7.525000E+01 1.002483E+00
7.550000E+01 1.003257E+00
7.575000E+01 1.002846E+00
7.600000E+01 1.002733E+00
7.625000E+01 1.002693E+00
7.650000E+01 1.002300E+00
7.675000E+01 1.002506E+00
7.700000E+01 1.003102E+00
7.725000E+01 1.002746E+00
7.750000E+01 1.002975E+00
7.775000E+01 1.001997E+00
7.800000E+01 1.002343E+00
7.825000E+01 1.001926E+00
7.850000E+01 1.002949E+00
7.875000E+01 1.002106E+00
7.900000E+01 1.002378E+00
7.925000E+01 1.002378E+00
7.950000E+01 1.002647E+00
7.975000E+01 1.002552E+00
8.000000E+01 1.002396E+00
8.025000E+01 1.003132E+00
8.050000E+01 1.002361E+00
8.075000E+01 1.002509E+00
8.100000E+01 1.002522E+00
8.125000E+01 1.002175E+00
8.150000E+01 1.002752E+00
8.175000E+01 1.002605E+00
8.200000E+01 1.002046E+00
8.225000E+01 1.001833E+00
8.250000E+01 1.002332E+00
8.275000E+01 1.002879E+00
8.300000E+01 1.002323E+00
8.325000E+01 1.002364E+00
8.350000E+01 1.002216E+00
8.375000E+01 1.002341E+00
8.400000E+01 1.002240E+00
8.425000E+01 1.001782E+00
8.450000E+01 1.002069E+00
8.475000E+01 1.002280E+00
8.500000E+01 1.002411E+00
8.525000E+01 1.002332E+00
8.550000E+01 1.002506E+00
8.575000E+01 1.002446E+00
8.600000E+01 1.002325E+00
8.625000E+01 1.002217E+00
8.650000E+01 1.001995E+00
8.675000E+01 1.001819E+00
8.700000E+01 1.002282E+00
8.725000E+01 1.002181E+00
8.750000E+01 1.002400E+00
8.775000E+01 1.002308E+00
8.800000E+01 1.002295E+00
8.825000E+01 1.002001E+00
8.850000E+01 1.002431E+00
8.875000E+01 1.001876E+00
8.900000E+01 1.001847E+00
8.925000E+01 1.002067E+00
8.950000E+01 1.002465E+00
8.975000E+01 1.002209E+00
9.000000E+01 1.002351E+00
9.025000E+01 1.001836E+00
9.050000E+01 1.002617E+00
9.075000E+01 1.001894E+00
9.100000E+01 1.002024E+00
9.125000E+01 1.002557E+00
9.150000E+01 1.001858E+00
9.175000E+01 1.002244E+00
9.200000E+01 1.002242E+00
9.225000E+01 1.002075E+00
9.250000E+01 1.002207E+00
9.275000E+01 1.001870E+00
9.300000E+01 1.002030E+00
9.325000E+01 1.002322E+00
9.350000E+01 1.001396E+00
9.375000E+01 1.001543E+00
9.400000E+01 1.002004E+00
9.425000E+01 1.002172E+00
9.450000E+01 1.002063E+00
9.475000E+01 1.001826E+00
9.500000E+01 1.002131E+00
9.525000E+01 1.002002E+00
9.550000E+01 1.002460E+00
9.575000E+01 1.002074E+00
9.600000E+01 1.001530E+00
9.625000E+01 1.002144E+00
9.650000E+01 1.001771E+00
9.675000E+01 1.002636E+00
9.700000E+01 1.002326E+00
9.725000E+01 1.002236E+00
9.750000E+01 1.002156E+00
9.775000E+01 1.002170E+00
9.800000E+01 1.002322E+00
9.825000E+01 1.002163E+00
9.850000E+01 1.001857E+00
9.875000E+01 1.001886E+00
9.900000E+01 1.001907E+00
9.925000E+01 1.002453E+00
9.950000E+01 1.001696E+00
9.975000E+01 1.001913E+00
1.000000E+02 1.002079E+00
1.002500E+02 1.001974E+00
1.005000E+02 1.001912E+00
1.007500E+02 1.002142E+00
1.010000E+02 1.002162E+00
1.012500E+02 1.001973E+00
1.015000E+02 1.002133E+00
1.017500E+02 1.002056E+00
1.020000E+02 1.002188E+00
1.022500E+02 1.002046E+00
1.025000E+02 1.002011E+00
1.027500E+02 1.001858E+00
1.030000E+02 1.001694E+00
1.032500E+02 1.001970E+00
1.035000E+02 1.001859E+00
1.037500E+02 1.002170E+00
1.040000E+02 1.002132E+00
1.042500E+02 1.002166E+00
1.045000E+02 1.001885E+00
1.047500E+02 1.002026E+00
1.050000E+02 1.002114E+00
1.052500E+02 1.001823E+00
1.055000E+02 1.002043E+00
1.057500E+02 1.001793E+00
1.060000E+02 1.002031E+00
1.062500E+02 1.001984E+00
1.065000E+02 1.001719E+00
1.067500E+02 1.001939E+00
1.070000E+02 1.001885E+00
1.072500E+02 1.001924E+00
1.075000E+02 1.001923E+00
1.077500E+02 1.001978E+00
1.080000E+02 1.001993E+00
1.082500E+02 1.002009E+00
1.085000E+02 1.001854E+00
1.087500E+02 1.001860E+00
1.090000E+02 1.001302E+00
1.092500E+02 1.001767E+00
1.095000E+02 1.001686E+00
1.097500E+02 1.002156E+00
1.100000E+02 1.001892E+00
1.102500E+02 1.002114E+00
1.105000E+02 1.001779E+00
1.107500E+02 1.001859E+00
1.110000E+02 1.002241E+00
1.112500E+02 1.001738E+00
1.115000E+02 1.001540E+00
1.117500E+02 1.001592E+00
1.120000E+02 1.002009E+00
1.122500E+02 1.001756E+00
1.125000E+02 1.001847E+00
1.127500E+02 1.001740E+00
1.130000E+02 1.001893E+00
1.132500E+02 1.001622E+00
1.135000E+02 1.001820E+00
1.137500E+02 1.001563E+00
1.140000E+02 1.001407E+00
1.142500E+02 1.001766E+00
1.145000E+02 1.001912E+00
1.147500E+02 1.001660E+00
1.150000E+02 1.002021E+00
1.152500E+02 1.001931E+00
1.155000E+02 1.001584E+00
1.157500E+02 1.001777E+00
1.160000E+02 1.002088E+00
1.162500E+02 1.001826E+00
1.165000E+02 1.001617E+00
1.167500E+02 1.001787E+00
1.170000E+02 1.001686E+00
1.172500E+02 1.001404E+00
1.175000E+02 1.001951E+00
1.177500E+02 1.001946E+00
1.180000E+02 1.001836E+00
1.182500E+02 1.001553E+00
1.185000E+02 1.001720E+00
1.187500E+02 1.001676E+00
1.190000E+02 1.001824E+00
1.192500E+02 1.001734E+00
1.195000E+02 1.001674E+00
1.197500E+02 1.001855E+00
1.200000E+02 1.001756E+00
1.202500E+02 1.002019E+00
1.205000E+02 1.001851E+00
1.207500E+02 1.001649E+00
1.210000E+02 1.001435E+00
1.212500E+02 1.001742E+00
1.215000E+02 1.001925E+00
1.217500E+02 1.001658E+00
1.220000E+02 1.001557E+00
1.222500E+02 1.001905E+00
1.225000E+02 1.001766E+00
1.227500E+02 1.001545E+00
1.230000E+02 1.001440E+00
1.232500E+02 1.001262E+00
1.235000E+02 1.001370E+00
1.237500E+02 1.001671E+00
1.240000E+02 1.001538E+00
1.242500E+02 1.001522E+00
1.245000E+02 1.001851E+00
1.247500E+02 1.001980E+00
1.250000E+02 9.986560E-01
1.252500E+02 9.923390E-01
1.255000E+02 9.866921E-01
1.257500E+02 9.808575E-01
1.260000E+02 9.750538E-01
1.262500E+02 9.685873E-01
1.265000E+02 9.633363E-01
1.267500E+02 9.569227E-01
1.270000E+02 9.517326E-01
1.272500E+02 9.452948E-01
1.275000E+02 9.400274E-01
1.277500E+02 9.339701E-01
1.280000E+02 9.282629E-01
1.282500E+02 9.225403E-01
1.285000E+02 9.170201E-01
1.287500E+02 9.112617E-01
1.290000E+02 9.057143E-01
1.292500E+02 8.996716E-01
1.295000E+02 8.941468E-01
1.297500E+02 8.888537E-01
1.300000E+02 8.831395E-01
1.302500E+02 8.775554E-01
1.305000E+02 8.722962E-01
1.307500E+02 8.665775E-01
1.310000E+02 8.612014E-01
1.312500E+02 8.555563E-01
1.315000E+02 8.502194E-01
1.317500E+02 8.449189E-01
1.320000E+02 8.392579E-01
1.322500E+02 8.340603E-01
1.325000E+02 8.284519E-01
1.327500E+02 8.233538E-01
1.330000E+02 8.181567E-01
1.332500E+02 8.127578E-01
1.335000E+02 8.075867E-01
1.337500E+02 8.023535E-01
1.340000E+02 7.971772E-01
1.342500E+02 7.920286E-01
1.345000E+02 7.869681E-01
1.347500E+02 7.815086E-01
1.350000E+02 7.763515E-01
1.352500E+02 7.713734E-01
1.355000E+02 7.659025E-01
1.357500E+02 7.608953E-01
1.360000E+02 7.556418E-01
1.362500E+02 7.510927E-01
1.365000E+02 7.459650E-01
1.367500E+02 7.405421E-01
1.370000E+02 7.358012E-01
1.372500E+02 7.307251E-01
1.375000E+02 7.256650E-01
1.377500E+02 7.210673E-01
1.380000E+02 7.159540E-01
1.382500E+02 7.110927E-01
1.385000E+02 7.063563E-01
1.387500E+02 7.012879E-01
1.390000E+02 6.962996E-01
1.392500E+02 6.914614E-01
1.395000E+02 6.868316E-01
1.397500E+02 6.819305E-01
1.400000E+02 6.771169E-01
1.402500E+02 6.724671E-01
1.405000E+02 6.676519E-01
1.407500E+02 6.630626E-01
1.410000E+02 6.584906E-01
1.412500E+02 6.533949E-01
1.415000E+02 6.488768E-01
1.417500E+02 6.437959E-01
1.420000E+02 6.394244E-01
1.422500E+02 6.347406E-01
1.425000E+02 6.302040E-01
1.427500E+02 6.255329E-01
1.430000E+02 6.210028E-01
1.432500E+02 6.162945E-01
1.435000E+02 6.117685E-01
1.437500E+02 6.073874E-01
1.440000E+02 6.027601E-01
1.442500E+02 5.981605E-01
1.445000E+02 5.938237E-01
1.447500E+02 5.893370E-01
1.450000E+02 5.849727E-01
1.452500E+02 5.804300E-01
1.455000E+02 5.757393E-01
1.457500E+02 5.714639E-01
1.460000E+02 5.671256E-01
1.462500E+02 5.626128E-01
1.465000E+02 5.584089E-01
1.467500E+02 5.538221E-01
1.470000E+02 5.494973E-01
1.472500E+02 5.452336E-01
1.475000E+02 5.408564E-01
1.477500E+02 5.366524E-01
1.480000E+02 5.323027E-01
1.482500E+02 5.280224E-01
1.485000E+02 5.238966E-01
1.487500E+02 5.197188E-01
1.490000E+02 5.153672E-01
1.492500E+02 5.111375E-01
1.495000E+02 5.069391E-01
1.497500E+02 5.025816E-01
1.500000E+02 4.986954E-01
1.502500E+02 4.943161E-01
1.505000E+02 4.901300E-01
1.507500E+02 4.860213E-01
1.510000E+02 4.821487E-01
1.512500E+02 4.777693E-01
1.515000E+02 4.739491E-01
1.517500E+02 4.696357E-01
1.520000E+02 4.656537E-01
1.522500E+02 4.615762E-01
1.525000E+02 4.574225E-01
1.527500E+02 4.535701E-01
1.530000E+02 4.495683E-01
1.532500E+02 4.456012E-01
1.535000E+02 4.415671E-01
1.537500E+02 4.375023E-01
1.540000E+02 4.337287E-01
1.542500E+02 4.298555E-01
1.545000E+02 4.256910E-01
1.547500E+02 4.218349E-01
1.550000E+02 4.179074E-01
1.552500E+02 4.140152E-01
1.555000E+02 4.101649E-01
1.557500E+02 4.061073E-01
1.560000E+02 4.024108E-01
1.562500E+02 3.985883E-01
1.565000E+02 3.946433E-01
1.567500E+02 3.909768E-01
1.570000E+02 3.870906E-01
1.572500E+02 3.832899E-01
1.575000E+02 3.795180E-01
1.577500E+02 3.758333E-01
1.580000E+02 3.719698E-01
1.582500E+02 3.681666E-01
1.585000E+02 3.646635E-01
1.587500E+02 3.608567E-01
1.590000E+02 3.571182E-01
1.592500E+02 3.532659E-01
1.595000E+02 3.497563E-01
1.597500E+02 3.458883E-01
1.600000E+02 3.423011E-01
1.602500E+02 3.386502E-01
1.605000E+02 3.348886E-01
1.607500E+02 3.314378E-01
1.610000E+02 3.277595E-01
1.612500E+02 3.241241E-01
1.615000E+02 3.206489E-01
1.617500E+02 3.168762E-01
1.620000E+02 3.134915E-01
1.622500E+02 3.099257E-01
1.625000E+02 3.062423E-01
1.627500E+02 3.028008E-01
1.630000E+02 2.992295E-01
1.632500E+02 2.957053E-01
1.635000E+02 2.922104E-01
1.637500E+02 2.887545E-01
1.640000E+02 2.851485E-01
1.642500E+02 2.816038E-01
1.645000E+02 2.782202E-01
1.647500E+02 2.747657E-01
1.650000E+02 2.715185E-01
1.652500E+02 2.679346E-01
1.655000E+02 2.644844E-01
1.657500E+02 2.609818E-01
1.660000E+02 2.575761E-01
1.662500E+02 2.541779E-01
1.665000E+02 2.509214E-01
1.667500E+02 2.475916E-01
1.670000E+02 2.441052E-01
1.672500E+02 2.408570E-01
1.675000E+02 2.374002E-01
1.677500E+02 2.340021E-01
1.680000E+02 2.306509E-01
1.682500E+02 2.274035E-01
1.685000E+02 2.241641E-01
1.687500E+02 2.208335E-01
1.690000E+02 2.176187E-01
1.692500E+02 2.142407E-01
1.695000E+02 2.110087E-01
1.697500E+02 2.077577E-01
1.700000E+02 2.044718E-01
1.702500E+02 2.012607E-01
1.705000E+02 1.980145E-01
1.707500E+02 1.947135E-01
1.710000E+02 1.915332E-01
1.712500E+02 1.884787E-01
1.715000E+02 1.852617E-01
1.717500E+02 1.820734E-01
1.720000E+02 1.789383E-01
1.722500E+02 1.756591E-01
1.725000E+02 1.724622E-01
1.727500E+02 1.693643E-01
1.730000E+02 1.661977E-01
1.732500E+02 1.630824E-01
1.735000E+02 1.599839E-01
1.737500E+02 1.569042E-01
1.740000E+02 1.538147E-01
1.742500E+02 1.506797E-01
1.745000E+02 1.475565E-01
1.747500E+02 1.444090E-01
1.750000E+02 1.414789E-01
1.752500E+02 1.384280E-01
1.755000E+02 1.352946E-01
1.757500E+02 1.323050E-01
1.760000E+02 1.292859E-01
1.762500E+02 1.262940E-01
1.765000E+02 1.233138E-01
1.767500E+02 1.203066E-01
1.770000E+02 1.175747E-01
1.772500E+02 1.150779E-01
1.775000E+02 1.124773E-01
1.777500E+02 1.100517E-01
1.780000E+02 1.076961E-01
1.782500E+02 1.054552E-01
1.785000E+02 1.031996E-01
1.787500E+02 1.010739E-01
1.790000E+02 9.892826E-02
1.792500E+02 9.692421E-02
1.795000E+02 9.496567E-02
1.797500E+02 9.289941E-02
1.800000E+02 9.110696E-02
1.802500E+02 8.926676E-02
1.805000E+02 8.730582E-02
1.807500E+02 8.550502E-02
1.810000E+02 8.384802E-02
1.812500E+02 8.203336E-02
1.815000E+02 8.030814E-02
1.817500E+02 7.865665E-02
1.820000E+02 7.700942E-02
1.822500E+02 7.549075E-02
1.825000E+02 7.386921E-02
1.827500E+02 7.232823E-02
1.830000E+02 7.084897E-02
1.832500E+02 6.928265E-02
1.835000E+02 6.791429E-02
1.837500E+02 6.642821E-02
1.840000E+02 6.509193E-02
1.842500E+02 6.365201E-02
1.845000E+02 6.231536E-02
1.847500E+02 6.102831E-02
1.850000E+02 5.966228E-02
1.852500E+02 5.840885E-02
1.855000E+02 5.709783E-02
1.857500E+02 5.582896E-02
1.860000E+02 5.467793E-02
1.862500E+02 5.344245E-02
1.865000E+02 5.231647E-02
1.867500E+02 5.114493E-02
1.870000E+02 5.004550E-02
1.872500E+02 4.890731E-02
1.875000E+02 4.784548E-02
1.877500E+02 4.675013E-02
1.880000E+02 4.567364E-02
1.882500E+02 4.468526E-02
1.885000E+02 4.364764E-02
1.887500E+02 4.266571E-02
1.890000E+02 4.169745E-02
1.892500E+02 4.067868E-02
1.895000E+02 3.976244E-02
1.897500E+02 3.879530E-02
1.900000E+02 3.789893E-02
1.902500E+02 3.698272E-02
1.905000E+02 3.610970E-02
1.907500E+02 3.521945E-02
1.910000E+02 3.438540E-02
1.912500E+02 3.352045E-02
1.915000E+02 3.272808E-02
1.917500E+02 3.191853E-02
1.920000E+02 3.108362E-02
1.922500E+02 3.030993E-02
1.925000E+02 2.956377E-02
1.927500E+02 2.879111E-02
1.930000E+02 2.803072E-02
1.932500E+02 2.733419E-02
1.935000E+02 2.663888E-02
1.937500E+02 2.590332E-02
1.940000E+02 2.523427E-02
1.942500E+02 2.459668E-02
1.945000E+02 2.391250E-02
1.947500E+02 2.326660E-02
1.950000E+02 2.262225E-02
1.952500E+02 2.198803E-02
1.955000E+02 2.135887E-02
1.957500E+02 2.077136E-02
1.960000E+02 2.019652E-02
1.962500E+02 1.957000E-02
1.965000E+02 1.904633E-02
1.967500E+02 1.848369E-02
1.970000E+02 1.792902E-02
1.972500E+02 1.738024E-02
1.975000E+02 1.685334E-02
1.977500E+02 1.636071E-02
1.980000E+02 1.583808E-02
1.982500E+02 1.533587E-02
1.985000E+02 1.486061E-02
1.987500E+02 1.438184E-02
1.990000E+02 1.392565E-02
1.992500E+02 1.346240E-02
1.995000E+02 1.303849E-02
1.997500E+02 1.259555E-02
2.000000E+02 1.217106E-02
2.002500E+02 1.174669E-02
2.005000E+02 1.134237E-02
2.007500E+02 1.095095E-02
2.010000E+02 1.052711E-02
2.012500E+02 1.014154E-02
2.015000E+02 9.793481E-03
2.017500E+02 9.416645E-03
2.020000E+02 9.065864E-03
2.022500E+02 8.724686E-03
2.025000E+02 8.376856E-03
2.027500E+02 8.062669E-03
2.030000E+02 7.723240E-03
2.032500E+02 7.412908E-03
2.035000E+02 7.095685E-03
2.037500E+02 6.803400E-03
2.040000E+02 6.517936E-03
2.042500E+02 6.213663E-03
2.045000E+02 5.933735E-03
2.047500E+02 5.665294E-03
2.050000E+02 5.415056E-03
2.052500E+02 5.154987E-03
2.055000E+02 4.901605E-03
2.057500E+02 4.667007E-03
2.060000E+02 4.437052E-03
2.062500E+02 4.206532E-03
2.065000E+02 3.984035E-03
2.067500E+02 3.768092E-03
2.070000E+02 3.567239E-03
2.072500E+02 3.363340E-03
2.075000E+02 3.171167E-03
2.077500E+02 2.996501E-03
2.080000E+02 2.796621E-03
2.082500E+02 2.625172E-03
2.085000E+02 2.463173E-03
2.087500E+02 2.297241E-03
2.090000E+02 2.135039E-03
2.092500E+02 1.992796E-03
2.095000E+02 1.853971E-03
2.097500E+02 1.704528E-03
2.100000E+02 1.585477E-03
2.102500E+02 1.455186E-03
2.105000E+02 1.328310E-03
2.107500E+02 1.211409E-03
2.110000E+02 1.104798E-03
2.112500E+02 9.971723E-04
2.115000E+02 9.039024E-04
2.117500E+02 8.073161E-04
2.120000E+02 7.200785E-04
2.122500E+02 6.405117E-04
2.125000E+02 5.569200E-04
2.127500E+02 4.906980E-04
2.130000E+02 4.221493E-04
2.132500E+02 3.637346E-04
2.135000E+02 3.040477E-04
2.137500E+02 2.558788E-04
2.140000E+02 2.062392E-04
2.142500E+02 1.647933E-04
2.145000E+02 1.283949E-04
2.147500E+02 9.710685E-05
2.150000E+02 6.818972E-05
2.152500E+02 4.655550E-05
2.155000E+02 2.722720E-05
2.157500E+02 1.466786E-05
2.160000E+02 5.648522E-06
2.162500E+02 7.044336E-07
