2.500000E-01 0.000000E+00
5.000000E-01 0.000000E+00
7.500000E-01 0.000000E+00
1.000000E+00 0.000000E+00
1.250000E+00 0.000000E+00
1.500000E+00 0.000000E+00
1.750000E+00 0.000000E+00
2.000000E+00 0.000000E+00
2.250000E+00 0.000000E+00
2.500000E+00 0.000000E+00
2.750000E+00 0.000000E+00
3.000000E+00 0.000000E+00
3.250000E+00 0.000000E+00
3.500000E+00 6.201970E-03
3.750000E+00 5.605845E-01
4.000000E+00 5.202080E+00
4.250000E+00 1.279610E+01
4.500000E+00 1.582808E+01
4.750000E+00 1.414568E+01
5.000000E+00 1.107341E+01
5.250000E+00 8.364652E+00
5.500000E+00 6.381946E+00
5.750000E+00 5.026644E+00
6.000000E+00 4.187169E+00
6.250000E+00 3.631615E+00
6.500000E+00 3.205385E+00
6.750000E+00 2.767207E+00
7.000000E+00 2.370001E+00
7.250000E+00 2.039226E+00
7.500000E+00 1.791992E+00
7.750000E+00 1.626293E+00
8.000000E+00 1.519143E+00
8.250000E+00 1.440190E+00
8.500000E+00 1.377549E+00
8.750000E+00 1.324221E+00
9.000000E+00 1.271461E+00
9.250000E+00 1.227002E+00
9.500000E+00 1.188588E+00
9.750000E+00 1.142364E+00
1.000000E+01 1.119207E+00
1.025000E+01 1.103518E+00
1.050000E+01 1.092318E+00
1.075000E+01 1.081032E+00
1.100000E+01 1.064998E+00
1.125000E+01 1.058982E+00
1.150000E+01 1.055226E+00
1.175000E+01 1.043149E+00
1.200000E+01 1.040750E+00
1.225000E+01 1.039327E+00
1.250000E+01 1.034846E+00
1.275000E+01 1.023459E+00
1.300000E+01 1.020235E+00
1.325000E+01 1.026537E+00
1.350000E+01 1.028899E+00
1.375000E+01 1.021877E+00
1.400000E+01 1.018267E+00
1.425000E+01 1.021709E+00
1.450000E+01 1.018280E+00
1.475000E+01 1.023805E+00
1.500000E+01 1.016027E+00
1.525000E+01 1.022384E+00
1.550000E+01 1.016211E+00
1.575000E+01 1.014250E+00
1.600000E+01 1.008904E+00
1.625000E+01 1.019003E+00
1.650000E+01 1.017739E+00
1.675000E+01 1.014175E+00
1.700000E+01 1.015530E+00
1.725000E+01 1.015317E+00
1.750000E+01 1.015327E+00
1.775000E+01 1.014464E+00
1.800000E+01 1.013491E+00
1.825000E+01 1.012027E+00
1.850000E+01 1.017106E+00
1.875000E+01 1.010441E+00
1.900000E+01 1.012658E+00
1.925000E+01 1.009469E+00
1.950000E+01 1.011880E+00
1.975000E+01 1.012566E+00
2.000000E+01 1.011998E+00
2.025000E+01 1.014934E+00
2.050000E+01 1.011852E+00
2.075000E+01 1.009821E+00
2.100000E+01 1.010683E+00
2.125000E+01 1.011033E+00
2.150000E+01 1.012495E+00
2.175000E+01 1.009788E+00
2.200000E+01 1.013000E+00
2.225000E+01 1.010474E+00
2.250000E+01 1.007103E+00
2.275000E+01 1.003831E+00
2.300000E+01 1.011114E+00
2.325000E+01 1.008946E+00
2.350000E+01 1.006870E+00
2.375000E+01 1.008976E+00
2.400000E+01 1.009707E+00
2.425000E+01 1.008688E+00
2.450000E+01 1.010098E+00
2.475000E+01 1.008591E+00
2.500000E+01 1.008456E+00
2.525000E+01 1.006851E+00
2.550000E+01 1.010810E+00
2.575000E+01 1.009611E+00
2.600000E+01 1.007000E+00
2.625000E+01 1.009492E+00
2.650000E+01 1.008403E+00
2.675000E+01 1.008104E+00
2.700000E+01 1.006314E+00
2.725000E+01 1.007023E+00
2.750000E+01 1.009606E+00
2.775000E+01 1.007621E+00
2.800000E+01 1.007407E+00
2.825000E+01 1.008963E+00
2.850000E+01 1.007795E+00
2.875000E+01 1.008137E+00
2.900000E+01 1.005482E+00
2.925000E+01 1.008707E+00
2.950000E+01 1.009933E+00
2.975000E+01 1.008852E+00
3.000000E+01 1.007586E+00
3.025000E+01 1.007696E+00
3.050000E+01 1.008038E+00
3.075000E+01 1.011104E+00
3.100000E+01 1.007385E+00
3.125000E+01 1.006970E+00
3.150000E+01 1.007410E+00
3.175000E+01 1.010309E+00
3.200000E+01 1.007735E+00
3.225000E+01 1.006518E+00
3.250000E+01 1.010918E+00
3.275000E+01 1.006148E+00
3.300000E+01 1.003944E+00
3.325000E+01 1.004717E+00
3.350000E+01 1.005627E+00
3.375000E+01 1.007551E+00
3.400000E+01 1.006781E+00
3.425000E+01 1.006529E+00
3.450000E+01 1.006183E+00
3.475000E+01 1.006793E+00
3.500000E+01 1.006120E+00
3.525000E+01 1.006918E+00
3.550000E+01 1.004439E+00
3.575000E+01 1.005333E+00
3.600000E+01 1.004667E+00
3.625000E+01 1.005204E+00
3.650000E+01 1.004976E+00
3.675000E+01 1.006219E+00
3.700000E+01 1.004330E+00
3.725000E+01 1.005672E+00
3.750000E+01 1.004369E+00
3.775000E+01 1.006780E+00
3.800000E+01 1.003376E+00
3.825000E+01 1.005322E+00
3.850000E+01 1.006334E+00
3.875000E+01 1.003852E+00
3.900000E+01 1.003883E+00
3.925000E+01 1.007210E+00
3.950000E+01 1.006950E+00
3.975000E+01 1.004064E+00
4.000000E+01 1.006439E+00
4.025000E+01 1.004844E+00
4.050000E+01 1.005694E+00
4.075000E+01 1.005397E+00
4.100000E+01 1.003785E+00
4.125000E+01 1.007614E+00
4.150000E+01 1.004388E+00
4.175000E+01 1.006122E+00
4.200000E+01 1.006694E+00
4.225000E+01 1.004540E+00
4.250000E+01 1.004892E+00
4.275000E+01 1.004878E+00
4.300000E+01 1.006221E+00
4.325000E+01 1.004227E+00
4.350000E+01 1.004501E+00
4.375000E+01 1.003915E+00
4.400000E+01 1.003818E+00
4.425000E+01 1.004594E+00
4.450000E+01 1.003777E+00
4.475000E+01 1.004642E+00
4.500000E+01 1.004890E+00
4.525000E+01 1.004996E+00
4.550000E+01 1.005408E+00
4.575000E+01 1.003580E+00
4.600000E+01 1.004880E+00
4.625000E+01 1.003728E+00
4.650000E+01 1.003751E+00
4.675000E+01 1.006174E+00
4.700000E+01 1.004589E+00
4.725000E+01 1.004728E+00
4.750000E+01 1.005101E+00
4.775000E+01 1.004252E+00
4.800000E+01 1.004594E+00
4.825000E+01 1.004094E+00
4.850000E+01 1.003079E+00
4.875000E+01 1.005031E+00
4.900000E+01 1.003759E+00
4.925000E+01 1.004391E+00
4.950000E+01 1.004178E+00
4.975000E+01 1.005716E+00
5.000000E+01 1.004448E+00
5.025000E+01 1.005613E+00
5.050000E+01 1.004781E+00
5.075000E+01 1.005287E+00
5.100000E+01 1.006149E+00
5.125000E+01 1.004246E+00
5.150000E+01 1.003550E+00
5.175000E+01 1.004823E+00
5.200000E+01 1.004066E+00
5.225000E+01 1.005143E+00
5.250000E+01 1.003546E+00
5.275000E+01 1.004011E+00
5.300000E+01 1.002890E+00
5.325000E+01 1.004648E+00
5.350000E+01 1.004356E+00
5.375000E+01 1.003041E+00
5.400000E+01 1.003928E+00
5.425000E+01 1.003245E+00
5.450000E+01 1.003688E+00
5.475000E+01 1.004331E+00
5.500000E+01 1.002626E+00
5.525000E+01 1.004395E+00
5.550000E+01 1.003196E+00
5.575000E+01 1.003558E+00
5.600000E+01 1.004857E+00
5.625000E+01 1.003742E+00
5.650000E+01 1.004046E+00
5.675000E+01 1.003235E+00
5.700000E+01 1.003848E+00
5.725000E+01 1.004849E+00
5.750000E+01 1.003144E+00
5.775000E+01 1.004411E+00
5.800000E+01 1.004099E+00
5.825000E+01 1.003724E+00
5.850000E+01 1.004429E+00
5.875000E+01 1.003334E+00
5.900000E+01 1.004150E+00
5.925000E+01 1.004309E+00
5.950000E+01 1.003612E+00
5.975000E+01 1.003715E+00
6.000000E+01 1.004842E+00
6.025000E+01 1.005398E+00
6.050000E+01 1.004237E+00
6.075000E+01 1.004099E+00
6.100000E+01 1.003295E+00
6.125000E+01 1.002652E+00
6.150000E+01 1.003039E+00
6.175000E+01 1.002932E+00
6.200000E+01 1.002845E+00
6.225000E+01 1.003826E+00
6.250000E+01 1.003431E+00
6.275000E+01 1.003844E+00
6.300000E+01 1.002367E+00
6.325000E+01 1.003180E+00
6.350000E+01 1.004570E+00
6.375000E+01 1.002893E+00
6.400000E+01 1.003554E+00
6.425000E+01 1.004016E+00
6.450000E+01 1.003170E+00
6.475000E+01 1.003543E+00
6.500000E+01 1.003987E+00
6.525000E+01 1.003867E+00
6.550000E+01 1.002681E+00
6.575000E+01 1.002686E+00
6.600000E+01 1.004100E+00
6.625000E+01 1.004194E+00
6.650000E+01 1.002931E+00
6.675000E+01 1.002992E+00
6.700000E+01 1.002203E+00
6.725000E+01 1.002253E+00
6.750000E+01 1.003716E+00
6.775000E+01 1.002873E+00
6.800000E+01 1.003267E+00
6.825000E+01 1.002666E+00
6.850000E+01 1.002996E+00
6.875000E+01 1.003988E+00
6.900000E+01 1.003651E+00
6.925000E+01 1.003559E+00
6.950000E+01 1.003765E+00
6.975000E+01 1.003333E+00
7.000000E+01 1.002423E+00
7.025000E+01 1.001686E+00
7.050000E+01 1.002328E+00
7.075000E+01 1.003178E+00
7.100000E+01 1.003113E+00
7.125000E+01 1.002828E+00
7.150000E+01 1.003004E+00
7.175000E+01 1.002339E+00
7.200000E+01 1.003300E+00
7.225000E+01 1.002366E+00
7.250000E+01 1.003536E+00
7.275000E+01 1.002220E+00
7.300000E+01 1.002727E+00
7.325000E+01 1.003554E+00
7.350000E+01 1.002856E+00
7.375000E+01 1.002075E+00
7.400000E+01 1.003097E+00
7.425000E+01 1.003279E+00
7.450000E+01 1.003191E+00
7.475000E+01 1.003353E+00
7.500000E+01 1.003120E+00
7.525000E+01 1.001324E+00
7.550000E+01 1.003285E+00
7.575000E+01 1.002775E+00
7.600000E+01 1.003020E+00
7.625000E+01 1.002259E+00
7.650000E+01 1.001720E+00
7.675000E+01 1.003108E+00
7.700000E+01 1.002730E+00
7.725000E+01 1.003128E+00
7.750000E+01 1.002873E+00
7.775000E+01 1.002785E+00
7.800000E+01 1.003233E+00
7.825000E+01 1.002020E+00
7.850000E+01 1.003115E+00
7.875000E+01 1.003411E+00
7.900000E+01 1.003387E+00
7.925000E+01 1.002361E+00
7.950000E+01 1.002744E+00
7.975000E+01 1.002908E+00
8.000000E+01 1.002455E+00
8.025000E+01 1.001989E+00
8.050000E+01 1.002239E+00
8.075000E+01 1.002419E+00
8.100000E+01 1.002726E+00
8.125000E+01 1.002337E+00
8.150000E+01 1.002247E+00
8.175000E+01 1.002162E+00
8.200000E+01 1.002844E+00
8.225000E+01 1.002876E+00
8.250000E+01 1.002823E+00
8.275000E+01 1.002941E+00
8.300000E+01 1.003491E+00
8.325000E+01 1.001545E+00
8.350000E+01 1.002589E+00
8.375000E+01 1.002265E+00
8.400000E+01 1.002872E+00
8.425000E+01 1.002088E+00
8.450000E+01 1.002138E+00
8.475000E+01 1.002650E+00
8.500000E+01 1.002258E+00
8.525000E+01 1.002876E+00
8.550000E+01 1.002034E+00
8.575000E+01 1.001392E+00
8.600000E+01 1.001961E+00
8.625000E+01 1.003824E+00
8.650000E+01 1.001486E+00
8.675000E+01 1.002224E+00
8.700000E+01 1.002732E+00
8.725000E+01 1.002768E+00
8.750000E+01 1.001500E+00
8.775000E+01 1.002961E+00
8.800000E+01 1.001823E+00
8.825000E+01 1.002588E+00
8.850000E+01 1.002575E+00
8.875000E+01 1.002663E+00
8.900000E+01 1.002188E+00
8.925000E+01 1.001470E+00
8.950000E+01 1.001557E+00
8.975000E+01 1.002037E+00
9.000000E+01 1.001657E+00
9.025000E+01 1.002527E+00
9.050000E+01 1.001860E+00
9.075000E+01 1.003007E+00
9.100000E+01 1.002497E+00
9.125000E+01 1.002609E+00
9.150000E+01 1.003015E+00
9.175000E+01 1.002147E+00
9.200000E+01 1.002167E+00
9.225000E+01 1.001607E+00
9.250000E+01 1.003363E+00
9.275000E+01 1.001988E+00
9.300000E+01 1.002040E+00
9.325000E+01 1.002199E+00
9.350000E+01 1.002738E+00
9.375000E+01 1.001850E+00
9.400000E+01 1.002873E+00
9.425000E+01 1.002368E+00
9.450000E+01 1.002068E+00
9.475000E+01 1.002381E+00
9.500000E+01 1.002847E+00
9.525000E+01 1.002284E+00
9.550000E+01 1.002030E+00
9.575000E+01 1.002687E+00
9.600000E+01 1.001205E+00
9.625000E+01 1.002162E+00
9.650000E+01 1.002072E+00
9.675000E+01 1.002389E+00
9.700000E+01 1.003139E+00
9.725000E+01 1.002721E+00
9.750000E+01 1.001886E+00
9.775000E+01 1.002186E+00
9.800000E+01 1.003190E+00
9.825000E+01 1.001490E+00
9.850000E+01 1.001413E+00
9.875000E+01 1.002146E+00
9.900000E+01 1.002117E+00
9.925000E+01 1.002266E+00
9.950000E+01 1.002069E+00
9.975000E+01 1.001940E+00
1.000000E+02 1.001929E+00
1.002500E+02 1.002958E+00
1.005000E+02 1.001777E+00
1.007500E+02 1.002083E+00
1.010000E+02 1.002619E+00
1.012500E+02 1.002151E+00
1.015000E+02 1.002310E+00
1.017500E+02 1.001174E+00
1.020000E+02 1.002184E+00
1.022500E+02 1.001378E+00
1.025000E+02 1.001323E+00
1.027500E+02 1.001366E+00
1.030000E+02 1.001938E+00
1.032500E+02 1.001253E+00
1.035000E+02 1.002457E+00
1.037500E+02 1.001533E+00
1.040000E+02 1.002609E+00
1.042500E+02 1.002629E+00
1.045000E+02 1.001650E+00
1.047500E+02 1.001207E+00
1.050000E+02 1.002153E+00
1.052500E+02 1.001620E+00
1.055000E+02 1.002125E+00
1.057500E+02 1.001898E+00
1.060000E+02 1.002080E+00
1.062500E+02 1.002039E+00
1.065000E+02 1.001377E+00
1.067500E+02 1.001676E+00
1.070000E+02 1.002350E+00
1.072500E+02 1.002299E+00
1.075000E+02 1.001506E+00
1.077500E+02 1.002596E+00
1.080000E+02 1.001672E+00
1.082500E+02 1.002165E+00
1.085000E+02 1.001226E+00
1.087500E+02 1.002681E+00
1.090000E+02 1.001879E+00
1.092500E+02 1.001598E+00
1.095000E+02 1.001759E+00
1.097500E+02 1.001889E+00
1.100000E+02 1.001543E+00
1.102500E+02 1.001518E+00
1.105000E+02 1.001622E+00
1.107500E+02 1.001470E+00
1.110000E+02 1.000958E+00
1.112500E+02 1.001575E+00
1.115000E+02 1.001689E+00
1.117500E+02 1.001370E+00
1.120000E+02 1.001373E+00
1.122500E+02 1.002220E+00
1.125000E+02 1.002053E+00
1.127500E+02 1.002525E+00
1.130000E+02 1.002548E+00
1.132500E+02 1.000951E+00
1.135000E+02 1.001987E+00
1.137500E+02 1.001992E+00
1.140000E+02 1.001925E+00
1.142500E+02 1.001861E+00
1.145000E+02 1.002603E+00
1.147500E+02 1.001591E+00
1.150000E+02 1.001585E+00
1.152500E+02 1.002279E+00
1.155000E+02 1.001784E+00
1.157500E+02 1.002366E+00
1.160000E+02 1.002466E+00
1.162500E+02 1.001543E+00
1.165000E+02 1.001522E+00
1.167500E+02 1.001835E+00
1.170000E+02 1.001381E+00
1.172500E+02 1.001385E+00
1.175000E+02 1.001878E+00
1.177500E+02 1.001505E+00
1.180000E+02 1.001713E+00
1.182500E+02 1.001430E+00
1.185000E+02 1.002223E+00
1.187500E+02 1.002300E+00
1.190000E+02 1.000931E+00
1.192500E+02 1.001294E+00
1.195000E+02 1.001660E+00
1.197500E+02 1.001651E+00
1.200000E+02 1.001503E+00
1.202500E+02 1.001603E+00
1.205000E+02 1.001763E+00
1.207500E+02 1.002164E+00
1.210000E+02 1.001051E+00
1.212500E+02 1.001823E+00
1.215000E+02 1.001598E+00
1.217500E+02 1.002006E+00
1.220000E+02 1.001489E+00
1.222500E+02 1.002494E+00
1.225000E+02 1.001653E+00
1.227500E+02 1.001764E+00
1.230000E+02 1.002191E+00
1.232500E+02 1.002473E+00
1.235000E+02 1.001771E+00
1.237500E+02 1.001523E+00
1.240000E+02 1.002152E+00
1.242500E+02 1.001634E+00
1.245000E+02 1.001914E+00
1.247500E+02 1.001737E+00
1.250000E+02 9.993755E-01
1.252500E+02 9.927591E-01
1.255000E+02 9.860881E-01
1.257500E+02 9.812906E-01
1.260000E+02 9.754500E-01
1.262500E+02 9.690147E-01
1.265000E+02 9.629716E-01
1.267500E+02 9.572033E-01
1.270000E+02 9.519730E-01
1.272500E+02 9.462759E-01
1.275000E+02 9.395833E-01
1.277500E+02 9.342255E-01
1.280000E+02 9.287126E-01
1.282500E+02 9.223580E-01
1.285000E+02 9.173814E-01
1.287500E+02 9.110902E-01
1.290000E+02 9.056158E-01
1.292500E+02 9.004185E-01
1.295000E+02 8.942100E-01
1.297500E+02 8.888853E-01
1.300000E+02 8.828211E-01
1.302500E+02 8.782749E-01
1.305000E+02 8.719365E-01
1.307500E+02 8.669921E-01
1.310000E+02 8.607340E-01
1.312500E+02 8.553378E-01
1.315000E+02 8.505147E-01
1.317500E+02 8.446422E-01
1.320000E+02 8.395216E-01
1.322500E+02 8.339956E-01
1.325000E+02 8.289410E-01
1.327500E+02 8.236886E-01
1.330000E+02 8.183715E-01
1.332500E+02 8.123553E-01
1.335000E+02 8.073390E-01
1.337500E+02 8.024785E-01
1.340000E+02 7.964172E-01
1.342500E+02 7.919477E-01
1.345000E+02 7.870268E-01
1.347500E+02 7.813207E-01
1.350000E+02 7.758465E-01
1.352500E+02 7.711971E-01
1.355000E+02 7.660014E-01
1.357500E+02 7.611955E-01
1.360000E+02 7.562721E-01
1.362500E+02 7.504626E-01
1.365000E+02 7.454466E-01
1.367500E+02 7.402317E-01
1.370000E+02 7.354760E-01
1.372500E+02 7.309600E-01
1.375000E+02 7.263088E-01
1.377500E+02 7.205527E-01
1.380000E+02 7.161004E-01
1.382500E+02 7.108973E-01
1.385000E+02 7.060460E-01
1.387500E+02 7.009482E-01
1.390000E+02 6.964190E-01
1.392500E+02 6.916061E-01
1.395000E+02 6.861557E-01
1.397500E+02 6.824299E-01
1.400000E+02 6.765601E-01
1.402500E+02 6.720867E-01
1.405000E+02 6.670078E-01
1.407500E+02 6.622848E-01
1.410000E+02 6.580546E-01
1.412500E+02 6.527062E-01
1.415000E+02 6.483240E-01
1.417500E+02 6.434348E-01
1.420000E+02 6.394546E-01
1.422500E+02 6.347696E-01
1.425000E+02 6.297099E-01
1.427500E+02 6.253801E-01
1.430000E+02 6.206878E-01
1.432500E+02 6.161610E-01
1.435000E+02 6.118785E-01
1.437500E+02 6.069625E-01
1.440000E+02 6.024171E-01
1.442500E+02 5.980568E-01
1.445000E+02 5.934885E-01
1.447500E+02 5.890104E-01
1.450000E+02 5.843710E-01
1.452500E+02 5.800334E-01
1.455000E+02 5.760571E-01
1.457500E+02 5.714200E-01
1.460000E+02 5.669529E-01
1.462500E+02 5.624144E-01
1.465000E+02 5.586118E-01
1.467500E+02 5.533964E-01
1.470000E+02 5.492296E-01
1.472500E+02 5.452104E-01
1.475000E+02 5.407833E-01
1.477500E+02 5.363869E-01
1.480000E+02 5.321960E-01
1.482500E+02 5.278790E-01
1.485000E+02 5.235067E-01
1.487500E+02 5.193421E-01
1.490000E+02 5.154632E-01
1.492500E+02 5.110708E-01
1.495000E+02 5.065681E-01
1.497500E+02 5.025488E-01
1.500000E+02 4.983535E-01
1.502500E+02 4.944880E-01
1.505000E+02 4.904504E-01
1.507500E+02 4.862958E-01
1.510000E+02 4.820253E-01
1.512500E+02 4.777163E-01
1.515000E+02 4.738201E-01
1.517500E+02 4.698236E-01
1.520000E+02 4.656718E-01
1.522500E+02 4.616175E-01
1.525000E+02 4.576225E-01
1.527500E+02 4.534313E-01
1.530000E+02 4.494130E-01
1.532500E+02 4.452410E-01
1.535000E+02 4.417222E-01
1.537500E+02 4.376102E-01
1.540000E+02 4.337312E-01
1.542500E+02 4.295805E-01
1.545000E+02 4.258122E-01
1.547500E+02 4.216528E-01
1.550000E+02 4.177935E-01
1.552500E+02 4.143062E-01
1.555000E+02 4.100335E-01
1.557500E+02 4.062062E-01
1.560000E+02 4.023632E-01
1.562500E+02 3.983768E-01
1.565000E+02 3.948871E-01
1.567500E+02 3.906717E-01
1.570000E+02 3.875044E-01
1.572500E+02 3.834611E-01
1.575000E+02 3.796066E-01
1.577500E+02 3.757257E-01
1.580000E+02 3.717169E-01
1.582500E+02 3.682462E-01
1.585000E+02 3.645659E-01
1.587500E+02 3.605591E-01
1.590000E+02 3.570624E-01
1.592500E+02 3.533292E-01
1.595000E+02 3.498464E-01
1.597500E+02 3.455919E-01
1.600000E+02 3.421820E-01
1.602500E+02 3.386582E-01
1.605000E+02 3.348321E-01
1.607500E+02 3.311922E-01
1.610000E+02 3.276686E-01
1.612500E+02 3.240708E-01
1.615000E+02 3.204472E-01
1.617500E+02 3.169217E-01
1.620000E+02 3.131695E-01
1.622500E+02 3.099865E-01
1.625000E+02 3.062125E-01
1.627500E+02 3.027361E-01
1.630000E+02 2.991189E-01
1.632500E+02 2.954853E-01
1.635000E+02 2.922261E-01
1.637500E+02 2.885797E-01
1.640000E+02 2.850233E-01
1.642500E+02 2.815889E-01
1.645000E+02 2.782684E-01
1.647500E+02 2.747548E-01
1.650000E+02 2.713685E-01
1.652500E+02 2.678108E-01
1.655000E+02 2.643227E-01
1.657500E+02 2.611117E-01
1.660000E+02 2.574772E-01
1.662500E+02 2.544992E-01
1.665000E+02 2.508089E-01
1.667500E+02 2.473248E-01
1.670000E+02 2.441190E-01
1.672500E+02 2.407248E-01
1.675000E+02 2.373738E-01
1.677500E+02 2.340104E-01
1.680000E+02 2.308011E-01
1.682500E+02 2.273577E-01
1.685000E+02 2.239500E-01
1.687500E+02 2.206238E-01
1.690000E+02 2.175267E-01
1.692500E+02 2.141647E-01
1.695000E+02 2.110013E-01
1.697500E+02 2.078424E-01
1.700000E+02 2.045700E-01
1.702500E+02 2.016522E-01
1.705000E+02 1.978972E-01
1.707500E+02 1.948936E-01
1.710000E+02 1.915714E-01
1.712500E+02 1.884559E-01
1.715000E+02 1.849131E-01
1.717500E+02 1.819440E-01
1.720000E+02 1.788148E-01
1.722500E+02 1.757456E-01
1.725000E+02 1.726458E-01
1.727500E+02 1.692115E-01
1.730000E+02 1.663197E-01
1.732500E+02 1.631377E-01
1.735000E+02 1.599831E-01
1.737500E+02 1.570477E-01
1.740000E+02 1.538462E-01
1.742500E+02 1.506438E-01
1.745000E+02 1.477157E-01
1.747500E+02 1.445080E-01
1.750000E+02 1.413019E-01
1.752500E+02 1.385318E-01
1.755000E+02 1.353662E-01
1.757500E+02 1.324557E-01
1.760000E+02 1.291926E-01
1.762500E+02 1.262851E-01
1.765000E+02 1.231788E-01
1.767500E+02 1.203351E-01
1.770000E+02 1.176553E-01
1.772500E+02 1.149994E-01
1.775000E+02 1.124196E-01
1.777500E+02 1.099801E-01
1.780000E+02 1.078883E-01
1.782500E+02 1.054804E-01
1.785000E+02 1.031407E-01
1.787500E+02 1.010772E-01
1.790000E+02 9.896895E-02
1.792500E+02 9.697862E-02
1.795000E+02 9.494553E-02
1.797500E+02 9.278111E-02
1.800000E+02 9.099314E-02
1.802500E+02 8.911123E-02
1.805000E+02 8.724315E-02
1.807500E+02 8.566606E-02
1.810000E+02 8.372519E-02
1.812500E+02 8.185395E-02
1.815000E+02 8.023084E-02
1.817500E+02 7.873222E-02
1.820000E+02 7.703766E-02
1.822500E+02 7.541173E-02
1.825000E+02 7.378019E-02
1.827500E+02 7.226535E-02
1.830000E+02 7.082131E-02
1.832500E+02 6.939022E-02
1.835000E+02 6.784203E-02
1.837500E+02 6.649245E-02
1.840000E+02 6.509648E-02
1.842500E+02 6.365785E-02
1.845000E+02 6.225057E-02
1.847500E+02 6.090315E-02
1.850000E+02 5.970109E-02
1.852500E+02 5.832192E-02
1.855000E+02 5.718446E-02
1.857500E+02 5.594356E-02
1.860000E+02 5.464903E-02
1.862500E+02 5.342857E-02
1.865000E+02 5.234062E-02
1.867500E+02 5.125488E-02
1.870000E+02 4.999127E-02
1.872500E+02 4.900595E-02
1.875000E+02 4.782514E-02
1.877500E+02 4.684257E-02
1.880000E+02 4.569171E-02
1.882500E+02 4.466572E-02
1.885000E+02 4.359365E-02
1.887500E+02 4.248150E-02
1.890000E+02 4.159571E-02
1.892500E+02 4.071618E-02
1.895000E+02 3.971636E-02
1.897500E+02 3.876070E-02
1.900000E+02 3.791982E-02
1.902500E+02 3.693379E-02
1.905000E+02 3.609192E-02
1.907500E+02 3.523838E-02
1.910000E+02 3.432254E-02
1.912500E+02 3.347654E-02
1.915000E+02 3.265838E-02
1.917500E+02 3.198511E-02
1.920000E+02 3.114904E-02
1.922500E+02 3.033894E-02
1.925000E+02 2.952386E-02
1.927500E+02 2.881316E-02
1.930000E+02 2.805082E-02
1.932500E+02 2.730172E-02
1.935000E+02 2.659152E-02
1.937500E+02 2.603331E-02
1.940000E+02 2.526401E-02
1.942500E+02 2.451890E-02
1.945000E+02 2.389823E-02
1.947500E+02 2.325557E-02
1.950000E+02 2.258877E-02
1.952500E+02 2.203156E-02
1.955000E+02 2.136532E-02
1.957500E+02 2.076658E-02
1.960000E+02 2.019068E-02
1.962500E+02 1.964691E-02
1.965000E+02 1.905881E-02
1.967500E+02 1.847811E-02
1.970000E+02 1.790539E-02
1.972500E+02 1.742086E-02
1.975000E+02 1.686184E-02
1.977500E+02 1.637729E-02
1.980000E+02 1.585415E-02
1.982500E+02 1.532495E-02
1.985000E+02 1.484937E-02
1.987500E+02 1.440195E-02
1.990000E+02 1.387324E-02
1.992500E+02 1.349791E-02
1.995000E+02 1.299915E-02
1.997500E+02 1.258658E-02
2.000000E+02 1.218236E-02
2.002500E+02 1.173370E-02
2.005000E+02 1.132252E-02
2.007500E+02 1.099177E-02
2.010000E+02 1.056466E-02
2.012500E+02 1.015468E-02
2.015000E+02 9.805519E-03
2.017500E+02 9.409301E-03
2.020000E+02 9.042544E-03
2.022500E+02 8.717414E-03
2.025000E+02 8.341588E-03
2.027500E+02 8.084946E-03
2.030000E+02 7.709532E-03
2.032500E+02 7.382179E-03
2.035000E+02 7.100003E-03
2.037500E+02 6.790823E-03
2.040000E+02 6.513955E-03
2.042500E+02 6.233867E-03
2.045000E+02 5.942196E-03
2.047500E+02 5.704658E-03
2.050000E+02 5.409248E-03
2.052500E+02 5.133336E-03
2.055000E+02 4.952172E-03
2.057500E+02 4.665132E-03
2.060000E+02 4.417280E-03
2.062500E+02 4.197022E-03
2.065000E+02 3.997373E-03
2.067500E+02 3.784797E-03
2.070000E+02 3.551368E-03
2.072500E+02 3.364578E-03
2.075000E+02 3.156159E-03
2.077500E+02 2.976647E-03
2.080000E+02 2.816342E-03
2.082500E+02 2.604952E-03
2.085000E+02 2.455901E-03
2.087500E+02 2.298673E-03
2.090000E+02 2.137220E-03
2.092500E+02 2.009087E-03
2.095000E+02 1.856953E-03
2.097500E+02 1.709240E-03
2.100000E+02 1.575349E-03
2.102500E+02 1.441968E-03
2.105000E+02 1.343263E-03
2.107500E+02 1.217327E-03
2.110000E+02 1.109292E-03
2.112500E+02 1.000428E-03
2.115000E+02 9.000006E-04
2.117500E+02 8.071853E-04
2.120000E+02 7.232975E-04
2.122500E+02 6.356666E-04
2.125000E+02 5.644694E-04
2.127500E+02 4.879698E-04
2.130000E+02 4.265002E-04
2.132500E+02 3.652377E-04
2.135000E+02 3.080706E-04
2.137500E+02 2.614636E-04
2.140000E+02 2.068181E-04
2.142500E+02 1.651159E-04
2.145000E+02 1.278927E-04
2.147500E+02 9.754968E-05
2.150000E+02 6.867784E-05
2.152500E+02 4.474193E-05
2.155000E+02 2.874605E-05
2.157500E+02 1.503924E-05
2.160000E+02 5.738133E-06
2.162500E+02 1.121766E-06
