2.500000E-01 0.000000E+00
5.000000E-01 0.000000E+00
7.500000E-01 0.000000E+00
1.000000E+00 0.000000E+00
1.250000E+00 0.000000E+00
1.500000E+00 0.000000E+00
1.750000E+00 0.000000E+00
2.000000E+00 0.000000E+00
2.250000E+00 0.000000E+00
2.500000E+00 0.000000E+00
2.750000E+00 0.000000E+00
3.000000E+00 0.000000E+00
3.250000E+00 0.000000E+00
3.500000E+00 4.144249E-02
3.750000E+00 3.351362E+00
4.000000E+00 2.515482E+01
4.250000E+00 5.016460E+01
4.500000E+00 5.080483E+01
4.750000E+00 3.811473E+01
5.000000E+00 2.574741E+01
5.250000E+00 1.714279E+01
5.500000E+00 1.177288E+01
5.750000E+00 8.627188E+00
6.000000E+00 6.926381E+00
6.250000E+00 5.923490E+00
6.500000E+00 5.156817E+00
6.750000E+00 4.380069E+00
7.000000E+00 3.693613E+00
7.250000E+00 3.138041E+00
7.500000E+00 2.833721E+00
7.750000E+00 2.787953E+00
8.000000E+00 3.058066E+00
8.250000E+00 3.527915E+00
8.500000E+00 3.864070E+00
8.750000E+00 3.854793E+00
9.000000E+00 3.554212E+00
9.250000E+00 3.100558E+00
9.500000E+00 2.681026E+00
9.750000E+00 2.339436E+00
1.000000E+01 2.070497E+00
1.025000E+01 1.881475E+00
1.050000E+01 1.727921E+00
1.075000E+01 1.614709E+00
1.100000E+01 1.517578E+00
1.125000E+01 1.438703E+00
1.150000E+01 1.379574E+00
1.175000E+01 1.348083E+00
1.200000E+01 1.331582E+00
1.225000E+01 1.338005E+00
1.250000E+01 1.339007E+00
1.275000E+01 1.334538E+00
1.300000E+01 1.325425E+00
1.325000E+01 1.297560E+00
1.350000E+01 1.264987E+00
1.375000E+01 1.232144E+00
1.400000E+01 1.196270E+00
1.425000E+01 1.170066E+00
1.450000E+01 1.145868E+00
1.475000E+01 1.125391E+00
1.500000E+01 1.108534E+00
1.525000E+01 1.097281E+00
1.550000E+01 1.086094E+00
1.575000E+01 1.076402E+00
1.600000E+01 1.072861E+00
1.625000E+01 1.068286E+00
1.650000E+01 1.066303E+00
1.675000E+01 1.061314E+00
1.700000E+01 1.059818E+00
1.725000E+01 1.055756E+00
1.750000E+01 1.053497E+00
1.775000E+01 1.046044E+00
1.800000E+01 1.046205E+00
1.825000E+01 1.040205E+00
1.850000E+01 1.037267E+00
1.875000E+01 1.033160E+00
1.900000E+01 1.029315E+00
1.925000E+01 1.026708E+00
1.950000E+01 1.023936E+00
1.975000E+01 1.023027E+00
2.000000E+01 1.022861E+00
2.025000E+01 1.020349E+00
2.050000E+01 1.019512E+00
2.075000E+01 1.019698E+00
2.100000E+01 1.016067E+00
2.125000E+01 1.017590E+00
2.150000E+01 1.017018E+00
2.175000E+01 1.017379E+00
2.200000E+01 1.015881E+00
2.225000E+01 1.012207E+00
2.250000E+01 1.014139E+00
2.275000E+01 1.013469E+00
2.300000E+01 1.012437E+00
2.325000E+01 1.009989E+00
2.350000E+01 1.012254E+00
2.375000E+01 1.011684E+00
2.400000E+01 1.010117E+00
2.425000E+01 1.010681E+00
2.450000E+01 1.009850E+00
2.475000E+01 1.010050E+00
2.500000E+01 1.009290E+00
2.525000E+01 1.007485E+00
2.550000E+01 1.007937E+00
2.575000E+01 1.007857E+00
2.600000E+01 1.008595E+00
2.625000E+01 1.006534E+00
2.650000E+01 1.007692E+00
2.675000E+01 1.008517E+00
2.700000E+01 1.006649E+00
2.725000E+01 1.007162E+00
2.750000E+01 1.007356E+00
2.775000E+01 1.006840E+00
2.800000E+01 1.007298E+00
2.825000E+01 1.006404E+00
2.850000E+01 1.007720E+00
2.875000E+01 1.007167E+00
2.900000E+01 1.007380E+00
2.925000E+01 1.005788E+00
2.950000E+01 1.006427E+00
2.975000E+01 1.006845E+00
3.000000E+01 1.006449E+00
3.025000E+01 1.005983E+00
3.050000E+01 1.005423E+00
3.075000E+01 1.004778E+00
3.100000E+01 1.005239E+00
3.125000E+01 1.006755E+00
3.150000E+01 1.006705E+00
3.175000E+01 1.004089E+00
3.200000E+01 1.007203E+00
3.225000E+01 1.005753E+00
3.250000E+01 1.006111E+00
3.275000E+01 1.005145E+00
3.300000E+01 1.006405E+00
3.325000E+01 1.005960E+00
3.350000E+01 1.005979E+00
3.375000E+01 1.005575E+00
3.400000E+01 1.005422E+00
3.425000E+01 1.004529E+00
3.450000E+01 1.005178E+00
3.475000E+01 1.006064E+00
3.500000E+01 1.005369E+00
3.525000E+01 1.004852E+00
3.550000E+01 1.005139E+00
3.575000E+01 1.004714E+00
3.600000E+01 1.005103E+00
3.625000E+01 1.005391E+00
3.650000E+01 1.003713E+00
3.675000E+01 1.005919E+00
3.700000E+01 1.004942E+00
3.725000E+01 1.004752E+00
3.750000E+01 1.004780E+00
3.775000E+01 1.005525E+00
3.800000E+01 1.004026E+00
3.825000E+01 1.006009E+00
3.850000E+01 1.004751E+00
3.875000E+01 1.004730E+00
3.900000E+01 1.003783E+00
3.925000E+01 1.004282E+00
3.950000E+01 1.002740E+00
3.975000E+01 1.005232E+00
4.000000E+01 1.004110E+00
4.025000E+01 1.004156E+00
4.050000E+01 1.004169E+00
4.075000E+01 1.005623E+00
4.100000E+01 1.003598E+00
4.125000E+01 1.004320E+00
4.150000E+01 1.003711E+00
4.175000E+01 1.003535E+00
4.200000E+01 1.004035E+00
4.225000E+01 1.003090E+00
4.250000E+01 1.003710E+00
4.275000E+01 1.003042E+00
4.300000E+01 1.004209E+00
4.325000E+01 1.003612E+00
4.350000E+01 1.002494E+00
4.375000E+01 1.004275E+00
4.400000E+01 1.003017E+00
4.425000E+01 1.003111E+00
4.450000E+01 1.003576E+00
4.475000E+01 1.003360E+00
4.500000E+01 1.004011E+00
4.525000E+01 1.003807E+00
4.550000E+01 1.002937E+00
4.575000E+01 1.003298E+00
4.600000E+01 1.002865E+00
4.625000E+01 1.003473E+00
4.650000E+01 1.002553E+00
4.675000E+01 1.003365E+00
4.700000E+01 1.002533E+00
4.725000E+01 1.003675E+00
4.750000E+01 1.003671E+00
4.775000E+01 1.003089E+00
4.800000E+01 1.003113E+00
4.825000E+01 1.003349E+00
4.850000E+01 1.003857E+00
4.875000E+01 1.003486E+00
4.900000E+01 1.003667E+00
4.925000E+01 1.002562E+00
4.950000E+01 1.003066E+00
4.975000E+01 1.003038E+00
5.000000E+01 1.002781E+00
5.025000E+01 1.002392E+00
5.050000E+01 1.002993E+00
5.075000E+01 1.003431E+00
5.100000E+01 1.002655E+00
5.125000E+01 1.002965E+00
5.150000E+01 1.003079E+00
5.175000E+01 1.002811E+00
5.200000E+01 1.003265E+00
5.225000E+01 1.002347E+00
5.250000E+01 1.003114E+00
5.275000E+01 1.002011E+00
5.300000E+01 1.002428E+00
5.325000E+01 1.002388E+00
5.350000E+01 1.002742E+00
5.375000E+01 1.002657E+00
5.400000E+01 1.002588E+00
5.425000E+01 1.002758E+00
5.450000E+01 1.003156E+00
5.475000E+01 1.002073E+00
5.500000E+01 1.002298E+00
5.525000E+01 1.003183E+00
5.550000E+01 1.002892E+00
5.575000E+01 1.002661E+00
5.600000E+01 1.003121E+00
5.625000E+01 1.002382E+00
5.650000E+01 1.002102E+00
5.675000E+01 1.002400E+00
5.700000E+01 1.002309E+00
5.725000E+01 1.002793E+00
5.750000E+01 1.002833E+00
5.775000E+01 1.002052E+00
5.800000E+01 1.002679E+00
5.825000E+01 1.002029E+00
5.850000E+01 1.002205E+00
5.875000E+01 1.002683E+00
5.900000E+01 1.002413E+00
5.925000E+01 1.002468E+00
5.950000E+01 1.002481E+00
5.975000E+01 1.002589E+00
6.000000E+01 1.002627E+00
6.025000E+01 1.002722E+00
6.050000E+01 1.002046E+00
6.075000E+01 1.002335E+00
6.100000E+01 1.002455E+00
6.125000E+01 1.001828E+00
6.150000E+01 1.002170E+00
6.175000E+01 1.002295E+00
6.200000E+01 1.001727E+00
6.225000E+01 1.002146E+00
6.250000E+01 1.002307E+00
6.275000E+01 1.002186E+00
6.300000E+01 1.002481E+00
6.325000E+01 1.002338E+00
6.350000E+01 1.002747E+00
6.375000E+01 1.002132E+00
6.400000E+01 1.002092E+00
6.425000E+01 1.002323E+00
6.450000E+01 1.002281E+00
6.475000E+01 1.002160E+00
6.500000E+01 1.002004E+00
6.525000E+01 1.002347E+00
6.550000E+01 1.001953E+00
6.575000E+01 1.001778E+00
6.600000E+01 1.002057E+00
6.625000E+01 1.002053E+00
6.650000E+01 1.002244E+00
6.675000E+01 1.002213E+00
6.700000E+01 1.002291E+00
6.725000E+01 1.002039E+00
6.750000E+01 1.002785E+00
6.775000E+01 1.002304E+00
6.800000E+01 1.001778E+00
6.825000E+01 1.001905E+00
6.850000E+01 1.002093E+00
6.875000E+01 1.002542E+00
6.900000E+01 1.001765E+00
6.925000E+01 1.002139E+00
6.950000E+01 1.001240E+00
6.975000E+01 1.001835E+00
7.000000E+01 1.002469E+00
7.025000E+01 1.002081E+00
7.050000E+01 1.001373E+00
7.075000E+01 1.001841E+00
7.100000E+01 1.001460E+00
7.125000E+01 1.001562E+00
7.150000E+01 1.002141E+00
7.175000E+01 1.002045E+00
7.200000E+01 1.001952E+00
7.225000E+01 1.001279E+00
7.250000E+01 1.002379E+00
7.275000E+01 1.001369E+00
7.300000E+01 1.002373E+00
7.325000E+01 1.001983E+00
7.350000E+01 1.001649E+00
7.375000E+01 1.001477E+00
7.400000E+01 1.001518E+00
7.425000E+01 1.001742E+00
7.450000E+01 1.001478E+00
7.475000E+01 1.001668E+00
7.500000E+01 1.002070E+00
7.525000E+01 1.001828E+00
7.550000E+01 1.001584E+00
7.575000E+01 1.001442E+00
7.600000E+01 1.001407E+00
7.625000E+01 1.001067E+00
7.650000E+01 1.002179E+00
7.675000E+01 1.001627E+00
7.700000E+01 1.002021E+00
7.725000E+01 1.001846E+00
7.750000E+01 1.001055E+00
7.775000E+01 1.001729E+00
7.800000E+01 1.001645E+00
7.825000E+01 1.001437E+00
7.850000E+01 1.001222E+00
7.875000E+01 1.001720E+00
7.900000E+01 1.001591E+00
7.925000E+01 1.001340E+00
7.950000E+01 1.001739E+00
7.975000E+01 1.001677E+00
8.000000E+01 1.001580E+00
8.025000E+01 1.001469E+00
8.050000E+01 1.001600E+00
8.075000E+01 1.000727E+00
8.100000E+01 1.001928E+00
8.125000E+01 1.001423E+00
8.150000E+01 1.001271E+00
8.175000E+01 1.001105E+00
8.200000E+01 1.001612E+00
8.225000E+01 1.001331E+00
8.250000E+01 1.001230E+00
8.275000E+01 1.001518E+00
8.300000E+01 1.001649E+00
8.325000E+01 1.001247E+00
8.350000E+01 1.001141E+00
8.375000E+01 1.001242E+00
8.400000E+01 1.000806E+00
8.425000E+01 1.001303E+00
8.450000E+01 1.001105E+00
8.475000E+01 1.001081E+00
8.500000E+01 1.001029E+00
8.525000E+01 1.001355E+00
8.550000E+01 1.001551E+00
8.575000E+01 1.001185E+00
8.600000E+01 1.001867E+00
8.625000E+01 1.001550E+00
8.650000E+01 1.000936E+00
8.675000E+01 1.001113E+00
8.700000E+01 1.001144E+00
8.725000E+01 1.001429E+00
8.750000E+01 1.000708E+00
8.775000E+01 1.001179E+00
8.800000E+01 1.001055E+00
8.825000E+01 1.000688E+00
8.850000E+01 1.001161E+00
8.875000E+01 1.000797E+00
8.900000E+01 1.001174E+00
8.925000E+01 1.001199E+00
8.950000E+01 1.000631E+00
8.975000E+01 1.000921E+00
9.000000E+01 1.000691E+00
9.025000E+01 1.000779E+00
9.050000E+01 1.001293E+00
9.075000E+01 1.001227E+00
9.100000E+01 1.001373E+00
9.125000E+01 1.001282E+00
9.150000E+01 1.000815E+00
9.175000E+01 1.000899E+00
9.200000E+01 1.001062E+00
9.225000E+01 1.001388E+00
9.250000E+01 1.001166E+00
9.275000E+01 1.001062E+00
9.300000E+01 1.001142E+00
9.325000E+01 1.001096E+00
9.350000E+01 1.001372E+00
9.375000E+01 1.001094E+00
9.400000E+01 1.000699E+00
9.425000E+01 1.000653E+00
9.450000E+01 1.001217E+00
9.475000E+01 1.001158E+00
9.500000E+01 1.001218E+00
9.525000E+01 1.000304E+00
9.550000E+01 1.001052E+00
9.575000E+01 1.001204E+00
9.600000E+01 1.000944E+00
9.625000E+01 1.001152E+00
9.650000E+01 1.000765E+00
9.675000E+01 1.001076E+00
9.700000E+01 1.001023E+00
9.725000E+01 1.000720E+00
9.750000E+01 1.000614E+00
9.775000E+01 1.000988E+00
9.800000E+01 1.001064E+00
9.825000E+01 1.001088E+00
9.850000E+01 1.000627E+00
9.875000E+01 1.000840E+00
9.900000E+01 1.000858E+00
9.925000E+01 1.000830E+00
9.950000E+01 1.000887E+00
9.975000E+01 1.000752E+00
1.000000E+02 1.000692E+00
1.002500E+02 1.000738E+00
1.005000E+02 1.000948E+00
1.007500E+02 1.000663E+00
1.010000E+02 1.000731E+00
1.012500E+02 1.000461E+00
1.015000E+02 1.000799E+00
1.017500E+02 1.000600E+00
1.020000E+02 1.000625E+00
1.022500E+02 1.000588E+00
1.025000E+02 1.000717E+00
1.027500E+02 1.000869E+00
1.030000E+02 1.000582E+00
1.032500E+02 1.000512E+00
1.035000E+02 1.000646E+00
1.037500E+02 1.000855E+00
1.040000E+02 1.000544E+00
1.042500E+02 1.000779E+00
1.045000E+02 1.000625E+00
1.047500E+02 1.000308E+00
1.050000E+02 1.000655E+00
1.052500E+02 1.000636E+00
1.055000E+02 1.000634E+00
1.057500E+02 1.000889E+00
1.060000E+02 1.000367E+00
1.062500E+02 1.000566E+00
1.065000E+02 1.000552E+00
1.067500E+02 1.001037E+00
1.070000E+02 1.000722E+00
1.072500E+02 1.000720E+00
1.075000E+02 1.000565E+00
1.077500E+02 1.000527E+00
1.080000E+02 1.000332E+00
1.082500E+02 1.000891E+00
1.085000E+02 1.000606E+00
1.087500E+02 1.000426E+00
1.090000E+02 1.000841E+00
1.092500E+02 1.000331E+00
1.095000E+02 1.000662E+00
1.097500E+02 1.000339E+00
1.100000E+02 1.000536E+00
1.102500E+02 1.000237E+00
1.105000E+02 1.000455E+00
1.107500E+02 1.000759E+00
1.110000E+02 1.000599E+00
1.112500E+02 1.000579E+00
1.115000E+02 1.000785E+00
1.117500E+02 1.000714E+00
1.120000E+02 1.000631E+00
1.122500E+02 1.000686E+00
1.125000E+02 1.000972E+00
1.127500E+02 1.000107E+00
1.130000E+02 1.000275E+00
1.132500E+02 1.000458E+00
1.135000E+02 1.000526E+00
1.137500E+02 1.000390E+00
1.140000E+02 1.000500E+00
1.142500E+02 1.000410E+00
1.145000E+02 1.000512E+00
1.147500E+02 1.000650E+00
1.150000E+02 1.000536E+00
1.152500E+02 1.000428E+00
1.155000E+02 1.000406E+00
1.157500E+02 1.000721E+00
1.160000E+02 1.000745E+00
1.162500E+02 1.000460E+00
1.165000E+02 1.000440E+00
1.167500E+02 1.000471E+00
1.170000E+02 1.000470E+00
1.172500E+02 1.000493E+00
1.175000E+02 1.000324E+00
1.177500E+02 1.000665E+00
1.180000E+02 1.000249E+00
1.182500E+02 1.000473E+00
1.185000E+02 1.000488E+00
1.187500E+02 1.000364E+00
1.190000E+02 1.000675E+00
1.192500E+02 1.000708E+00
1.195000E+02 1.000373E+00
1.197500E+02 1.000255E+00
1.200000E+02 1.000277E+00
1.202500E+02 1.000370E+00
1.205000E+02 1.000320E+00
1.207500E+02 1.000478E+00
1.210000E+02 1.000371E+00
1.212500E+02 1.000217E+00
1.215000E+02 1.000228E+00
1.217500E+02 1.000612E+00
1.220000E+02 1.000175E+00
1.222500E+02 1.000411E+00
1.225000E+02 1.000372E+00
1.227500E+02 1.000483E+00
1.230000E+02 1.000224E+00
1.232500E+02 1.000350E+00
1.235000E+02 1.000155E+00
1.237500E+02 1.000408E+00
1.240000E+02 1.000571E+00
1.242500E+02 1.000187E+00
1.245000E+02 1.000360E+00
1.247500E+02 1.000262E+00
1.250000E+02 9.973341E-01
1.252500E+02 9.912031E-01
1.255000E+02 9.849465E-01
1.257500E+02 9.793236E-01
1.260000E+02 9.733660E-01
1.262500E+02 9.678169E-01
1.265000E+02 9.619507E-01
1.267500E+02 9.559929E-01
1.270000E+02 9.500336E-01
1.272500E+02 9.441960E-01
1.275000E+02 9.384289E-01
1.277500E+02 9.328230E-01
1.280000E+02 9.271554E-01
1.282500E+02 9.214512E-01
1.285000E+02 9.154499E-01
1.287500E+02 9.099126E-01
1.290000E+02 9.045476E-01
1.292500E+02 8.984873E-01
1.295000E+02 8.929481E-01
1.297500E+02 8.876080E-01
1.300000E+02 8.820673E-01
1.302500E+02 8.766514E-01
1.305000E+02 8.713384E-01
1.307500E+02 8.652545E-01
1.310000E+02 8.600593E-01
1.312500E+02 8.547602E-01
1.315000E+02 8.491748E-01
1.317500E+02 8.437029E-01
1.320000E+02 8.383795E-01
1.322500E+02 8.329151E-01
1.325000E+02 8.276118E-01
1.327500E+02 8.222682E-01
1.330000E+02 8.170506E-01
1.332500E+02 8.117513E-01
1.335000E+02 8.063200E-01
1.337500E+02 8.013030E-01
1.340000E+02 7.958476E-01
1.342500E+02 7.907731E-01
1.345000E+02 7.856888E-01
1.347500E+02 7.807154E-01
1.350000E+02 7.753574E-01
1.352500E+02 7.700471E-01
1.355000E+02 7.649472E-01
1.357500E+02 7.599337E-01
1.360000E+02 7.546653E-01
1.362500E+02 7.496564E-01
1.365000E+02 7.447443E-01
1.367500E+02 7.399227E-01
1.370000E+02 7.347232E-01
1.372500E+02 7.297636E-01
1.375000E+02 7.246928E-01
1.377500E+02 7.198932E-01
1.380000E+02 7.149037E-01
1.382500E+02 7.098445E-01
1.385000E+02 7.052140E-01
1.387500E+02 7.003336E-01
1.390000E+02 6.955014E-01
1.392500E+02 6.905307E-01
1.395000E+02 6.859382E-01
1.397500E+02 6.809586E-01
1.400000E+02 6.762738E-01
1.402500E+02 6.712606E-01
1.405000E+02 6.668721E-01
1.407500E+02 6.618687E-01
1.410000E+02 6.571210E-01
1.412500E+02 6.527311E-01
1.415000E+02 6.479075E-01
1.417500E+02 6.432551E-01
1.420000E+02 6.383722E-01
1.422500E+02 6.339151E-01
1.425000E+02 6.293327E-01
1.427500E+02 6.246210E-01
1.430000E+02 6.201435E-01
1.432500E+02 6.155083E-01
1.435000E+02 6.110915E-01
1.437500E+02 6.062504E-01
1.440000E+02 6.020206E-01
1.442500E+02 5.974161E-01
1.445000E+02 5.929663E-01
1.447500E+02 5.886687E-01
1.450000E+02 5.838990E-01
1.452500E+02 5.797121E-01
1.455000E+02 5.753172E-01
1.457500E+02 5.704765E-01
1.460000E+02 5.665042E-01
1.462500E+02 5.619895E-01
1.465000E+02 5.575453E-01
1.467500E+02 5.532339E-01
1.470000E+02 5.489184E-01
1.472500E+02 5.446539E-01
1.475000E+02 5.401673E-01
1.477500E+02 5.357645E-01
1.480000E+02 5.315477E-01
1.482500E+02 5.272710E-01
1.485000E+02 5.229863E-01
1.487500E+02 5.188839E-01
1.490000E+02 5.148804E-01
1.492500E+02 5.101527E-01
1.495000E+02 5.062918E-01
1.497500E+02 5.021074E-01
1.500000E+02 4.978244E-01
1.502500E+02 4.938344E-01
1.505000E+02 4.895959E-01
1.507500E+02 4.855730E-01
1.510000E+02 4.812326E-01
1.512500E+02 4.773131E-01
1.515000E+02 4.732164E-01
1.517500E+02 4.690981E-01
1.520000E+02 4.649684E-01
1.522500E+02 4.608596E-01
1.525000E+02 4.571757E-01
1.527500E+02 4.530761E-01
1.530000E+02 4.488623E-01
1.532500E+02 4.450209E-01
1.535000E+02 4.409892E-01
1.537500E+02 4.369216E-01
1.540000E+02 4.329407E-01
1.542500E+02 4.291550E-01
1.545000E+02 4.250584E-01
1.547500E+02 4.210852E-01
1.550000E+02 4.173854E-01
1.552500E+02 4.134138E-01
1.555000E+02 4.095765E-01
1.557500E+02 4.058140E-01
1.560000E+02 4.018489E-01
1.562500E+02 3.980707E-01
1.565000E+02 3.941200E-01
1.567500E+02 3.904116E-01
1.570000E+02 3.864666E-01
1.572500E+02 3.827307E-01
1.575000E+02 3.790090E-01
1.577500E+02 3.751875E-01
1.580000E+02 3.713828E-01
1.582500E+02 3.675713E-01
1.585000E+02 3.640041E-01
1.587500E+02 3.602669E-01
1.590000E+02 3.564587E-01
1.592500E+02 3.529448E-01
1.595000E+02 3.491288E-01
1.597500E+02 3.453448E-01
1.600000E+02 3.417092E-01
1.602500E+02 3.380256E-01
1.605000E+02 3.345840E-01
1.607500E+02 3.308530E-01
1.610000E+02 3.272435E-01
1.612500E+02 3.236734E-01
1.615000E+02 3.200677E-01
1.617500E+02 3.165611E-01
1.620000E+02 3.130036E-01
1.622500E+02 3.094028E-01
1.625000E+02 3.057244E-01
1.627500E+02 3.023168E-01
1.630000E+02 2.986839E-01
1.632500E+02 2.950408E-01
1.635000E+02 2.916291E-01
1.637500E+02 2.881549E-01
1.640000E+02 2.846635E-01
1.642500E+02 2.812895E-01
1.645000E+02 2.776927E-01
1.647500E+02 2.743483E-01
1.650000E+02 2.710092E-01
1.652500E+02 2.674184E-01
1.655000E+02 2.639570E-01
1.657500E+02 2.606431E-01
1.660000E+02 2.573084E-01
1.662500E+02 2.539031E-01
1.665000E+02 2.504184E-01
1.667500E+02 2.470965E-01
1.670000E+02 2.437065E-01
1.672500E+02 2.403466E-01
1.675000E+02 2.370528E-01
1.677500E+02 2.337240E-01
1.680000E+02 2.303503E-01
1.682500E+02 2.270901E-01
1.685000E+02 2.238315E-01
1.687500E+02 2.204474E-01
1.690000E+02 2.171920E-01
1.692500E+02 2.139306E-01
1.695000E+02 2.107057E-01
1.697500E+02 2.075199E-01
1.700000E+02 2.041770E-01
1.702500E+02 2.009551E-01
1.705000E+02 1.977065E-01
1.707500E+02 1.945545E-01
1.710000E+02 1.912818E-01
1.712500E+02 1.881621E-01
1.715000E+02 1.848913E-01
1.717500E+02 1.817668E-01
1.720000E+02 1.786512E-01
1.722500E+02 1.753393E-01
1.725000E+02 1.723119E-01
1.727500E+02 1.691642E-01
1.730000E+02 1.659662E-01
1.732500E+02 1.629809E-01
1.735000E+02 1.597629E-01
1.737500E+02 1.566835E-01
1.740000E+02 1.535959E-01
1.742500E+02 1.505679E-01
1.745000E+02 1.474388E-01
1.747500E+02 1.444602E-01
1.750000E+02 1.413544E-01
1.752500E+02 1.381898E-01
1.755000E+02 1.351714E-01
1.757500E+02 1.321701E-01
1.760000E+02 1.291412E-01
1.762500E+02 1.261915E-01
1.765000E+02 1.231097E-01
1.767500E+02 1.201911E-01
1.770000E+02 1.174935E-01
1.772500E+02 1.148365E-01
1.775000E+02 1.123586E-01
1.777500E+02 1.099629E-01
1.780000E+02 1.075743E-01
1.782500E+02 1.053308E-01
1.785000E+02 1.031010E-01
1.787500E+02 1.010387E-01
1.790000E+02 9.898151E-02
1.792500E+02 9.681411E-02
1.795000E+02 9.484803E-02
1.797500E+02 9.287790E-02
1.800000E+02 9.095747E-02
1.802500E+02 8.903942E-02
1.805000E+02 8.721084E-02
1.807500E+02 8.543668E-02
1.810000E+02 8.371699E-02
1.812500E+02 8.200434E-02
1.815000E+02 8.023581E-02
1.817500E+02 7.865257E-02
1.820000E+02 7.698470E-02
1.822500E+02 7.535081E-02
1.825000E+02 7.378242E-02
1.827500E+02 7.227036E-02
1.830000E+02 7.075337E-02
1.832500E+02 6.932901E-02
1.835000E+02 6.781840E-02
1.837500E+02 6.632776E-02
1.840000E+02 6.494747E-02
1.842500E+02 6.358369E-02
1.845000E+02 6.224561E-02
1.847500E+02 6.100113E-02
1.850000E+02 5.956365E-02
1.852500E+02 5.832888E-02
1.855000E+02 5.707363E-02
1.857500E+02 5.582222E-02
1.860000E+02 5.465102E-02
1.862500E+02 5.338362E-02
1.865000E+02 5.226403E-02
1.867500E+02 5.106457E-02
1.870000E+02 4.996348E-02
1.872500E+02 4.889027E-02
1.875000E+02 4.777273E-02
1.877500E+02 4.671113E-02
1.880000E+02 4.562559E-02
1.882500E+02 4.460678E-02
1.885000E+02 4.361237E-02
1.887500E+02 4.256466E-02
1.890000E+02 4.161867E-02
1.892500E+02 4.062159E-02
1.895000E+02 3.967657E-02
1.897500E+02 3.874258E-02
1.900000E+02 3.785037E-02
1.902500E+02 3.694132E-02
1.905000E+02 3.603488E-02
1.907500E+02 3.515956E-02
1.910000E+02 3.433356E-02
1.912500E+02 3.349496E-02
1.915000E+02 3.265007E-02
1.917500E+02 3.188163E-02
1.920000E+02 3.107530E-02
1.922500E+02 3.026695E-02
1.925000E+02 2.951401E-02
1.927500E+02 2.877834E-02
1.930000E+02 2.807322E-02
1.932500E+02 2.730001E-02
1.935000E+02 2.661740E-02
1.937500E+02 2.592532E-02
1.940000E+02 2.521069E-02
1.942500E+02 2.453419E-02
1.945000E+02 2.390134E-02
1.947500E+02 2.321469E-02
1.950000E+02 2.260143E-02
1.952500E+02 2.196248E-02
1.955000E+02 2.135859E-02
1.957500E+02 2.076437E-02
1.960000E+02 2.016413E-02
1.962500E+02 1.959395E-02
1.965000E+02 1.901239E-02
1.967500E+02 1.847517E-02
1.970000E+02 1.794003E-02
1.972500E+02 1.736119E-02
1.975000E+02 1.685409E-02
1.977500E+02 1.634985E-02
1.980000E+02 1.583295E-02
1.982500E+02 1.532614E-02
1.985000E+02 1.485206E-02
1.987500E+02 1.435735E-02
1.990000E+02 1.389904E-02
1.992500E+02 1.343158E-02
1.995000E+02 1.302232E-02
1.997500E+02 1.256598E-02
2.000000E+02 1.215038E-02
2.002500E+02 1.173973E-02
2.005000E+02 1.133528E-02
2.007500E+02 1.091262E-02
2.010000E+02 1.053936E-02
2.012500E+02 1.013929E-02
2.015000E+02 9.774142E-03
2.017500E+02 9.396800E-03
2.020000E+02 9.079655E-03
2.022500E+02 8.704464E-03
2.025000E+02 8.382435E-03
2.027500E+02 8.037300E-03
2.030000E+02 7.711315E-03
2.032500E+02 7.404923E-03
2.035000E+02 7.097505E-03
2.037500E+02 6.788377E-03
2.040000E+02 6.513425E-03
2.042500E+02 6.223940E-03
2.045000E+02 5.946370E-03
2.047500E+02 5.672452E-03
2.050000E+02 5.415110E-03
2.052500E+02 5.152523E-03
2.055000E+02 4.908829E-03
2.057500E+02 4.662188E-03
2.060000E+02 4.434872E-03
2.062500E+02 4.204675E-03
2.065000E+02 3.986670E-03
2.067500E+02 3.759372E-03
2.070000E+02 3.561646E-03
2.072500E+02 3.357919E-03
2.075000E+02 3.161326E-03
2.077500E+02 2.972694E-03
2.080000E+02 2.798561E-03
2.082500E+02 2.630739E-03
2.085000E+02 2.458751E-03
2.087500E+02 2.299177E-03
2.090000E+02 2.132705E-03
2.092500E+02 1.991456E-03
2.095000E+02 1.835402E-03
2.097500E+02 1.707329E-03
2.100000E+02 1.567795E-03
2.102500E+02 1.445621E-03
2.105000E+02 1.331447E-03
2.107500E+02 1.208229E-03
2.110000E+02 1.100075E-03
2.112500E+02 9.992149E-04
2.115000E+02 9.050222E-04
2.117500E+02 8.099630E-04
2.120000E+02 7.183214E-04
2.122500E+02 6.382479E-04
2.125000E+02 5.565203E-04
2.127500E+02 4.899802E-04
2.130000E+02 4.235916E-04
2.132500E+02 3.576914E-04
2.135000E+02 3.038794E-04
2.137500E+02 2.554245E-04
2.140000E+02 2.057268E-04
2.142500E+02 1.669856E-04
2.145000E+02 1.289735E-04
2.147500E+02 9.600114E-05
2.150000E+02 6.770161E-05
2.152500E+02 4.476341E-05
2.155000E+02 2.816976E-05
2.157500E+02 1.427038E-05
2.160000E+02 5.174587E-06
2.162500E+02 8.684798E-07
