2.500000E-01 0.000000E+00
5.000000E-01 0.000000E+00
7.500000E-01 0.000000E+00
1.000000E+00 0.000000E+00
1.250000E+00 0.000000E+00
1.500000E+00 0.000000E+00
1.750000E+00 0.000000E+00
2.000000E+00 0.000000E+00
2.250000E+00 0.000000E+00
2.500000E+00 0.000000E+00
2.750000E+00 0.000000E+00
3.000000E+00 0.000000E+00
3.250000E+00 0.000000E+00
3.500000E+00 3.300334E-01
3.750000E+00 2.171435E+01
4.000000E+00 1.308520E+02
4.250000E+00 2.131402E+02
4.500000E+00 1.780780E+02
4.750000E+00 1.127561E+02
5.000000E+00 6.620523E+01
5.250000E+00 3.934575E+01
5.500000E+00 2.547355E+01
5.750000E+00 1.870026E+01
6.000000E+00 1.564037E+01
6.250000E+00 1.406343E+01
6.500000E+00 1.247016E+01
6.750000E+00 1.060503E+01
7.000000E+00 8.960000E+00
7.250000E+00 7.891845E+00
7.500000E+00 7.755021E+00
7.750000E+00 9.342382E+00
8.000000E+00 1.293802E+01
8.250000E+00 1.685218E+01
8.500000E+00 1.830409E+01
8.750000E+00 1.664089E+01
9.000000E+00 1.350522E+01
9.250000E+00 1.041912E+01
9.500000E+00 8.088554E+00
9.750000E+00 6.492107E+00
1.000000E+01 5.448720E+00
1.025000E+01 4.716185E+00
1.050000E+01 4.213697E+00
1.075000E+01 3.784349E+00
1.100000E+01 3.453564E+00
1.125000E+01 3.211177E+00
1.150000E+01 3.146077E+00
1.175000E+01 3.230465E+00
1.200000E+01 3.457363E+00
1.225000E+01 3.712442E+00
1.250000E+01 3.874709E+00
1.275000E+01 3.813503E+00
1.300000E+01 3.574755E+00
1.325000E+01 3.243325E+00
1.350000E+01 2.872020E+00
1.375000E+01 2.549612E+00
1.400000E+01 2.300709E+00
1.425000E+01 2.105624E+00
1.450000E+01 1.960985E+00
1.475000E+01 1.853843E+00
1.500000E+01 1.766258E+00
1.525000E+01 1.713979E+00
1.550000E+01 1.677266E+00
1.575000E+01 1.663265E+00
1.600000E+01 1.667799E+00
1.625000E+01 1.672953E+00
1.650000E+01 1.679404E+00
1.675000E+01 1.659092E+00
1.700000E+01 1.624474E+00
1.725000E+01 1.564915E+00
1.750000E+01 1.504805E+00
1.775000E+01 1.443991E+00
1.800000E+01 1.387907E+00
1.825000E+01 1.344168E+00
1.850000E+01 1.302710E+00
1.875000E+01 1.273378E+00
1.900000E+01 1.250211E+00
1.925000E+01 1.232935E+00
1.950000E+01 1.219691E+00
1.975000E+01 1.204693E+00
2.000000E+01 1.200305E+00
2.025000E+01 1.194213E+00
2.050000E+01 1.189738E+00
2.075000E+01 1.186412E+00
2.100000E+01 1.173436E+00
2.125000E+01 1.160914E+00
2.150000E+01 1.148485E+00
2.175000E+01 1.133248E+00
2.200000E+01 1.123664E+00
2.225000E+01 1.108512E+00
2.250000E+01 1.101006E+00
2.275000E+01 1.088474E+00
2.300000E+01 1.084025E+00
2.325000E+01 1.075016E+00
2.350000E+01 1.071188E+00
2.375000E+01 1.066801E+00
2.400000E+01 1.061631E+00
2.425000E+01 1.063700E+00
2.450000E+01 1.057966E+00
2.475000E+01 1.057216E+00
2.500000E+01 1.049902E+00
2.525000E+01 1.048286E+00
2.550000E+01 1.043611E+00
2.575000E+01 1.042905E+00
2.600000E+01 1.037807E+00
2.625000E+01 1.036166E+00
2.650000E+01 1.034669E+00
2.675000E+01 1.032352E+00
2.700000E+01 1.026946E+00
2.725000E+01 1.025281E+00
2.750000E+01 1.022908E+00
2.775000E+01 1.024522E+00
2.800000E+01 1.022711E+00
2.825000E+01 1.017438E+00
2.850000E+01 1.019429E+00
2.875000E+01 1.019851E+00
2.900000E+01 1.018798E+00
2.925000E+01 1.014796E+00
2.950000E+01 1.014606E+00
2.975000E+01 1.013375E+00
3.000000E+01 1.012848E+00
3.025000E+01 1.013803E+00
3.050000E+01 1.011044E+00
3.075000E+01 1.008937E+00
3.100000E+01 1.007183E+00
3.125000E+01 1.008163E+00
3.150000E+01 1.010440E+00
3.175000E+01 1.007234E+00
3.200000E+01 1.006396E+00
3.225000E+01 1.004732E+00
3.250000E+01 1.005614E+00
3.275000E+01 1.007563E+00
3.300000E+01 1.004784E+00
3.325000E+01 1.005976E+00
3.350000E+01 1.004358E+00
3.375000E+01 1.003308E+00
3.400000E+01 1.004002E+00
3.425000E+01 1.003186E+00
3.450000E+01 1.003260E+00
3.475000E+01 1.006090E+00
3.500000E+01 1.002460E+00
3.525000E+01 1.003633E+00
3.550000E+01 1.002526E+00
3.575000E+01 1.001869E+00
3.600000E+01 1.002873E+00
3.625000E+01 1.000757E+00
3.650000E+01 1.002239E+00
3.675000E+01 1.001751E+00
3.700000E+01 1.003321E+00
3.725000E+01 1.003038E+00
3.750000E+01 1.000878E+00
3.775000E+01 9.989150E-01
3.800000E+01 1.002766E+00
3.825000E+01 1.000882E+00
3.850000E+01 1.001624E+00
3.875000E+01 1.000832E+00
3.900000E+01 1.001204E+00
3.925000E+01 1.001181E+00
3.950000E+01 1.002239E+00
3.975000E+01 1.003618E+00
4.000000E+01 1.001313E+00
4.025000E+01 9.990424E-01
4.050000E+01 1.002635E+00
4.075000E+01 1.000098E+00
4.100000E+01 9.982341E-01
4.125000E+01 1.000687E+00
4.150000E+01 1.001535E+00
4.175000E+01 1.000818E+00
4.200000E+01 9.997384E-01
4.225000E+01 9.986777E-01
4.250000E+01 9.987845E-01
4.275000E+01 9.992263E-01
4.300000E+01 1.000616E+00
4.325000E+01 1.001952E+00
4.350000E+01 1.000191E+00
4.375000E+01 9.980157E-01
4.400000E+01 9.998915E-01
4.425000E+01 9.998978E-01
4.450000E+01 9.989145E-01
4.475000E+01 9.999439E-01
4.500000E+01 1.000590E+00
4.525000E+01 9.991395E-01
4.550000E+01 9.995901E-01
4.575000E+01 9.982764E-01
4.600000E+01 1.000093E+00
4.625000E+01 1.000291E+00
4.650000E+01 9.974446E-01
4.675000E+01 9.992326E-01
4.700000E+01 9.982567E-01
4.725000E+01 9.994809E-01
4.750000E+01 9.982589E-01
4.775000E+01 9.991919E-01
4.800000E+01 9.992041E-01
4.825000E+01 9.979829E-01
4.850000E+01 9.981710E-01
4.875000E+01 9.972365E-01
4.900000E+01 9.980575E-01
4.925000E+01 9.981036E-01
4.950000E+01 9.971978E-01
4.975000E+01 9.994128E-01
5.000000E+01 9.981727E-01
5.025000E+01 9.986736E-01
5.050000E+01 9.989576E-01
5.075000E+01 9.986537E-01
5.100000E+01 9.983537E-01
5.125000E+01 9.983274E-01
5.150000E+01 9.980376E-01
5.175000E+01 9.969335E-01
5.200000E+01 9.969109E-01
5.225000E+01 9.985340E-01
5.250000E+01 9.972452E-01
5.275000E+01 9.961420E-01
5.300000E+01 9.980721E-01
5.325000E+01 9.985442E-01
5.350000E+01 9.967121E-01
5.375000E+01 9.993589E-01
5.400000E+01 9.981071E-01
5.425000E+01 9.964356E-01
5.450000E+01 9.973582E-01
5.475000E+01 9.969768E-01
5.500000E+01 9.965581E-01
5.525000E+01 9.984510E-01
5.550000E+01 1.000046E+00
5.575000E+01 9.971741E-01
5.600000E+01 9.966574E-01
5.625000E+01 9.981435E-01
5.650000E+01 9.978904E-01
5.675000E+01 9.974311E-01
5.700000E+01 9.980305E-01
5.725000E+01 9.979401E-01
5.750000E+01 9.975958E-01
5.775000E+01 9.974597E-01
5.800000E+01 9.983848E-01
5.825000E+01 9.957585E-01
5.850000E+01 9.983961E-01
5.875000E+01 9.962895E-01
5.900000E+01 9.974710E-01
5.925000E+01 9.971472E-01
5.950000E+01 9.959869E-01
5.975000E+01 9.970733E-01
6.000000E+01 9.968670E-01
6.025000E+01 9.963841E-01
6.050000E+01 9.971689E-01
6.075000E+01 9.977934E-01
6.100000E+01 9.972600E-01
6.125000E+01 9.972690E-01
6.150000E+01 9.969737E-01
6.175000E+01 9.971909E-01
6.200000E+01 9.959948E-01
6.225000E+01 9.963154E-01
6.250000E+01 9.968157E-01
6.275000E+01 9.973900E-01
6.300000E+01 9.965965E-01
6.325000E+01 9.956009E-01
6.350000E+01 9.963754E-01
6.375000E+01 9.965642E-01
6.400000E+01 9.980799E-01
6.425000E+01 9.977676E-01
6.450000E+01 9.974631E-01
6.475000E+01 9.971565E-01
6.500000E+01 9.986875E-01
6.525000E+01 9.966891E-01
6.550000E+01 9.976186E-01
6.575000E+01 9.959532E-01
6.600000E+01 9.958012E-01
6.625000E+01 9.965794E-01
6.650000E+01 9.968924E-01
6.675000E+01 9.960899E-01
6.700000E+01 9.965929E-01
6.725000E+01 9.972414E-01
6.750000E+01 9.962998E-01
6.775000E+01 9.975758E-01
6.800000E+01 9.960181E-01
6.825000E+01 9.984629E-01
6.850000E+01 9.967326E-01
6.875000E+01 9.974679E-01
6.900000E+01 9.972010E-01
6.925000E+01 9.961020E-01
6.950000E+01 9.970277E-01
6.975000E+01 9.968088E-01
7.000000E+01 9.960219E-01
7.025000E+01 9.973748E-01
7.050000E+01 9.956892E-01
7.075000E+01 9.973330E-01
7.100000E+01 9.959367E-01
7.125000E+01 9.960718E-01
7.150000E+01 9.961602E-01
7.175000E+01 9.958995E-01
7.200000E+01 9.968813E-01
7.225000E+01 9.961647E-01
7.250000E+01 9.963944E-01
7.275000E+01 9.953896E-01
7.300000E+01 9.961159E-01
7.325000E+01 9.961540E-01
7.350000E+01 9.955648E-01
7.375000E+01 9.968690E-01
7.400000E+01 9.971558E-01
7.425000E+01 9.955416E-01
7.450000E+01 9.960186E-01
7.475000E+01 9.956328E-01
7.500000E+01 9.962564E-01
7.525000E+01 9.953809E-01
7.550000E+01 9.967359E-01
7.575000E+01 9.963474E-01
7.600000E+01 9.954329E-01
7.625000E+01 9.952439E-01
7.650000E+01 9.959550E-01
7.675000E+01 9.970135E-01
7.700000E+01 9.965035E-01
7.725000E+01 9.953533E-01
7.750000E+01 9.956138E-01
7.775000E+01 9.946885E-01
7.800000E+01 9.962048E-01
7.825000E+01 9.955559E-01
7.850000E+01 9.971289E-01
7.875000E+01 9.955313E-01
7.900000E+01 9.956795E-01
7.925000E+01 9.959856E-01
7.950000E+01 9.950079E-01
7.975000E+01 9.954578E-01
8.000000E+01 9.958241E-01
8.025000E+01 9.955685E-01
8.050000E+01 9.959052E-01
8.075000E+01 9.957933E-01
8.100000E+01 9.957567E-01
8.125000E+01 9.963780E-01
8.150000E+01 9.966154E-01
8.175000E+01 9.958181E-01
8.200000E+01 9.959431E-01
8.225000E+01 9.943168E-01
8.250000E+01 9.955819E-01
8.275000E+01 9.963479E-01
8.300000E+01 9.958614E-01
8.325000E+01 9.950605E-01
8.350000E+01 9.948688E-01
8.375000E+01 9.955829E-01
8.400000E+01 9.955276E-01
8.425000E+01 9.953895E-01
8.450000E+01 9.944077E-01
8.475000E+01 9.953233E-01
8.500000E+01 9.965690E-01
8.525000E+01 9.949278E-01
8.550000E+01 9.953797E-01
8.575000E+01 9.959691E-01
8.600000E+01 9.957494E-01
8.625000E+01 9.955409E-01
8.650000E+01 9.954891E-01
8.675000E+01 9.949326E-01
8.700000E+01 9.958500E-01
8.725000E+01 9.951442E-01
8.750000E+01 9.956335E-01
8.775000E+01 9.953427E-01
8.800000E+01 9.947082E-01
8.825000E+01 9.957862E-01
8.850000E+01 9.944520E-01
8.875000E+01 9.952850E-01
8.900000E+01 9.952514E-01
8.925000E+01 9.955796E-01
8.950000E+01 9.963736E-01
8.975000E+01 9.960692E-01
9.000000E+01 9.960277E-01
9.025000E+01 9.952796E-01
9.050000E+01 9.950335E-01
9.075000E+01 9.948030E-01
9.100000E+01 9.959148E-01
9.125000E+01 9.952744E-01
9.150000E+01 9.954545E-01
9.175000E+01 9.946407E-01
9.200000E+01 9.953613E-01
9.225000E+01 9.946754E-01
9.250000E+01 9.945222E-01
9.275000E+01 9.952703E-01
9.300000E+01 9.949093E-01
9.325000E+01 9.949477E-01
9.350000E+01 9.955131E-01
9.375000E+01 9.953804E-01
9.400000E+01 9.954228E-01
9.425000E+01 9.953494E-01
9.450000E+01 9.951182E-01
9.475000E+01 9.953935E-01
9.500000E+01 9.945357E-01
9.525000E+01 9.947391E-01
9.550000E+01 9.952975E-01
9.575000E+01 9.953382E-01
9.600000E+01 9.950989E-01
9.625000E+01 9.954868E-01
9.650000E+01 9.948951E-01
9.675000E+01 9.941343E-01
9.700000E+01 9.949345E-01
9.725000E+01 9.949505E-01
9.750000E+01 9.950851E-01
9.775000E+01 9.957044E-01
9.800000E+01 9.947808E-01
9.825000E+01 9.954357E-01
9.850000E+01 9.949059E-01
9.875000E+01 9.954271E-01
9.900000E+01 9.946239E-01
9.925000E+01 9.951267E-01
9.950000E+01 9.954419E-01
9.975000E+01 9.949679E-01
1.000000E+02 9.950111E-01
1.002500E+02 9.943742E-01
1.005000E+02 9.950976E-01
1.007500E+02 9.947517E-01
1.010000E+02 9.947267E-01
1.012500E+02 9.954840E-01
1.015000E+02 9.945522E-01
1.017500E+02 9.952001E-01
1.020000E+02 9.952437E-01
1.022500E+02 9.943296E-01
1.025000E+02 9.947425E-01
1.027500E+02 9.944460E-01
1.030000E+02 9.952642E-01
1.032500E+02 9.944043E-01
1.035000E+02 9.945936E-01
1.037500E+02 9.952289E-01
1.040000E+02 9.948832E-01
1.042500E+02 9.947937E-01
1.045000E+02 9.946850E-01
1.047500E+02 9.948453E-01
1.050000E+02 9.947925E-01
1.052500E+02 9.941938E-01
1.055000E+02 9.953517E-01
1.057500E+02 9.952067E-01
1.060000E+02 9.947620E-01
1.062500E+02 9.946398E-01
1.065000E+02 9.940212E-01
1.067500E+02 9.943476E-01
1.070000E+02 9.952494E-01
1.072500E+02 9.949670E-01
1.075000E+02 9.946524E-01
1.077500E+02 9.945831E-01
1.080000E+02 9.949393E-01
1.082500E+02 9.951258E-01
1.085000E+02 9.943729E-01
1.087500E+02 9.943287E-01
1.090000E+02 9.944579E-01
1.092500E+02 9.938556E-01
1.095000E+02 9.944314E-01
1.097500E+02 9.952829E-01
1.100000E+02 9.946623E-01
1.102500E+02 9.949908E-01
1.105000E+02 9.944346E-01
1.107500E+02 9.948228E-01
1.110000E+02 9.942737E-01
1.112500E+02 9.944254E-01
1.115000E+02 9.950162E-01
1.117500E+02 9.945141E-01
1.120000E+02 9.945298E-01
1.122500E+02 9.940393E-01
1.125000E+02 9.943262E-01
1.127500E+02 9.942448E-01
1.130000E+02 9.943552E-01
1.132500E+02 9.948741E-01
1.135000E+02 9.942364E-01
1.137500E+02 9.944140E-01
1.140000E+02 9.940502E-01
1.142500E+02 9.942909E-01
1.145000E+02 9.952607E-01
1.147500E+02 9.940394E-01
1.150000E+02 9.938063E-01
1.152500E+02 9.945257E-01
1.155000E+02 9.946625E-01
1.157500E+02 9.942678E-01
1.160000E+02 9.939540E-01
1.162500E+02 9.943807E-01
1.165000E+02 9.937626E-01
1.167500E+02 9.941981E-01
1.170000E+02 9.941845E-01
1.172500E+02 9.938369E-01
1.175000E+02 9.947797E-01
1.177500E+02 9.939967E-01
1.180000E+02 9.938827E-01
1.182500E+02 9.940798E-01
1.185000E+02 9.938697E-01
1.187500E+02 9.944664E-01
1.190000E+02 9.944166E-01
1.192500E+02 9.941458E-01
1.195000E+02 9.939193E-01
1.197500E+02 9.944015E-01
1.200000E+02 9.941811E-01
1.202500E+02 9.943990E-01
1.205000E+02 9.944550E-01
1.207500E+02 9.945741E-01
1.210000E+02 9.940825E-01
1.212500E+02 9.938683E-01
1.215000E+02 9.941786E-01
1.217500E+02 9.943167E-01
1.220000E+02 9.947585E-01
1.222500E+02 9.947124E-01
1.225000E+02 9.935406E-01
1.227500E+02 9.943568E-01
1.230000E+02 9.938702E-01
1.232500E+02 9.939181E-01
1.235000E+02 9.945326E-01
1.237500E+02 9.940765E-01
1.240000E+02 9.941122E-01
1.242500E+02 9.940997E-01
1.245000E+02 9.952427E-01
1.247500E+02 9.934368E-01
1.250000E+02 9.912423E-01
1.252500E+02 9.856068E-01
1.255000E+02 9.792550E-01
1.257500E+02 9.729516E-01
1.260000E+02 9.680062E-01
1.262500E+02 9.613909E-01
1.265000E+02 9.562443E-01
1.267500E+02 9.500648E-01
1.270000E+02 9.444021E-01
1.272500E+02 9.393189E-01
1.275000E+02 9.333705E-01
1.277500E+02 9.272744E-01
1.280000E+02 9.218303E-01
1.282500E+02 9.160680E-01
1.285000E+02 9.104581E-01
1.287500E+02 9.042600E-01
1.290000E+02 8.992644E-01
1.292500E+02 8.936850E-01
1.295000E+02 8.875290E-01
1.297500E+02 8.820347E-01
1.300000E+02 8.775728E-01
1.302500E+02 8.719004E-01
1.305000E+02 8.658341E-01
1.307500E+02 8.604956E-01
1.310000E+02 8.552149E-01
1.312500E+02 8.495215E-01
1.315000E+02 8.437357E-01
1.317500E+02 8.386091E-01
1.320000E+02 8.336694E-01
1.322500E+02 8.279591E-01
1.325000E+02 8.229000E-01
1.327500E+02 8.172847E-01
1.330000E+02 8.122287E-01
1.332500E+02 8.068996E-01
1.335000E+02 8.014367E-01
1.337500E+02 7.959053E-01
1.340000E+02 7.909009E-01
1.342500E+02 7.862088E-01
1.345000E+02 7.811533E-01
1.347500E+02 7.756857E-01
1.350000E+02 7.707327E-01
1.352500E+02 7.654596E-01
1.355000E+02 7.606339E-01
1.357500E+02 7.552377E-01
1.360000E+02 7.502693E-01
1.362500E+02 7.452784E-01
1.365000E+02 7.405053E-01
1.367500E+02 7.353875E-01
1.370000E+02 7.306165E-01
1.372500E+02 7.256541E-01
1.375000E+02 7.209326E-01
1.377500E+02 7.157203E-01
1.380000E+02 7.106812E-01
1.382500E+02 7.057609E-01
1.385000E+02 7.011072E-01
1.387500E+02 6.963356E-01
1.390000E+02 6.914398E-01
1.392500E+02 6.868994E-01
1.395000E+02 6.818549E-01
1.397500E+02 6.766837E-01
1.400000E+02 6.719542E-01
1.402500E+02 6.677181E-01
1.405000E+02 6.626681E-01
1.407500E+02 6.580539E-01
1.410000E+02 6.536665E-01
1.412500E+02 6.486791E-01
1.415000E+02 6.437690E-01
1.417500E+02 6.397176E-01
1.420000E+02 6.349214E-01
1.422500E+02 6.301975E-01
1.425000E+02 6.256504E-01
1.427500E+02 6.212487E-01
1.430000E+02 6.167639E-01
1.432500E+02 6.115171E-01
1.435000E+02 6.069481E-01
1.437500E+02 6.026150E-01
1.440000E+02 5.979647E-01
1.442500E+02 5.937054E-01
1.445000E+02 5.893675E-01
1.447500E+02 5.851079E-01
1.450000E+02 5.801637E-01
1.452500E+02 5.760001E-01
1.455000E+02 5.719444E-01
1.457500E+02 5.672506E-01
1.460000E+02 5.625242E-01
1.462500E+02 5.586731E-01
1.465000E+02 5.540489E-01
1.467500E+02 5.498896E-01
1.470000E+02 5.453790E-01
1.472500E+02 5.413888E-01
1.475000E+02 5.366329E-01
1.477500E+02 5.326705E-01
1.480000E+02 5.282455E-01
1.482500E+02 5.240607E-01
1.485000E+02 5.199939E-01
1.487500E+02 5.156860E-01
1.490000E+02 5.119941E-01
1.492500E+02 5.071715E-01
1.495000E+02 5.031610E-01
1.497500E+02 4.989625E-01
1.500000E+02 4.947910E-01
1.502500E+02 4.904420E-01
1.505000E+02 4.864848E-01
1.507500E+02 4.826266E-01
1.510000E+02 4.785984E-01
1.512500E+02 4.741596E-01
1.515000E+02 4.700418E-01
1.517500E+02 4.657531E-01
1.520000E+02 4.619829E-01
1.522500E+02 4.583042E-01
1.525000E+02 4.541739E-01
1.527500E+02 4.499456E-01
1.530000E+02 4.464063E-01
1.532500E+02 4.420342E-01
1.535000E+02 4.383063E-01
1.537500E+02 4.344738E-01
1.540000E+02 4.301957E-01
1.542500E+02 4.262972E-01
1.545000E+02 4.228978E-01
1.547500E+02 4.187308E-01
1.550000E+02 4.142132E-01
1.552500E+02 4.104337E-01
1.555000E+02 4.069283E-01
1.557500E+02 4.028828E-01
1.560000E+02 3.993519E-01
1.562500E+02 3.956209E-01
1.565000E+02 3.920844E-01
1.567500E+02 3.878730E-01
1.570000E+02 3.841817E-01
1.572500E+02 3.802765E-01
1.575000E+02 3.764423E-01
1.577500E+02 3.728836E-01
1.580000E+02 3.689918E-01
1.582500E+02 3.652895E-01
1.585000E+02 3.617847E-01
1.587500E+02 3.580548E-01
1.590000E+02 3.541166E-01
1.592500E+02 3.508600E-01
1.595000E+02 3.469145E-01
1.597500E+02 3.431012E-01
1.600000E+02 3.394370E-01
1.602500E+02 3.361836E-01
1.605000E+02 3.325489E-01
1.607500E+02 3.284403E-01
1.610000E+02 3.252357E-01
1.612500E+02 3.218450E-01
1.615000E+02 3.181883E-01
1.617500E+02 3.144033E-01
1.620000E+02 3.107954E-01
1.622500E+02 3.073720E-01
1.625000E+02 3.038505E-01
1.627500E+02 3.004929E-01
1.630000E+02 2.969248E-01
1.632500E+02 2.935004E-01
1.635000E+02 2.898313E-01
1.637500E+02 2.863722E-01
1.640000E+02 2.828049E-01
1.642500E+02 2.793744E-01
1.645000E+02 2.759007E-01
1.647500E+02 2.725287E-01
1.650000E+02 2.692441E-01
1.652500E+02 2.655551E-01
1.655000E+02 2.621470E-01
1.657500E+02 2.588913E-01
1.660000E+02 2.557235E-01
1.662500E+02 2.521232E-01
1.665000E+02 2.486507E-01
1.667500E+02 2.453872E-01
1.670000E+02 2.423214E-01
1.672500E+02 2.387660E-01
1.675000E+02 2.356248E-01
1.677500E+02 2.322811E-01
1.680000E+02 2.289598E-01
1.682500E+02 2.256718E-01
1.685000E+02 2.225493E-01
1.687500E+02 2.190229E-01
1.690000E+02 2.158178E-01
1.692500E+02 2.126664E-01
1.695000E+02 2.092021E-01
1.697500E+02 2.062326E-01
1.700000E+02 2.028507E-01
1.702500E+02 1.996955E-01
1.705000E+02 1.965608E-01
1.707500E+02 1.933429E-01
1.710000E+02 1.900551E-01
1.712500E+02 1.869653E-01
1.715000E+02 1.838482E-01
1.717500E+02 1.805463E-01
1.720000E+02 1.773309E-01
1.722500E+02 1.741965E-01
1.725000E+02 1.711687E-01
1.727500E+02 1.679502E-01
1.730000E+02 1.651031E-01
1.732500E+02 1.619478E-01
1.735000E+02 1.587738E-01
1.737500E+02 1.556638E-01
1.740000E+02 1.524658E-01
1.742500E+02 1.494744E-01
1.745000E+02 1.465381E-01
1.747500E+02 1.432703E-01
1.750000E+02 1.404067E-01
1.752500E+02 1.372624E-01
1.755000E+02 1.344331E-01
1.757500E+02 1.313017E-01
1.760000E+02 1.283397E-01
1.762500E+02 1.253212E-01
1.765000E+02 1.223388E-01
1.767500E+02 1.193265E-01
1.770000E+02 1.167401E-01
1.772500E+02 1.140698E-01
1.775000E+02 1.115499E-01
1.777500E+02 1.093043E-01
1.780000E+02 1.069774E-01
1.782500E+02 1.046245E-01
1.785000E+02 1.025409E-01
1.787500E+02 1.002643E-01
1.790000E+02 9.826647E-02
1.792500E+02 9.618329E-02
1.795000E+02 9.429445E-02
1.797500E+02 9.216337E-02
1.800000E+02 9.025836E-02
1.802500E+02 8.839897E-02
1.805000E+02 8.671931E-02
1.807500E+02 8.478515E-02
1.810000E+02 8.319524E-02
1.812500E+02 8.134148E-02
1.815000E+02 7.964367E-02
1.817500E+02 7.807471E-02
1.820000E+02 7.627301E-02
1.822500E+02 7.489044E-02
1.825000E+02 7.348186E-02
1.827500E+02 7.169339E-02
1.830000E+02 7.029845E-02
1.832500E+02 6.872199E-02
1.835000E+02 6.722026E-02
1.837500E+02 6.592692E-02
1.840000E+02 6.460167E-02
1.842500E+02 6.324803E-02
1.845000E+02 6.194454E-02
1.847500E+02 6.051892E-02
1.850000E+02 5.917901E-02
1.852500E+02 5.794720E-02
1.855000E+02 5.673836E-02
1.857500E+02 5.554018E-02
1.860000E+02 5.427225E-02
1.862500E+02 5.312273E-02
1.865000E+02 5.186185E-02
1.867500E+02 5.073439E-02
1.870000E+02 4.959689E-02
1.872500E+02 4.857016E-02
1.875000E+02 4.751369E-02
1.877500E+02 4.643399E-02
1.880000E+02 4.539051E-02
1.882500E+02 4.426998E-02
1.885000E+02 4.336603E-02
1.887500E+02 4.237228E-02
1.890000E+02 4.137396E-02
1.892500E+02 4.028793E-02
1.895000E+02 3.944686E-02
1.897500E+02 3.851342E-02
1.900000E+02 3.751529E-02
1.902500E+02 3.674113E-02
1.905000E+02 3.580247E-02
1.907500E+02 3.490837E-02
1.910000E+02 3.411116E-02
1.912500E+02 3.316557E-02
1.915000E+02 3.246576E-02
1.917500E+02 3.162794E-02
1.920000E+02 3.081925E-02
1.922500E+02 3.010789E-02
1.925000E+02 2.926104E-02
1.927500E+02 2.863155E-02
1.930000E+02 2.779766E-02
1.932500E+02 2.705905E-02
1.935000E+02 2.634402E-02
1.937500E+02 2.573103E-02
1.940000E+02 2.503186E-02
1.942500E+02 2.432843E-02
1.945000E+02 2.364776E-02
1.947500E+02 2.300503E-02
1.950000E+02 2.240163E-02
1.952500E+02 2.184698E-02
1.955000E+02 2.121766E-02
1.957500E+02 2.060064E-02
1.960000E+02 2.001132E-02
1.962500E+02 1.943387E-02
1.965000E+02 1.887629E-02
1.967500E+02 1.829802E-02
1.970000E+02 1.777893E-02
1.972500E+02 1.728585E-02
1.975000E+02 1.672336E-02
1.977500E+02 1.621080E-02
1.980000E+02 1.569603E-02
1.982500E+02 1.519617E-02
1.985000E+02 1.472174E-02
1.987500E+02 1.429287E-02
1.990000E+02 1.382313E-02
1.992500E+02 1.333420E-02
1.995000E+02 1.291211E-02
1.997500E+02 1.251699E-02
2.000000E+02 1.205542E-02
2.002500E+02 1.159089E-02
2.005000E+02 1.125926E-02
2.007500E+02 1.084454E-02
2.010000E+02 1.046266E-02
2.012500E+02 1.006384E-02
2.015000E+02 9.714366E-03
2.017500E+02 9.354461E-03
2.020000E+02 8.991252E-03
2.022500E+02 8.647986E-03
2.025000E+02 8.325398E-03
2.027500E+02 7.991261E-03
2.030000E+02 7.665021E-03
2.032500E+02 7.304543E-03
2.035000E+02 7.037715E-03
2.037500E+02 6.719232E-03
2.040000E+02 6.441713E-03
2.042500E+02 6.176328E-03
2.045000E+02 5.900413E-03
2.047500E+02 5.624143E-03
2.050000E+02 5.385488E-03
2.052500E+02 5.105426E-03
2.055000E+02 4.847185E-03
2.057500E+02 4.645006E-03
2.060000E+02 4.371456E-03
2.062500E+02 4.190814E-03
2.065000E+02 3.956692E-03
2.067500E+02 3.730757E-03
2.070000E+02 3.540561E-03
2.072500E+02 3.303892E-03
2.075000E+02 3.112550E-03
2.077500E+02 2.948314E-03
2.080000E+02 2.771103E-03
2.082500E+02 2.590270E-03
2.085000E+02 2.429853E-03
2.087500E+02 2.290869E-03
2.090000E+02 2.113326E-03
2.092500E+02 1.964138E-03
2.095000E+02 1.820231E-03
2.097500E+02 1.684241E-03
2.100000E+02 1.566982E-03
2.102500E+02 1.421344E-03
2.105000E+02 1.322647E-03
2.107500E+02 1.218223E-03
2.110000E+02 1.101044E-03
2.112500E+02 9.920372E-04
2.115000E+02 8.947031E-04
2.117500E+02 7.971399E-04
2.120000E+02 7.159723E-04
2.122500E+02 6.313300E-04
2.125000E+02 5.656711E-04
2.127500E+02 4.859716E-04
2.130000E+02 4.164527E-04
2.132500E+02 3.529465E-04
2.135000E+02 3.087056E-04
2.137500E+02 2.520804E-04
2.140000E+02 2.051196E-04
2.142500E+02 1.669680E-04
2.145000E+02 1.282073E-04
2.147500E+02 9.515703E-05
2.150000E+02 6.668207E-05
2.152500E+02 4.731869E-05
2.155000E+02 2.823969E-05
2.157500E+02 1.480607E-05
2.160000E+02 4.846396E-06
2.162500E+02 1.237811E-06
