2.500000E-01 0.000000E+00
5.000000E-01 0.000000E+00
7.500000E-01 0.000000E+00
1.000000E+00 0.000000E+00
1.250000E+00 0.000000E+00
1.500000E+00 0.000000E+00
1.750000E+00 0.000000E+00
2.000000E+00 0.000000E+00
2.250000E+00 0.000000E+00
2.500000E+00 0.000000E+00
2.750000E+00 0.000000E+00
3.000000E+00 0.000000E+00
3.250000E+00 0.000000E+00
3.500000E+00 5.035409E-02
3.750000E+00 4.220592E+00
4.000000E+00 3.184537E+01
4.250000E+00 6.357611E+01
4.500000E+00 6.402301E+01
4.750000E+00 4.772678E+01
5.000000E+00 3.185038E+01
5.250000E+00 2.094336E+01
5.500000E+00 1.403910E+01
5.750000E+00 1.005859E+01
6.000000E+00 7.691225E+00
6.250000E+00 6.346007E+00
6.500000E+00 5.311381E+00
6.750000E+00 4.429596E+00
7.000000E+00 3.638821E+00
7.250000E+00 3.026301E+00
7.500000E+00 2.658210E+00
7.750000E+00 2.537546E+00
8.000000E+00 2.704148E+00
8.250000E+00 3.017757E+00
8.500000E+00 3.258763E+00
8.750000E+00 3.226820E+00
9.000000E+00 2.954371E+00
9.250000E+00 2.583728E+00
9.500000E+00 2.234327E+00
9.750000E+00 1.945200E+00
1.000000E+01 1.734471E+00
1.025000E+01 1.578203E+00
1.050000E+01 1.465027E+00
1.075000E+01 1.383590E+00
1.100000E+01 1.315330E+00
1.125000E+01 1.259865E+00
1.150000E+01 1.213097E+00
1.175000E+01 1.187482E+00
1.200000E+01 1.167298E+00
1.225000E+01 1.170913E+00
1.250000E+01 1.162864E+00
1.275000E+01 1.167838E+00
1.300000E+01 1.162100E+00
1.325000E+01 1.142452E+00
1.350000E+01 1.124223E+00
1.375000E+01 1.107461E+00
1.400000E+01 1.084597E+00
1.425000E+01 1.079381E+00
1.450000E+01 1.061272E+00
1.475000E+01 1.048857E+00
1.500000E+01 1.047800E+00
1.525000E+01 1.039434E+00
1.550000E+01 1.032143E+00
1.575000E+01 1.032021E+00
1.600000E+01 1.029353E+00
1.625000E+01 1.025723E+00
1.650000E+01 1.027194E+00
1.675000E+01 1.030267E+00
1.700000E+01 1.023034E+00
1.725000E+01 1.024557E+00
1.750000E+01 1.023821E+00
1.775000E+01 1.018328E+00
1.800000E+01 1.023183E+00
1.825000E+01 1.013939E+00
1.850000E+01 1.019251E+00
1.875000E+01 1.014908E+00
1.900000E+01 1.016025E+00
1.925000E+01 1.012227E+00
1.950000E+01 1.011785E+00
1.975000E+01 1.013030E+00
2.000000E+01 1.011804E+00
2.025000E+01 1.014607E+00
2.050000E+01 1.011843E+00
2.075000E+01 1.010627E+00
2.100000E+01 1.009785E+00
2.125000E+01 1.006879E+00
2.150000E+01 1.014648E+00
2.175000E+01 1.010308E+00
2.200000E+01 1.011762E+00
2.225000E+01 1.009857E+00
2.250000E+01 1.006764E+00
2.275000E+01 1.008487E+00
2.300000E+01 1.006898E+00
2.325000E+01 1.008882E+00
2.350000E+01 1.009402E+00
2.375000E+01 1.005000E+00
2.400000E+01 1.008460E+00
2.425000E+01 1.010589E+00
2.450000E+01 1.008176E+00
2.475000E+01 1.006152E+00
2.500000E+01 1.006184E+00
2.525000E+01 1.004633E+00
2.550000E+01 1.006451E+00
2.575000E+01 1.007868E+00
2.600000E+01 1.004021E+00
2.625000E+01 1.004569E+00
2.650000E+01 1.005812E+00
2.675000E+01 1.004628E+00
2.700000E+01 1.008152E+00
2.725000E+01 1.006735E+00
2.750000E+01 1.003088E+00
2.775000E+01 1.006235E+00
2.800000E+01 1.005633E+00
2.825000E+01 1.006331E+00
2.850000E+01 1.003621E+00
2.875000E+01 1.006119E+00
2.900000E+01 1.007445E+00
2.925000E+01 1.004979E+00
2.950000E+01 1.003616E+00
2.975000E+01 1.004302E+00
3.000000E+01 1.007435E+00
3.025000E+01 1.004893E+00
3.050000E+01 1.006674E+00
3.075000E+01 1.003821E+00
3.100000E+01 1.005213E+00
3.125000E+01 1.004112E+00
3.150000E+01 1.006179E+00
3.175000E+01 1.005568E+00
3.200000E+01 1.003039E+00
3.225000E+01 1.004070E+00
3.250000E+01 1.006660E+00
3.275000E+01 1.004637E+00
3.300000E+01 1.003442E+00
3.325000E+01 1.003495E+00
3.350000E+01 1.006294E+00
3.375000E+01 1.004141E+00
3.400000E+01 1.004152E+00
3.425000E+01 1.002254E+00
3.450000E+01 1.002269E+00
3.475000E+01 1.003924E+00
3.500000E+01 1.004105E+00
3.525000E+01 1.006165E+00
3.550000E+01 1.005345E+00
3.575000E+01 1.002959E+00
3.600000E+01 1.004386E+00
3.625000E+01 1.003446E+00
3.650000E+01 1.002907E+00
3.675000E+01 1.003327E+00
3.700000E+01 1.003949E+00
3.725000E+01 1.005734E+00
3.750000E+01 1.005587E+00
3.775000E+01 1.004782E+00
3.800000E+01 1.004614E+00
3.825000E+01 1.005147E+00
3.850000E+01 1.004050E+00
3.875000E+01 1.003156E+00
3.900000E+01 1.003868E+00
3.925000E+01 1.003496E+00
3.950000E+01 1.002306E+00
3.975000E+01 1.004284E+00
4.000000E+01 1.003245E+00
4.025000E+01 1.003008E+00
4.050000E+01 1.004544E+00
4.075000E+01 1.004151E+00
4.100000E+01 1.003209E+00
4.125000E+01 1.004492E+00
4.150000E+01 1.002549E+00
4.175000E+01 1.004200E+00
4.200000E+01 1.004759E+00
4.225000E+01 1.003557E+00
4.250000E+01 1.002439E+00
4.275000E+01 1.003889E+00
4.300000E+01 1.004786E+00
4.325000E+01 1.004753E+00
4.350000E+01 1.002778E+00
4.375000E+01 1.003744E+00
4.400000E+01 1.002763E+00
4.425000E+01 1.003684E+00
4.450000E+01 1.002658E+00
4.475000E+01 1.000996E+00
4.500000E+01 1.001109E+00
4.525000E+01 1.004870E+00
4.550000E+01 1.003473E+00
4.575000E+01 1.003430E+00
4.600000E+01 1.001156E+00
4.625000E+01 1.002838E+00
4.650000E+01 1.002947E+00
4.675000E+01 1.003459E+00
4.700000E+01 1.003262E+00
4.725000E+01 1.002640E+00
4.750000E+01 1.004763E+00
4.775000E+01 1.002535E+00
4.800000E+01 1.003581E+00
4.825000E+01 1.003600E+00
4.850000E+01 1.002235E+00
4.875000E+01 1.001619E+00
4.900000E+01 1.002475E+00
4.925000E+01 1.003391E+00
4.950000E+01 1.003939E+00
4.975000E+01 1.002483E+00
5.000000E+01 1.004253E+00
5.025000E+01 1.001382E+00
5.050000E+01 1.004403E+00
5.075000E+01 1.003715E+00
5.100000E+01 1.002419E+00
5.125000E+01 1.001482E+00
5.150000E+01 1.001362E+00
5.175000E+01 1.002888E+00
5.200000E+01 1.002863E+00
5.225000E+01 1.002841E+00
5.250000E+01 1.002518E+00
5.275000E+01 1.002534E+00
5.300000E+01 1.001747E+00
5.325000E+01 1.002413E+00
5.350000E+01 1.002027E+00
5.375000E+01 1.002514E+00
5.400000E+01 1.001916E+00
5.425000E+01 1.002247E+00
5.450000E+01 1.001372E+00
5.475000E+01 1.000909E+00
5.500000E+01 1.001580E+00
5.525000E+01 1.002134E+00
5.550000E+01 1.003552E+00
5.575000E+01 1.001157E+00
5.600000E+01 1.002123E+00
5.625000E+01 1.001913E+00
5.650000E+01 1.002522E+00
5.675000E+01 1.002480E+00
5.700000E+01 1.003053E+00
5.725000E+01 1.001370E+00
5.750000E+01 1.002406E+00
5.775000E+01 9.996868E-01
5.800000E+01 1.003048E+00
5.825000E+01 1.001145E+00
5.850000E+01 1.001295E+00
5.875000E+01 1.002662E+00
5.900000E+01 1.002379E+00
5.925000E+01 1.002162E+00
5.950000E+01 1.001896E+00
5.975000E+01 1.002396E+00
6.000000E+01 1.001618E+00
6.025000E+01 1.002244E+00
6.050000E+01 1.003543E+00
6.075000E+01 1.003636E+00
6.100000E+01 1.001656E+00
6.125000E+01 1.003387E+00
6.150000E+01 1.001824E+00
6.175000E+01 1.002753E+00
6.200000E+01 1.001766E+00
6.225000E+01 1.001685E+00
6.250000E+01 1.001827E+00
6.275000E+01 1.000937E+00
6.300000E+01 1.002725E+00
6.325000E+01 1.001577E+00
6.350000E+01 1.003500E+00
6.375000E+01 1.001485E+00
6.400000E+01 1.001075E+00
6.425000E+01 1.001164E+00
6.450000E+01 1.002343E+00
6.475000E+01 1.002669E+00
6.500000E+01 1.001296E+00
6.525000E+01 1.001002E+00
6.550000E+01 1.002226E+00
6.575000E+01 1.001937E+00
6.600000E+01 1.001229E+00
6.625000E+01 1.002075E+00
6.650000E+01 1.001813E+00
6.675000E+01 1.002853E+00
6.700000E+01 1.000897E+00
6.725000E+01 1.002368E+00
6.750000E+01 1.001296E+00
6.775000E+01 1.002230E+00
6.800000E+01 1.002011E+00
6.825000E+01 1.001892E+00
6.850000E+01 1.002170E+00
6.875000E+01 1.001521E+00
6.900000E+01 1.001030E+00
6.925000E+01 1.002487E+00
6.950000E+01 1.000315E+00
6.975000E+01 1.001931E+00
7.000000E+01 1.001618E+00
7.025000E+01 1.001190E+00
7.050000E+01 1.000963E+00
7.075000E+01 1.001437E+00
7.100000E+01 1.000645E+00
7.125000E+01 1.001727E+00
7.150000E+01 1.002012E+00
7.175000E+01 1.001931E+00
7.200000E+01 1.002222E+00
7.225000E+01 1.001228E+00
7.250000E+01 1.000904E+00
7.275000E+01 1.001471E+00
7.300000E+01 1.001677E+00
7.325000E+01 1.000952E+00
7.350000E+01 1.001146E+00
7.375000E+01 1.000941E+00
7.400000E+01 1.000755E+00
7.425000E+01 1.000782E+00
7.450000E+01 1.001769E+00
7.475000E+01 1.001349E+00
7.500000E+01 1.001329E+00
7.525000E+01 1.002055E+00
7.550000E+01 1.001097E+00
7.575000E+01 1.002210E+00
7.600000E+01 1.001598E+00
7.625000E+01 1.001183E+00
7.650000E+01 1.001178E+00
7.675000E+01 1.001645E+00
7.700000E+01 1.001616E+00
7.725000E+01 1.000658E+00
7.750000E+01 1.001442E+00
7.775000E+01 1.001120E+00
7.800000E+01 1.000582E+00
7.825000E+01 1.001093E+00
7.850000E+01 1.002113E+00
7.875000E+01 1.000960E+00
7.900000E+01 1.001014E+00
7.925000E+01 1.000487E+00
7.950000E+01 1.001442E+00
7.975000E+01 1.001437E+00
8.000000E+01 1.000916E+00
8.025000E+01 1.001090E+00
8.050000E+01 9.998701E-01
8.075000E+01 1.000459E+00
8.100000E+01 1.000746E+00
8.125000E+01 1.000904E+00
8.150000E+01 1.001224E+00
8.175000E+01 1.000530E+00
8.200000E+01 1.000464E+00
8.225000E+01 1.001925E+00
8.250000E+01 1.000473E+00
8.275000E+01 1.001554E+00
8.300000E+01 1.000901E+00
8.325000E+01 1.001621E+00
8.350000E+01 1.000282E+00
8.375000E+01 1.001369E+00
8.400000E+01 1.000926E+00
8.425000E+01 1.001655E+00
8.450000E+01 1.002073E+00
8.475000E+01 1.000951E+00
8.500000E+01 1.000298E+00
8.525000E+01 1.001766E+00
8.550000E+01 1.001181E+00
8.575000E+01 1.001432E+00
8.600000E+01 1.001420E+00
8.625000E+01 1.001003E+00
8.650000E+01 1.000563E+00
8.675000E+01 1.000768E+00
8.700000E+01 1.000243E+00
8.725000E+01 1.001134E+00
8.750000E+01 1.001105E+00
8.775000E+01 1.001073E+00
8.800000E+01 1.000931E+00
8.825000E+01 1.000948E+00
8.850000E+01 1.000616E+00
8.875000E+01 1.000556E+00
8.900000E+01 1.002035E+00
8.925000E+01 1.000201E+00
8.950000E+01 1.001329E+00
8.975000E+01 1.001120E+00
9.000000E+01 1.001793E+00
9.025000E+01 1.000839E+00
9.050000E+01 1.001384E+00
9.075000E+01 1.001045E+00
9.100000E+01 1.000271E+00
9.125000E+01 9.997648E-01
9.150000E+01 1.000620E+00
9.175000E+01 1.001045E+00
9.200000E+01 1.000952E+00
9.225000E+01 1.001502E+00
9.250000E+01 1.001216E+00
9.275000E+01 1.000526E+00
9.300000E+01 1.000330E+00
9.325000E+01 1.000360E+00
9.350000E+01 1.001029E+00
9.375000E+01 1.000336E+00
9.400000E+01 1.000970E+00
9.425000E+01 1.000602E+00
9.450000E+01 9.998420E-01
9.475000E+01 1.001481E+00
9.500000E+01 1.000774E+00
9.525000E+01 1.000488E+00
9.550000E+01 1.001543E+00
9.575000E+01 1.000526E+00
9.600000E+01 1.000634E+00
9.625000E+01 1.000503E+00
9.650000E+01 1.000690E+00
9.675000E+01 1.000717E+00
9.700000E+01 1.001336E+00
9.725000E+01 1.000375E+00
9.750000E+01 1.001058E+00
9.775000E+01 1.000561E+00
9.800000E+01 9.999972E-01
9.825000E+01 1.000711E+00
9.850000E+01 1.000508E+00
9.875000E+01 1.000808E+00
9.900000E+01 1.001474E+00
9.925000E+01 1.000973E+00
9.950000E+01 1.000775E+00
9.975000E+01 1.001702E+00
1.000000E+02 1.000299E+00
1.002500E+02 1.000729E+00
1.005000E+02 1.001121E+00
1.007500E+02 1.000861E+00
1.010000E+02 1.000561E+00
1.012500E+02 1.000997E+00
1.015000E+02 1.001358E+00
1.017500E+02 1.000661E+00
1.020000E+02 1.000100E+00
1.022500E+02 1.000925E+00
1.025000E+02 1.000566E+00
1.027500E+02 1.000429E+00
1.030000E+02 1.000702E+00
1.032500E+02 1.000526E+00
1.035000E+02 1.001375E+00
1.037500E+02 1.000642E+00
1.040000E+02 1.000825E+00
1.042500E+02 1.000799E+00
1.045000E+02 9.999263E-01
1.047500E+02 1.000742E+00
1.050000E+02 1.000666E+00
1.052500E+02 1.000315E+00
1.055000E+02 1.000128E+00
1.057500E+02 1.000536E+00
1.060000E+02 1.000674E+00
1.062500E+02 1.000667E+00
1.065000E+02 1.000516E+00
1.067500E+02 9.997622E-01
1.070000E+02 1.000566E+00
1.072500E+02 1.000198E+00
1.075000E+02 1.001318E+00
1.077500E+02 1.000322E+00
1.080000E+02 1.001252E+00
1.082500E+02 1.000636E+00
1.085000E+02 1.000537E+00
1.087500E+02 1.000579E+00
1.090000E+02 1.000893E+00
1.092500E+02 1.000627E+00
1.095000E+02 1.000788E+00
1.097500E+02 1.000319E+00
1.100000E+02 1.000293E+00
1.102500E+02 9.999344E-01
1.105000E+02 1.001570E+00
1.107500E+02 1.000833E+00
1.110000E+02 1.000053E+00
1.112500E+02 1.000631E+00
1.115000E+02 1.000540E+00
1.117500E+02 1.000562E+00
1.120000E+02 1.000211E+00
1.122500E+02 1.000073E+00
1.125000E+02 1.000563E+00
1.127500E+02 1.000456E+00
1.130000E+02 1.000814E+00
1.132500E+02 9.999772E-01
1.135000E+02 1.000407E+00
1.137500E+02 1.000635E+00
1.140000E+02 1.000143E+00
1.142500E+02 1.001283E+00
1.145000E+02 1.000143E+00
1.147500E+02 9.995611E-01
1.150000E+02 9.996283E-01
1.152500E+02 1.000267E+00
1.155000E+02 1.000184E+00
1.157500E+02 1.000218E+00
1.160000E+02 1.000136E+00
1.162500E+02 9.997165E-01
1.165000E+02 1.000273E+00
1.167500E+02 1.000572E+00
1.170000E+02 1.000360E+00
1.172500E+02 1.000766E+00
1.175000E+02 1.000338E+00
1.177500E+02 1.000183E+00
1.180000E+02 1.000379E+00
1.182500E+02 1.000304E+00
1.185000E+02 1.000402E+00
1.187500E+02 1.000622E+00
1.190000E+02 1.000305E+00
1.192500E+02 9.998529E-01
1.195000E+02 1.000442E+00
1.197500E+02 9.996893E-01
1.200000E+02 1.000482E+00
1.202500E+02 9.997341E-01
1.205000E+02 1.000511E+00
1.207500E+02 1.000327E+00
1.210000E+02 1.000490E+00
1.212500E+02 9.999383E-01
1.215000E+02 1.000189E+00
1.217500E+02 1.000594E+00
1.220000E+02 9.997897E-01
1.222500E+02 9.998305E-01
1.225000E+02 1.000333E+00
1.227500E+02 1.000068E+00
1.230000E+02 9.997727E-01
1.232500E+02 1.000238E+00
1.235000E+02 1.000160E+00
1.237500E+02 9.997340E-01
1.240000E+02 1.000588E+00
1.242500E+02 1.000031E+00
1.245000E+02 1.000497E+00
1.247500E+02 1.000297E+00
1.250000E+02 9.967239E-01
1.252500E+02 9.911883E-01
1.255000E+02 9.851083E-01
1.257500E+02 9.791213E-01
1.260000E+02 9.736593E-01
1.262500E+02 9.678905E-01
1.265000E+02 9.613830E-01
1.267500E+02 9.555541E-01
1.270000E+02 9.500968E-01
1.272500E+02 9.442411E-01
1.275000E+02 9.377933E-01
1.277500E+02 9.324513E-01
1.280000E+02 9.264159E-01
1.282500E+02 9.209195E-01
1.285000E+02 9.161481E-01
1.287500E+02 9.096157E-01
1.290000E+02 9.040081E-01
1.292500E+02 8.989493E-01
1.295000E+02 8.932450E-01
1.297500E+02 8.872672E-01
1.300000E+02 8.818599E-01
1.302500E+02 8.759990E-01
1.305000E+02 8.706500E-01
1.307500E+02 8.650112E-01
1.310000E+02 8.603269E-01
1.312500E+02 8.541871E-01
1.315000E+02 8.497706E-01
1.317500E+02 8.437141E-01
1.320000E+02 8.385440E-01
1.322500E+02 8.332080E-01
1.325000E+02 8.276339E-01
1.327500E+02 8.226238E-01
1.330000E+02 8.163269E-01
1.332500E+02 8.121556E-01
1.335000E+02 8.068881E-01
1.337500E+02 8.016297E-01
1.340000E+02 7.958936E-01
1.342500E+02 7.908585E-01
1.345000E+02 7.857858E-01
1.347500E+02 7.803874E-01
1.350000E+02 7.759007E-01
1.352500E+02 7.702767E-01
1.355000E+02 7.652804E-01
1.357500E+02 7.602523E-01
1.360000E+02 7.546072E-01
1.362500E+02 7.496284E-01
1.365000E+02 7.449086E-01
1.367500E+02 7.405192E-01
1.370000E+02 7.347450E-01
1.372500E+02 7.293606E-01
1.375000E+02 7.251695E-01
1.377500E+02 7.196509E-01
1.380000E+02 7.150902E-01
1.382500E+02 7.103682E-01
1.385000E+02 7.052355E-01
1.387500E+02 7.004114E-01
1.390000E+02 6.953944E-01
1.392500E+02 6.909193E-01
1.395000E+02 6.856253E-01
1.397500E+02 6.816196E-01
1.400000E+02 6.761930E-01
1.402500E+02 6.715488E-01
1.405000E+02 6.667442E-01
1.407500E+02 6.619418E-01
1.410000E+02 6.573287E-01
1.412500E+02 6.527153E-01
1.415000E+02 6.480281E-01
1.417500E+02 6.432319E-01
1.420000E+02 6.389315E-01
1.422500E+02 6.339821E-01
1.425000E+02 6.294417E-01
1.427500E+02 6.248061E-01
1.430000E+02 6.201696E-01
1.432500E+02 6.160752E-01
1.435000E+02 6.112783E-01
1.437500E+02 6.065868E-01
1.440000E+02 6.020124E-01
1.442500E+02 5.972405E-01
1.445000E+02 5.933473E-01
1.447500E+02 5.883424E-01
1.450000E+02 5.840294E-01
1.452500E+02 5.795029E-01
1.455000E+02 5.754027E-01
1.457500E+02 5.707683E-01
1.460000E+02 5.661667E-01
1.462500E+02 5.619164E-01
1.465000E+02 5.575862E-01
1.467500E+02 5.536281E-01
1.470000E+02 5.485475E-01
1.472500E+02 5.445620E-01
1.475000E+02 5.403608E-01
1.477500E+02 5.360732E-01
1.480000E+02 5.317196E-01
1.482500E+02 5.274684E-01
1.485000E+02 5.231869E-01
1.487500E+02 5.189468E-01
1.490000E+02 5.148854E-01
1.492500E+02 5.103530E-01
1.495000E+02 5.065758E-01
1.497500E+02 5.020184E-01
1.500000E+02 4.980454E-01
1.502500E+02 4.939434E-01
1.505000E+02 4.899867E-01
1.507500E+02 4.854440E-01
1.510000E+02 4.816659E-01
1.512500E+02 4.772501E-01
1.515000E+02 4.735132E-01
1.517500E+02 4.694244E-01
1.520000E+02 4.651532E-01
1.522500E+02 4.609408E-01
1.525000E+02 4.569609E-01
1.527500E+02 4.525777E-01
1.530000E+02 4.490083E-01
1.532500E+02 4.447631E-01
1.535000E+02 4.410608E-01
1.537500E+02 4.376501E-01
1.540000E+02 4.332979E-01
1.542500E+02 4.291361E-01
1.545000E+02 4.250531E-01
1.547500E+02 4.212996E-01
1.550000E+02 4.176858E-01
1.552500E+02 4.138443E-01
1.555000E+02 4.095761E-01
1.557500E+02 4.059001E-01
1.560000E+02 4.017059E-01
1.562500E+02 3.979079E-01
1.565000E+02 3.944252E-01
1.567500E+02 3.901622E-01
1.570000E+02 3.866016E-01
1.572500E+02 3.830306E-01
1.575000E+02 3.789487E-01
1.577500E+02 3.752839E-01
1.580000E+02 3.715001E-01
1.582500E+02 3.678291E-01
1.585000E+02 3.640694E-01
1.587500E+02 3.603648E-01
1.590000E+02 3.566038E-01
1.592500E+02 3.527487E-01
1.595000E+02 3.491925E-01
1.597500E+02 3.458976E-01
1.600000E+02 3.417834E-01
1.602500E+02 3.380800E-01
1.605000E+02 3.347805E-01
1.607500E+02 3.311810E-01
1.610000E+02 3.271085E-01
1.612500E+02 3.240116E-01
1.615000E+02 3.201336E-01
1.617500E+02 3.167697E-01
1.620000E+02 3.129377E-01
1.622500E+02 3.093508E-01
1.625000E+02 3.058309E-01
1.627500E+02 3.023977E-01
1.630000E+02 2.988065E-01
1.632500E+02 2.952398E-01
1.635000E+02 2.919246E-01
1.637500E+02 2.880752E-01
1.640000E+02 2.847814E-01
1.642500E+02 2.813361E-01
1.645000E+02 2.781131E-01
1.647500E+02 2.744386E-01
1.650000E+02 2.710232E-01
1.652500E+02 2.675865E-01
1.655000E+02 2.640498E-01
1.657500E+02 2.606912E-01
1.660000E+02 2.574655E-01
1.662500E+02 2.537371E-01
1.665000E+02 2.504745E-01
1.667500E+02 2.472826E-01
1.670000E+02 2.438784E-01
1.672500E+02 2.403475E-01
1.675000E+02 2.369698E-01
1.677500E+02 2.339189E-01
1.680000E+02 2.306238E-01
1.682500E+02 2.272615E-01
1.685000E+02 2.240958E-01
1.687500E+02 2.204145E-01
1.690000E+02 2.172674E-01
1.692500E+02 2.140699E-01
1.695000E+02 2.106363E-01
1.697500E+02 2.072842E-01
1.700000E+02 2.044396E-01
1.702500E+02 2.012252E-01
1.705000E+02 1.977455E-01
1.707500E+02 1.945649E-01
1.710000E+02 1.913719E-01
1.712500E+02 1.881443E-01
1.715000E+02 1.849166E-01
1.717500E+02 1.818288E-01
1.720000E+02 1.786805E-01
1.722500E+02 1.754169E-01
1.725000E+02 1.722542E-01
1.727500E+02 1.691418E-01
1.730000E+02 1.660702E-01
1.732500E+02 1.629222E-01
1.735000E+02 1.596083E-01
1.737500E+02 1.566640E-01
1.740000E+02 1.535682E-01
1.742500E+02 1.504359E-01
1.745000E+02 1.472813E-01
1.747500E+02 1.443469E-01
1.750000E+02 1.413100E-01
1.752500E+02 1.381597E-01
1.755000E+02 1.350804E-01
1.757500E+02 1.321381E-01
1.760000E+02 1.292074E-01
1.762500E+02 1.261419E-01
1.765000E+02 1.230762E-01
1.767500E+02 1.203102E-01
1.770000E+02 1.175532E-01
1.772500E+02 1.149073E-01
1.775000E+02 1.124014E-01
1.777500E+02 1.098252E-01
1.780000E+02 1.075323E-01
1.782500E+02 1.053785E-01
1.785000E+02 1.030906E-01
1.787500E+02 1.011482E-01
1.790000E+02 9.891752E-02
1.792500E+02 9.684710E-02
1.795000E+02 9.486766E-02
1.797500E+02 9.297992E-02
1.800000E+02 9.094781E-02
1.802500E+02 8.903990E-02
1.805000E+02 8.732938E-02
1.807500E+02 8.548523E-02
1.810000E+02 8.368025E-02
1.812500E+02 8.176370E-02
1.815000E+02 8.016489E-02
1.817500E+02 7.864613E-02
1.820000E+02 7.701090E-02
1.822500E+02 7.541773E-02
1.825000E+02 7.372507E-02
1.827500E+02 7.239588E-02
1.830000E+02 7.073116E-02
1.832500E+02 6.931782E-02
1.835000E+02 6.789881E-02
1.837500E+02 6.657046E-02
1.840000E+02 6.496338E-02
1.842500E+02 6.355154E-02
1.845000E+02 6.216172E-02
1.847500E+02 6.089637E-02
1.850000E+02 5.959702E-02
1.852500E+02 5.834595E-02
1.855000E+02 5.713889E-02
1.857500E+02 5.580562E-02
1.860000E+02 5.472427E-02
1.862500E+02 5.343744E-02
1.865000E+02 5.231072E-02
1.867500E+02 5.104549E-02
1.870000E+02 4.996639E-02
1.872500E+02 4.882755E-02
1.875000E+02 4.778624E-02
1.877500E+02 4.670181E-02
1.880000E+02 4.571889E-02
1.882500E+02 4.467409E-02
1.885000E+02 4.362404E-02
1.887500E+02 4.256599E-02
1.890000E+02 4.153722E-02
1.892500E+02 4.067143E-02
1.895000E+02 3.960972E-02
1.897500E+02 3.873412E-02
1.900000E+02 3.780572E-02
1.902500E+02 3.698841E-02
1.905000E+02 3.609566E-02
1.907500E+02 3.515138E-02
1.910000E+02 3.435323E-02
1.912500E+02 3.357269E-02
1.915000E+02 3.269044E-02
1.917500E+02 3.191028E-02
1.920000E+02 3.107829E-02
1.922500E+02 3.025711E-02
1.925000E+02 2.953343E-02
1.927500E+02 2.877869E-02
1.930000E+02 2.805262E-02
1.932500E+02 2.726704E-02
1.935000E+02 2.663718E-02
1.937500E+02 2.588875E-02
1.940000E+02 2.519523E-02
1.942500E+02 2.455260E-02
1.945000E+02 2.386447E-02
1.947500E+02 2.317573E-02
1.950000E+02 2.260290E-02
1.952500E+02 2.196589E-02
1.955000E+02 2.139699E-02
1.957500E+02 2.072196E-02
1.960000E+02 2.015800E-02
1.962500E+02 1.964560E-02
1.965000E+02 1.900442E-02
1.967500E+02 1.840886E-02
1.970000E+02 1.793335E-02
1.972500E+02 1.739752E-02
1.975000E+02 1.685159E-02
1.977500E+02 1.633834E-02
1.980000E+02 1.582970E-02
1.982500E+02 1.535574E-02
1.985000E+02 1.483968E-02
1.987500E+02 1.442471E-02
1.990000E+02 1.392838E-02
1.992500E+02 1.346132E-02
1.995000E+02 1.302055E-02
1.997500E+02 1.261151E-02
2.000000E+02 1.215310E-02
2.002500E+02 1.172590E-02
2.005000E+02 1.133206E-02
2.007500E+02 1.093763E-02
2.010000E+02 1.055158E-02
2.012500E+02 1.014995E-02
2.015000E+02 9.782263E-03
2.017500E+02 9.432900E-03
2.020000E+02 9.064666E-03
2.022500E+02 8.735634E-03
2.025000E+02 8.355880E-03
2.027500E+02 8.059028E-03
2.030000E+02 7.712078E-03
2.032500E+02 7.421325E-03
2.035000E+02 7.097557E-03
2.037500E+02 6.770605E-03
2.040000E+02 6.513433E-03
2.042500E+02 6.215829E-03
2.045000E+02 5.938606E-03
2.047500E+02 5.663106E-03
2.050000E+02 5.417082E-03
2.052500E+02 5.152401E-03
2.055000E+02 4.913792E-03
2.057500E+02 4.661671E-03
2.060000E+02 4.433649E-03
2.062500E+02 4.203103E-03
2.065000E+02 3.997034E-03
2.067500E+02 3.767151E-03
2.070000E+02 3.577246E-03
2.072500E+02 3.354597E-03
2.075000E+02 3.167797E-03
2.077500E+02 3.005021E-03
2.080000E+02 2.811617E-03
2.082500E+02 2.638863E-03
2.085000E+02 2.472004E-03
2.087500E+02 2.300707E-03
2.090000E+02 2.140119E-03
2.092500E+02 1.987728E-03
2.095000E+02 1.835357E-03
2.097500E+02 1.727495E-03
2.100000E+02 1.575144E-03
2.102500E+02 1.460996E-03
2.105000E+02 1.319054E-03
2.107500E+02 1.216064E-03
2.110000E+02 1.108764E-03
2.112500E+02 9.991712E-04
2.115000E+02 9.112425E-04
2.117500E+02 8.186428E-04
2.120000E+02 7.229755E-04
2.122500E+02 6.356264E-04
2.125000E+02 5.606638E-04
2.127500E+02 4.989601E-04
2.130000E+02 4.266995E-04
2.132500E+02 3.637262E-04
2.135000E+02 2.968002E-04
2.137500E+02 2.558812E-04
2.140000E+02 2.053566E-04
2.142500E+02 1.695295E-04
2.145000E+02 1.281286E-04
2.147500E+02 9.323506E-05
2.150000E+02 6.875611E-05
2.152500E+02 4.829474E-05
2.155000E+02 2.820074E-05
2.157500E+02 1.445632E-05
2.160000E+02 5.195337E-06
2.162500E+02 9.283579E-07
