2.500000E-01 0.000000E+00
5.000000E-01 0.000000E+00
7.500000E-01 0.000000E+00
1.000000E+00 0.000000E+00
1.250000E+00 0.000000E+00
1.500000E+00 0.000000E+00
1.750000E+00 0.000000E+00
2.000000E+00 0.000000E+00
2.250000E+00 0.000000E+00
2.500000E+00 0.000000E+00
2.750000E+00 0.000000E+00
3.000000E+00 0.000000E+00
3.250000E+00 0.000000E+00
3.500000E+00 4.112677E-03
3.750000E+00 4.356296E-01
4.000000E+00 4.066227E+00
4.250000E+00 1.005189E+01
4.500000E+00 1.240269E+01
4.750000E+00 1.111562E+01
5.000000E+00 8.811990E+00
5.250000E+00 6.757242E+00
5.500000E+00 5.193055E+00
5.750000E+00 4.190826E+00
6.000000E+00 3.573258E+00
6.250000E+00 3.191226E+00
6.500000E+00 2.886992E+00
6.750000E+00 2.550348E+00
7.000000E+00 2.230058E+00
7.250000E+00 1.962630E+00
7.500000E+00 1.759544E+00
7.750000E+00 1.634313E+00
8.000000E+00 1.570856E+00
8.250000E+00 1.557455E+00
8.500000E+00 1.555437E+00
8.750000E+00 1.535161E+00
9.000000E+00 1.496333E+00
9.250000E+00 1.441251E+00
9.500000E+00 1.382647E+00
9.750000E+00 1.324457E+00
1.000000E+01 1.275828E+00
1.025000E+01 1.241734E+00
1.050000E+01 1.211510E+00
1.075000E+01 1.183812E+00
1.100000E+01 1.158869E+00
1.125000E+01 1.136078E+00
1.150000E+01 1.117550E+00
1.175000E+01 1.100971E+00
1.200000E+01 1.087182E+00
1.225000E+01 1.078817E+00
1.250000E+01 1.071782E+00
1.275000E+01 1.065474E+00
1.300000E+01 1.063285E+00
1.325000E+01 1.057062E+00
1.350000E+01 1.053680E+00
1.375000E+01 1.049281E+00
1.400000E+01 1.046215E+00
1.425000E+01 1.042639E+00
1.450000E+01 1.039232E+00
1.475000E+01 1.037235E+00
1.500000E+01 1.032656E+00
1.525000E+01 1.030128E+00
1.550000E+01 1.028914E+00
1.575000E+01 1.027392E+00
1.600000E+01 1.024641E+00
1.625000E+01 1.023665E+00
1.650000E+01 1.021886E+00
1.675000E+01 1.021041E+00
1.700000E+01 1.020968E+00
1.725000E+01 1.018687E+00
1.750000E+01 1.018474E+00
1.775000E+01 1.017451E+00
1.800000E+01 1.017171E+00
1.825000E+01 1.015907E+00
1.850000E+01 1.016937E+00
1.875000E+01 1.015668E+00
1.900000E+01 1.014177E+00
1.925000E+01 1.014707E+00
1.950000E+01 1.013772E+00
1.975000E+01 1.013465E+00
2.000000E+01 1.013037E+00
2.025000E+01 1.012325E+00
2.050000E+01 1.012934E+00
2.075000E+01 1.013234E+00
2.100000E+01 1.013605E+00
2.125000E+01 1.012063E+00
2.150000E+01 1.011394E+00
2.175000E+01 1.012246E+00
2.200000E+01 1.011669E+00
2.225000E+01 1.011124E+00
2.250000E+01 1.010624E+00
2.275000E+01 1.011431E+00
2.300000E+01 1.011159E+00
2.325000E+01 1.010881E+00
2.350000E+01 1.010786E+00
2.375000E+01 1.010245E+00
2.400000E+01 1.010323E+00
2.425000E+01 1.009864E+00
2.450000E+01 1.009877E+00
2.475000E+01 1.009171E+00
2.500000E+01 1.009804E+00
2.525000E+01 1.009681E+00
2.550000E+01 1.009348E+00
2.575000E+01 1.009743E+00
2.600000E+01 1.009961E+00
2.625000E+01 1.008825E+00
2.650000E+01 1.008736E+00
2.675000E+01 1.009008E+00
2.700000E+01 1.009030E+00
2.725000E+01 1.008666E+00
2.750000E+01 1.008492E+00
2.775000E+01 1.008533E+00
2.800000E+01 1.008297E+00
2.825000E+01 1.008933E+00
2.850000E+01 1.008491E+00
2.875000E+01 1.008078E+00
2.900000E+01 1.008376E+00
2.925000E+01 1.008509E+00
2.950000E+01 1.008346E+00
2.975000E+01 1.008303E+00
3.000000E+01 1.007873E+00
3.025000E+01 1.007381E+00
3.050000E+01 1.008066E+00
3.075000E+01 1.007862E+00
3.100000E+01 1.007705E+00
3.125000E+01 1.008027E+00
3.150000E+01 1.008044E+00
3.175000E+01 1.007931E+00
3.200000E+01 1.007658E+00
3.225000E+01 1.007404E+00
3.250000E+01 1.007406E+00
3.275000E+01 1.007345E+00
3.300000E+01 1.007500E+00
3.325000E+01 1.007153E+00
3.350000E+01 1.006866E+00
3.375000E+01 1.007528E+00
3.400000E+01 1.006915E+00
3.425000E+01 1.007180E+00
3.450000E+01 1.006661E+00
3.475000E+01 1.007157E+00
3.500000E+01 1.006959E+00
3.525000E+01 1.006635E+00
3.550000E+01 1.006504E+00
3.575000E+01 1.006808E+00
3.600000E+01 1.006838E+00
3.625000E+01 1.006989E+00
3.650000E+01 1.006592E+00
3.675000E+01 1.006671E+00
3.700000E+01 1.006671E+00
3.725000E+01 1.006495E+00
3.750000E+01 1.006361E+00
3.775000E+01 1.006348E+00
3.800000E+01 1.006272E+00
3.825000E+01 1.006469E+00
3.850000E+01 1.005884E+00
3.875000E+01 1.006564E+00
3.900000E+01 1.006071E+00
3.925000E+01 1.005771E+00
3.950000E+01 1.006621E+00
3.975000E+01 1.006322E+00
4.000000E+01 1.005912E+00
4.025000E+01 1.005902E+00
4.050000E+01 1.006047E+00
4.075000E+01 1.005621E+00
4.100000E+01 1.005974E+00
4.125000E+01 1.005908E+00
4.150000E+01 1.005537E+00
4.175000E+01 1.005829E+00
4.200000E+01 1.005228E+00
4.225000E+01 1.005618E+00
4.250000E+01 1.005488E+00
4.275000E+01 1.005392E+00
4.300000E+01 1.005337E+00
4.325000E+01 1.005357E+00
4.350000E+01 1.005433E+00
4.375000E+01 1.005435E+00
4.400000E+01 1.005185E+00
4.425000E+01 1.005671E+00
4.450000E+01 1.005545E+00
4.475000E+01 1.005388E+00
4.500000E+01 1.005200E+00
4.525000E+01 1.005415E+00
4.550000E+01 1.004985E+00
4.575000E+01 1.005086E+00
4.600000E+01 1.004886E+00
4.625000E+01 1.004689E+00
4.650000E+01 1.004902E+00
4.675000E+01 1.004865E+00
4.700000E+01 1.005038E+00
4.725000E+01 1.004851E+00
4.750000E+01 1.005033E+00
4.775000E+01 1.004534E+00
4.800000E+01 1.004964E+00
4.825000E+01 1.004633E+00
4.850000E+01 1.004744E+00
4.875000E+01 1.004736E+00
4.900000E+01 1.004943E+00
4.925000E+01 1.004458E+00
4.950000E+01 1.004584E+00
4.975000E+01 1.004834E+00
5.000000E+01 1.004548E+00
5.025000E+01 1.004320E+00
5.050000E+01 1.005052E+00
5.075000E+01 1.004838E+00
5.100000E+01 1.004577E+00
5.125000E+01 1.004582E+00
5.150000E+01 1.004563E+00
5.175000E+01 1.004012E+00
5.200000E+01 1.004546E+00
5.225000E+01 1.005035E+00
5.250000E+01 1.004336E+00
5.275000E+01 1.003998E+00
5.300000E+01 1.004330E+00
5.325000E+01 1.004237E+00
5.350000E+01 1.004092E+00
5.375000E+01 1.004444E+00
5.400000E+01 1.004367E+00
5.425000E+01 1.004518E+00
5.450000E+01 1.003960E+00
5.475000E+01 1.004220E+00
5.500000E+01 1.004098E+00
5.525000E+01 1.004490E+00
5.550000E+01 1.004145E+00
5.575000E+01 1.004009E+00
5.600000E+01 1.004228E+00
5.625000E+01 1.003992E+00
5.650000E+01 1.004547E+00
5.675000E+01 1.003862E+00
5.700000E+01 1.004055E+00
5.725000E+01 1.004102E+00
5.750000E+01 1.004086E+00
5.775000E+01 1.004087E+00
5.800000E+01 1.004111E+00
5.825000E+01 1.003838E+00
5.850000E+01 1.003981E+00
5.875000E+01 1.003701E+00
5.900000E+01 1.004009E+00
5.925000E+01 1.003821E+00
5.950000E+01 1.004067E+00
5.975000E+01 1.003649E+00
6.000000E+01 1.004032E+00
6.025000E+01 1.003849E+00
6.050000E+01 1.003567E+00
6.075000E+01 1.003403E+00
6.100000E+01 1.003689E+00
6.125000E+01 1.003642E+00
6.150000E+01 1.003574E+00
6.175000E+01 1.003281E+00
6.200000E+01 1.003482E+00
6.225000E+01 1.003401E+00
6.250000E+01 1.003488E+00
6.275000E+01 1.003351E+00
6.300000E+01 1.003527E+00
6.325000E+01 1.003464E+00
6.350000E+01 1.003665E+00
6.375000E+01 1.003622E+00
6.400000E+01 1.003682E+00
6.425000E+01 1.003504E+00
6.450000E+01 1.003523E+00
6.475000E+01 1.003391E+00
6.500000E+01 1.003373E+00
6.525000E+01 1.003486E+00
6.550000E+01 1.003115E+00
6.575000E+01 1.003546E+00
6.600000E+01 1.003449E+00
6.625000E+01 1.003224E+00
6.650000E+01 1.003385E+00
6.675000E+01 1.003273E+00
6.700000E+01 1.003443E+00
6.725000E+01 1.003235E+00
6.750000E+01 1.003365E+00
6.775000E+01 1.003356E+00
6.800000E+01 1.003007E+00
6.825000E+01 1.003102E+00
6.850000E+01 1.003120E+00
6.875000E+01 1.003243E+00
6.900000E+01 1.003406E+00
6.925000E+01 1.003155E+00
6.950000E+01 1.003349E+00
6.975000E+01 1.003147E+00
7.000000E+01 1.003213E+00
7.025000E+01 1.003151E+00
7.050000E+01 1.002958E+00
7.075000E+01 1.003039E+00
7.100000E+01 1.003167E+00
7.125000E+01 1.003113E+00
7.150000E+01 1.003340E+00
7.175000E+01 1.003228E+00
7.200000E+01 1.003115E+00
7.225000E+01 1.003092E+00
7.250000E+01 1.003186E+00
7.275000E+01 1.003352E+00
7.300000E+01 1.003085E+00
7.325000E+01 1.003083E+00
7.350000E+01 1.003083E+00
7.375000E+01 1.002932E+00
7.400000E+01 1.003080E+00
7.425000E+01 1.003051E+00
7.450000E+01 1.002908E+00
7.475000E+01 1.002955E+00
7.500000E+01 1.002765E+00
7.525000E+01 1.002830E+00
7.550000E+01 1.002905E+00
7.575000E+01 1.003114E+00
7.600000E+01 1.002686E+00
7.625000E+01 1.002887E+00
7.650000E+01 1.002831E+00
7.675000E+01 1.002831E+00
7.700000E+01 1.002959E+00
7.725000E+01 1.002969E+00
7.750000E+01 1.002834E+00
7.775000E+01 1.002842E+00
7.800000E+01 1.002890E+00
7.825000E+01 1.003020E+00
7.850000E+01 1.002670E+00
7.875000E+01 1.002536E+00
7.900000E+01 1.002829E+00
7.925000E+01 1.002685E+00
7.950000E+01 1.002806E+00
7.975000E+01 1.002554E+00
8.000000E+01 1.002675E+00
8.025000E+01 1.002461E+00
8.050000E+01 1.002595E+00
8.075000E+01 1.002713E+00
8.100000E+01 1.002570E+00
8.125000E+01 1.002675E+00
8.150000E+01 1.002604E+00
8.175000E+01 1.002511E+00
8.200000E+01 1.002660E+00
8.225000E+01 1.002481E+00
8.250000E+01 1.002517E+00
8.275000E+01 1.002642E+00
8.300000E+01 1.002560E+00
8.325000E+01 1.002574E+00
8.350000E+01 1.002533E+00
8.375000E+01 1.002537E+00
8.400000E+01 1.002384E+00
8.425000E+01 1.002388E+00
8.450000E+01 1.002326E+00
8.475000E+01 1.002363E+00
8.500000E+01 1.002476E+00
8.525000E+01 1.002323E+00
8.550000E+01 1.002465E+00
8.575000E+01 1.002605E+00
8.600000E+01 1.002639E+00
8.625000E+01 1.002376E+00
8.650000E+01 1.002404E+00
8.675000E+01 1.002470E+00
8.700000E+01 1.002374E+00
8.725000E+01 1.002401E+00
8.750000E+01 1.002448E+00
8.775000E+01 1.002364E+00
8.800000E+01 1.002508E+00
8.825000E+01 1.002145E+00
8.850000E+01 1.002352E+00
8.875000E+01 1.002228E+00
8.900000E+01 1.002315E+00
8.925000E+01 1.002369E+00
8.950000E+01 1.002408E+00
8.975000E+01 1.002155E+00
9.000000E+01 1.002242E+00
9.025000E+01 1.002358E+00
9.050000E+01 1.002241E+00
9.075000E+01 1.002249E+00
9.100000E+01 1.002247E+00
9.125000E+01 1.002413E+00
9.150000E+01 1.002169E+00
9.175000E+01 1.002215E+00
9.200000E+01 1.002215E+00
9.225000E+01 1.002212E+00
9.250000E+01 1.002379E+00
9.275000E+01 1.002098E+00
9.300000E+01 1.002284E+00
9.325000E+01 1.002208E+00
9.350000E+01 1.002042E+00
9.375000E+01 1.002046E+00
9.400000E+01 1.002190E+00
9.425000E+01 1.002235E+00
9.450000E+01 1.001939E+00
9.475000E+01 1.002327E+00
9.500000E+01 1.002338E+00
9.525000E+01 1.002263E+00
9.550000E+01 1.002105E+00
9.575000E+01 1.002033E+00
9.600000E+01 1.002002E+00
9.625000E+01 1.001954E+00
9.650000E+01 1.002021E+00
9.675000E+01 1.001922E+00
9.700000E+01 1.002064E+00
9.725000E+01 1.002120E+00
9.750000E+01 1.001911E+00
9.775000E+01 1.002001E+00
9.800000E+01 1.002115E+00
9.825000E+01 1.001879E+00
9.850000E+01 1.001890E+00
9.875000E+01 1.002177E+00
9.900000E+01 1.001972E+00
9.925000E+01 1.001819E+00
9.950000E+01 1.001826E+00
9.975000E+01 1.001881E+00
1.000000E+02 1.002075E+00
1.002500E+02 1.001733E+00
1.005000E+02 1.001971E+00
1.007500E+02 1.001892E+00
1.010000E+02 1.001928E+00
1.012500E+02 1.002136E+00
1.015000E+02 1.001900E+00
1.017500E+02 1.001953E+00
1.020000E+02 1.002164E+00
1.022500E+02 1.001713E+00
1.025000E+02 1.001965E+00
1.027500E+02 1.001867E+00
1.030000E+02 1.001974E+00
1.032500E+02 1.001967E+00
1.035000E+02 1.002027E+00
1.037500E+02 1.001857E+00
1.040000E+02 1.001967E+00
1.042500E+02 1.001700E+00
1.045000E+02 1.001888E+00
1.047500E+02 1.001639E+00
1.050000E+02 1.001813E+00
1.052500E+02 1.001827E+00
1.055000E+02 1.001763E+00
1.057500E+02 1.002121E+00
1.060000E+02 1.001905E+00
1.062500E+02 1.001715E+00
1.065000E+02 1.001730E+00
1.067500E+02 1.001781E+00
1.070000E+02 1.001658E+00
1.072500E+02 1.001758E+00
1.075000E+02 1.001739E+00
1.077500E+02 1.001867E+00
1.080000E+02 1.001858E+00
1.082500E+02 1.001842E+00
1.085000E+02 1.001812E+00
1.087500E+02 1.001799E+00
1.090000E+02 1.001865E+00
1.092500E+02 1.001676E+00
1.095000E+02 1.001811E+00
1.097500E+02 1.001681E+00
1.100000E+02 1.001829E+00
1.102500E+02 1.001789E+00
1.105000E+02 1.001920E+00
1.107500E+02 1.001849E+00
1.110000E+02 1.001740E+00
1.112500E+02 1.001651E+00
1.115000E+02 1.001786E+00
1.117500E+02 1.001685E+00
1.120000E+02 1.001894E+00
1.122500E+02 1.001609E+00
1.125000E+02 1.001556E+00
1.127500E+02 1.001619E+00
1.130000E+02 1.001781E+00
1.132500E+02 1.001581E+00
1.135000E+02 1.001750E+00
1.137500E+02 1.001861E+00
1.140000E+02 1.001586E+00
1.142500E+02 1.001693E+00
1.145000E+02 1.001591E+00
1.147500E+02 1.001855E+00
1.150000E+02 1.001683E+00
1.152500E+02 1.001635E+00
1.155000E+02 1.001604E+00
1.157500E+02 1.001526E+00
1.160000E+02 1.001621E+00
1.162500E+02 1.001672E+00
1.165000E+02 1.001660E+00
1.167500E+02 1.001819E+00
1.170000E+02 1.001816E+00
1.172500E+02 1.001708E+00
1.175000E+02 1.001672E+00
1.177500E+02 1.001524E+00
1.180000E+02 1.001539E+00
1.182500E+02 1.001705E+00
1.185000E+02 1.001771E+00
1.187500E+02 1.001475E+00
1.190000E+02 1.001662E+00
1.192500E+02 1.001695E+00
1.195000E+02 1.001625E+00
1.197500E+02 1.001775E+00
1.200000E+02 1.001745E+00
1.202500E+02 1.001537E+00
1.205000E+02 1.001838E+00
1.207500E+02 1.001636E+00
1.210000E+02 1.001598E+00
1.212500E+02 1.001496E+00
1.215000E+02 1.001615E+00
1.217500E+02 1.001591E+00
1.220000E+02 1.001600E+00
1.222500E+02 1.001669E+00
1.225000E+02 1.001576E+00
1.227500E+02 1.001565E+00
1.230000E+02 1.001655E+00
1.232500E+02 1.001696E+00
1.235000E+02 1.001583E+00
1.237500E+02 1.001602E+00
1.240000E+02 1.001659E+00
1.242500E+02 1.001623E+00
1.245000E+02 1.001692E+00
1.247500E+02 1.001661E+00
1.250000E+02 9.986396E-01
1.252500E+02 9.926900E-01
1.255000E+02 9.866862E-01
1.257500E+02 9.806890E-01
1.260000E+02 9.748091E-01
1.262500E+02 9.687545E-01
1.265000E+02 9.628653E-01
1.267500E+02 9.571993E-01
1.270000E+02 9.512350E-01
1.272500E+02 9.455534E-01
1.275000E+02 9.398642E-01
1.277500E+02 9.339604E-01
1.280000E+02 9.282564E-01
1.282500E+02 9.226063E-01
1.285000E+02 9.167795E-01
1.287500E+02 9.112742E-01
1.290000E+02 9.054197E-01
1.292500E+02 8.998781E-01
1.295000E+02 8.943291E-01
1.297500E+02 8.887038E-01
1.300000E+02 8.830317E-01
1.302500E+02 8.776737E-01
1.305000E+02 8.721688E-01
1.307500E+02 8.664542E-01
1.310000E+02 8.610263E-01
1.312500E+02 8.557280E-01
1.315000E+02 8.502471E-01
1.317500E+02 8.447957E-01
1.320000E+02 8.393579E-01
1.322500E+02 8.340267E-01
1.325000E+02 8.286862E-01
1.327500E+02 8.233686E-01
1.330000E+02 8.181088E-01
1.332500E+02 8.127805E-01
1.335000E+02 8.075103E-01
1.337500E+02 8.023705E-01
1.340000E+02 7.970697E-01
1.342500E+02 7.918426E-01
1.345000E+02 7.867337E-01
1.347500E+02 7.813169E-01
1.350000E+02 7.761938E-01
1.352500E+02 7.712092E-01
1.355000E+02 7.660069E-01
1.357500E+02 7.609815E-01
1.360000E+02 7.559161E-01
1.362500E+02 7.508244E-01
1.365000E+02 7.458156E-01
1.367500E+02 7.407477E-01
1.370000E+02 7.357942E-01
1.372500E+02 7.308209E-01
1.375000E+02 7.257005E-01
1.377500E+02 7.209027E-01
1.380000E+02 7.160153E-01
1.382500E+02 7.108817E-01
1.385000E+02 7.060845E-01
1.387500E+02 7.012303E-01
1.390000E+02 6.964382E-01
1.392500E+02 6.915184E-01
1.395000E+02 6.867490E-01
1.397500E+02 6.818567E-01
1.400000E+02 6.770840E-01
1.402500E+02 6.722451E-01
1.405000E+02 6.675518E-01
1.407500E+02 6.627861E-01
1.410000E+02 6.581408E-01
1.412500E+02 6.534861E-01
1.415000E+02 6.486767E-01
1.417500E+02 6.440505E-01
1.420000E+02 6.393351E-01
1.422500E+02 6.347183E-01
1.425000E+02 6.301228E-01
1.427500E+02 6.255308E-01
1.430000E+02 6.208948E-01
1.432500E+02 6.163151E-01
1.435000E+02 6.117835E-01
1.437500E+02 6.071897E-01
1.440000E+02 6.026650E-01
1.442500E+02 5.981681E-01
1.445000E+02 5.936718E-01
1.447500E+02 5.891275E-01
1.450000E+02 5.847687E-01
1.452500E+02 5.803152E-01
1.455000E+02 5.759328E-01
1.457500E+02 5.713666E-01
1.460000E+02 5.669662E-01
1.462500E+02 5.627051E-01
1.465000E+02 5.582967E-01
1.467500E+02 5.539117E-01
1.470000E+02 5.495492E-01
1.472500E+02 5.452240E-01
1.475000E+02 5.408252E-01
1.477500E+02 5.365743E-01
1.480000E+02 5.323438E-01
1.482500E+02 5.280203E-01
1.485000E+02 5.238855E-01
1.487500E+02 5.194407E-01
1.490000E+02 5.152358E-01
1.492500E+02 5.110525E-01
1.495000E+02 5.068763E-01
1.497500E+02 5.026323E-01
1.500000E+02 4.985572E-01
1.502500E+02 4.943755E-01
1.505000E+02 4.901634E-01
1.507500E+02 4.860826E-01
1.510000E+02 4.819763E-01
1.512500E+02 4.779260E-01
1.515000E+02 4.737264E-01
1.517500E+02 4.697429E-01
1.520000E+02 4.656926E-01
1.522500E+02 4.616034E-01
1.525000E+02 4.575573E-01
1.527500E+02 4.535365E-01
1.530000E+02 4.495257E-01
1.532500E+02 4.455745E-01
1.535000E+02 4.415605E-01
1.537500E+02 4.375937E-01
1.540000E+02 4.335690E-01
1.542500E+02 4.296387E-01
1.545000E+02 4.257173E-01
1.547500E+02 4.217243E-01
1.550000E+02 4.179017E-01
1.552500E+02 4.139665E-01
1.555000E+02 4.100323E-01
1.557500E+02 4.062373E-01
1.560000E+02 4.024069E-01
1.562500E+02 3.985845E-01
1.565000E+02 3.946587E-01
1.567500E+02 3.909151E-01
1.570000E+02 3.870449E-01
1.572500E+02 3.833327E-01
1.575000E+02 3.794926E-01
1.577500E+02 3.756814E-01
1.580000E+02 3.719681E-01
1.582500E+02 3.681859E-01
1.585000E+02 3.644953E-01
1.587500E+02 3.607585E-01
1.590000E+02 3.569887E-01
1.592500E+02 3.533315E-01
1.595000E+02 3.496364E-01
1.597500E+02 3.459150E-01
1.600000E+02 3.422765E-01
1.602500E+02 3.386455E-01
1.605000E+02 3.349593E-01
1.607500E+02 3.314308E-01
1.610000E+02 3.277833E-01
1.612500E+02 3.241763E-01
1.615000E+02 3.205025E-01
1.617500E+02 3.169708E-01
1.620000E+02 3.134008E-01
1.622500E+02 3.098315E-01
1.625000E+02 3.063226E-01
1.627500E+02 3.026237E-01
1.630000E+02 2.991919E-01
1.632500E+02 2.956950E-01
1.635000E+02 2.921737E-01
1.637500E+02 2.886543E-01
1.640000E+02 2.851655E-01
1.642500E+02 2.816469E-01
1.645000E+02 2.781960E-01
1.647500E+02 2.747808E-01
1.650000E+02 2.713200E-01
1.652500E+02 2.678285E-01
1.655000E+02 2.644704E-01
1.657500E+02 2.609760E-01
1.660000E+02 2.575924E-01
1.662500E+02 2.542462E-01
1.665000E+02 2.508410E-01
1.667500E+02 2.474159E-01
1.670000E+02 2.440391E-01
1.672500E+02 2.407489E-01
1.675000E+02 2.374406E-01
1.677500E+02 2.339715E-01
1.680000E+02 2.307117E-01
1.682500E+02 2.273646E-01
1.685000E+02 2.240923E-01
1.687500E+02 2.208452E-01
1.690000E+02 2.175548E-01
1.692500E+02 2.142216E-01
1.695000E+02 2.110233E-01
1.697500E+02 2.077245E-01
1.700000E+02 2.044629E-01
1.702500E+02 2.012494E-01
1.705000E+02 1.979371E-01
1.707500E+02 1.948122E-01
1.710000E+02 1.915597E-01
1.712500E+02 1.884002E-01
1.715000E+02 1.851826E-01
1.717500E+02 1.819774E-01
1.720000E+02 1.788338E-01
1.722500E+02 1.756723E-01
1.725000E+02 1.725395E-01
1.727500E+02 1.693457E-01
1.730000E+02 1.662432E-01
1.732500E+02 1.631193E-01
1.735000E+02 1.599983E-01
1.737500E+02 1.568908E-01
1.740000E+02 1.538025E-01
1.742500E+02 1.506868E-01
1.745000E+02 1.476070E-01
1.747500E+02 1.445413E-01
1.750000E+02 1.414517E-01
1.752500E+02 1.384334E-01
1.755000E+02 1.354130E-01
1.757500E+02 1.323023E-01
1.760000E+02 1.292958E-01
1.762500E+02 1.263030E-01
1.765000E+02 1.232874E-01
1.767500E+02 1.203135E-01
1.770000E+02 1.175615E-01
1.772500E+02 1.149938E-01
1.775000E+02 1.124808E-01
1.777500E+02 1.100688E-01
1.780000E+02 1.077255E-01
1.782500E+02 1.054594E-01
1.785000E+02 1.032302E-01
1.787500E+02 1.011305E-01
1.790000E+02 9.898670E-02
1.792500E+02 9.693910E-02
1.795000E+02 9.491247E-02
1.797500E+02 9.296673E-02
1.800000E+02 9.106431E-02
1.802500E+02 8.916850E-02
1.805000E+02 8.736203E-02
1.807500E+02 8.551438E-02
1.810000E+02 8.376323E-02
1.812500E+02 8.201335E-02
1.815000E+02 8.035130E-02
1.817500E+02 7.865192E-02
1.820000E+02 7.702769E-02
1.822500E+02 7.546370E-02
1.825000E+02 7.389118E-02
1.827500E+02 7.232077E-02
1.830000E+02 7.082899E-02
1.832500E+02 6.935671E-02
1.835000E+02 6.787609E-02
1.837500E+02 6.646349E-02
1.840000E+02 6.507052E-02
1.842500E+02 6.366858E-02
1.845000E+02 6.230303E-02
1.847500E+02 6.099133E-02
1.850000E+02 5.969362E-02
1.852500E+02 5.841724E-02
1.855000E+02 5.715631E-02
1.857500E+02 5.590472E-02
1.860000E+02 5.467383E-02
1.862500E+02 5.350508E-02
1.865000E+02 5.233930E-02
1.867500E+02 5.115940E-02
1.870000E+02 5.005559E-02
1.872500E+02 4.893190E-02
1.875000E+02 4.781153E-02
1.877500E+02 4.677416E-02
1.880000E+02 4.570308E-02
1.882500E+02 4.467177E-02
1.885000E+02 4.364106E-02
1.887500E+02 4.263622E-02
1.890000E+02 4.165220E-02
1.892500E+02 4.069690E-02
1.895000E+02 3.974791E-02
1.897500E+02 3.881830E-02
1.900000E+02 3.789563E-02
1.902500E+02 3.698360E-02
1.905000E+02 3.608395E-02
1.907500E+02 3.522623E-02
1.910000E+02 3.437151E-02
1.912500E+02 3.353610E-02
1.915000E+02 3.271705E-02
1.917500E+02 3.190598E-02
1.920000E+02 3.111927E-02
1.922500E+02 3.034313E-02
1.925000E+02 2.957466E-02
1.927500E+02 2.878761E-02
1.930000E+02 2.805375E-02
1.932500E+02 2.733729E-02
1.935000E+02 2.664914E-02
1.937500E+02 2.593858E-02
1.940000E+02 2.524625E-02
1.942500E+02 2.456234E-02
1.945000E+02 2.390608E-02
1.947500E+02 2.327357E-02
1.950000E+02 2.261000E-02
1.952500E+02 2.199170E-02
1.955000E+02 2.136537E-02
1.957500E+02 2.077328E-02
1.960000E+02 2.018157E-02
1.962500E+02 1.960646E-02
1.965000E+02 1.902693E-02
1.967500E+02 1.849151E-02
1.970000E+02 1.792803E-02
1.972500E+02 1.739845E-02
1.975000E+02 1.687260E-02
1.977500E+02 1.635395E-02
1.980000E+02 1.585672E-02
1.982500E+02 1.535149E-02
1.985000E+02 1.487023E-02
1.987500E+02 1.440388E-02
1.990000E+02 1.393611E-02
1.992500E+02 1.347593E-02
1.995000E+02 1.302210E-02
1.997500E+02 1.259998E-02
2.000000E+02 1.215538E-02
2.002500E+02 1.174185E-02
2.005000E+02 1.133848E-02
2.007500E+02 1.092967E-02
2.010000E+02 1.054099E-02
2.012500E+02 1.017243E-02
2.015000E+02 9.782566E-03
2.017500E+02 9.419643E-03
2.020000E+02 9.070102E-03
2.022500E+02 8.718356E-03
2.025000E+02 8.377069E-03
2.027500E+02 8.040332E-03
2.030000E+02 7.721530E-03
2.032500E+02 7.400183E-03
2.035000E+02 7.098092E-03
2.037500E+02 6.792659E-03
2.040000E+02 6.513661E-03
2.042500E+02 6.223837E-03
2.045000E+02 5.950447E-03
2.047500E+02 5.678419E-03
2.050000E+02 5.412804E-03
2.052500E+02 5.156429E-03
2.055000E+02 4.908387E-03
2.057500E+02 4.665994E-03
2.060000E+02 4.432944E-03
2.062500E+02 4.208512E-03
2.065000E+02 3.989293E-03
2.067500E+02 3.767602E-03
2.070000E+02 3.564364E-03
2.072500E+02 3.364499E-03
2.075000E+02 3.163126E-03
2.077500E+02 2.986604E-03
2.080000E+02 2.795175E-03
2.082500E+02 2.625466E-03
2.085000E+02 2.462724E-03
2.087500E+02 2.295930E-03
2.090000E+02 2.137382E-03
2.092500E+02 1.988408E-03
2.095000E+02 1.849787E-03
2.097500E+02 1.704408E-03
2.100000E+02 1.570684E-03
2.102500E+02 1.448425E-03
2.105000E+02 1.328595E-03
2.107500E+02 1.216019E-03
2.110000E+02 1.103221E-03
2.112500E+02 1.000467E-03
2.115000E+02 9.005908E-04
2.117500E+02 8.086849E-04
2.120000E+02 7.203575E-04
2.122500E+02 6.366849E-04
2.125000E+02 5.597343E-04
2.127500E+02 4.886143E-04
2.130000E+02 4.231979E-04
2.132500E+02 3.617465E-04
2.135000E+02 3.051212E-04
2.137500E+02 2.537585E-04
2.140000E+02 2.069912E-04
2.142500E+02 1.651646E-04
2.145000E+02 1.285941E-04
2.147500E+02 9.655342E-05
2.150000E+02 6.883597E-05
2.152500E+02 4.584884E-05
2.155000E+02 2.782569E-05
2.157500E+02 1.428529E-05
2.160000E+02 5.411174E-06
2.162500E+02 8.272350E-07
