2.500000E-01 0.000000E+00
5.000000E-01 0.000000E+00
7.500000E-01 0.000000E+00
1.000000E+00 0.000000E+00
1.250000E+00 0.000000E+00
1.500000E+00 0.000000E+00
1.750000E+00 0.000000E+00
2.000000E+00 0.000000E+00
2.250000E+00 0.000000E+00
2.500000E+00 0.000000E+00
2.750000E+00 0.000000E+00
3.000000E+00 0.000000E+00
3.250000E+00 1.712575E-04
3.500000E+00 5.035409E-02
3.750000E+00 4.258925E+00
4.000000E+00 3.189817E+01
4.250000E+00 6.357170E+01
4.500000E+00 6.421551E+01
4.750000E+00 4.790052E+01
5.000000E+00 3.203742E+01
5.250000E+00 2.106294E+01
5.500000E+00 1.421168E+01
5.750000E+00 1.020364E+01
6.000000E+00 7.866287E+00
6.250000E+00 6.455341E+00
6.500000E+00 5.446161E+00
6.750000E+00 4.481962E+00
7.000000E+00 3.654917E+00
7.250000E+00 3.047775E+00
7.500000E+00 2.663066E+00
7.750000E+00 2.557393E+00
8.000000E+00 2.712175E+00
8.250000E+00 3.017438E+00
8.500000E+00 3.275963E+00
8.750000E+00 3.226087E+00
9.000000E+00 2.974738E+00
9.250000E+00 2.607660E+00
9.500000E+00 2.254029E+00
9.750000E+00 1.975513E+00
1.000000E+01 1.764427E+00
1.025000E+01 1.610279E+00
1.050000E+01 1.480843E+00
1.075000E+01 1.389805E+00
1.100000E+01 1.325989E+00
1.125000E+01 1.268912E+00
1.150000E+01 1.222562E+00
1.175000E+01 1.201108E+00
1.200000E+01 1.181129E+00
1.225000E+01 1.169888E+00
1.250000E+01 1.169382E+00
1.275000E+01 1.169774E+00
1.300000E+01 1.165215E+00
1.325000E+01 1.151993E+00
1.350000E+01 1.123587E+00
1.375000E+01 1.110589E+00
1.400000E+01 1.100250E+00
1.425000E+01 1.076111E+00
1.450000E+01 1.062502E+00
1.475000E+01 1.059217E+00
1.500000E+01 1.053291E+00
1.525000E+01 1.039364E+00
1.550000E+01 1.041246E+00
1.575000E+01 1.034610E+00
1.600000E+01 1.031939E+00
1.625000E+01 1.031286E+00
1.650000E+01 1.026583E+00
1.675000E+01 1.024652E+00
1.700000E+01 1.023416E+00
1.725000E+01 1.021067E+00
1.750000E+01 1.022356E+00
1.775000E+01 1.027003E+00
1.800000E+01 1.018722E+00
1.825000E+01 1.017491E+00
1.850000E+01 1.017645E+00
1.875000E+01 1.013153E+00
1.900000E+01 1.011345E+00
1.925000E+01 1.016503E+00
1.950000E+01 1.012774E+00
1.975000E+01 1.012710E+00
2.000000E+01 1.015742E+00
2.025000E+01 1.012322E+00
2.050000E+01 1.007595E+00
2.075000E+01 1.011522E+00
2.100000E+01 1.011155E+00
2.125000E+01 1.010280E+00
2.150000E+01 1.012351E+00
2.175000E+01 1.011398E+00
2.200000E+01 1.011183E+00
2.225000E+01 1.009382E+00
2.250000E+01 1.012470E+00
2.275000E+01 1.010175E+00
2.300000E+01 1.008239E+00
2.325000E+01 1.011148E+00
2.350000E+01 1.005124E+00
2.375000E+01 1.007444E+00
2.400000E+01 1.009069E+00
2.425000E+01 1.010675E+00
2.450000E+01 1.006789E+00
2.475000E+01 1.006861E+00
2.500000E+01 1.007663E+00
2.525000E+01 1.006613E+00
2.550000E+01 1.009622E+00
2.575000E+01 1.006032E+00
2.600000E+01 1.005662E+00
2.625000E+01 1.006932E+00
2.650000E+01 1.008952E+00
2.675000E+01 1.008413E+00
2.700000E+01 1.005716E+00
2.725000E+01 1.006616E+00
2.750000E+01 1.005380E+00
2.775000E+01 1.006334E+00
2.800000E+01 1.006953E+00
2.825000E+01 1.007861E+00
2.850000E+01 1.007483E+00
2.875000E+01 1.006025E+00
2.900000E+01 1.003327E+00
2.925000E+01 1.008174E+00
2.950000E+01 1.008758E+00
2.975000E+01 1.005868E+00
3.000000E+01 1.005932E+00
3.025000E+01 1.007526E+00
3.050000E+01 1.004323E+00
3.075000E+01 1.004370E+00
3.100000E+01 1.005587E+00
3.125000E+01 1.004355E+00
3.150000E+01 1.006081E+00
3.175000E+01 1.001992E+00
3.200000E+01 1.006860E+00
3.225000E+01 1.007451E+00
3.250000E+01 1.005597E+00
3.275000E+01 1.004729E+00
3.300000E+01 1.005246E+00
3.325000E+01 1.006642E+00
3.350000E+01 1.005735E+00
3.375000E+01 1.004416E+00
3.400000E+01 1.006690E+00
3.425000E+01 1.006028E+00
3.450000E+01 1.002356E+00
3.475000E+01 1.002697E+00
3.500000E+01 1.005428E+00
3.525000E+01 1.005830E+00
3.550000E+01 1.003934E+00
3.575000E+01 1.004181E+00
3.600000E+01 1.005002E+00
3.625000E+01 1.006439E+00
3.650000E+01 1.007407E+00
3.675000E+01 1.006365E+00
3.700000E+01 1.004268E+00
3.725000E+01 1.006531E+00
3.750000E+01 1.005176E+00
3.775000E+01 1.006610E+00
3.800000E+01 1.003110E+00
3.825000E+01 1.004185E+00
3.850000E+01 1.003678E+00
3.875000E+01 1.005961E+00
3.900000E+01 1.004278E+00
3.925000E+01 1.003972E+00
3.950000E+01 1.005470E+00
3.975000E+01 1.005719E+00
4.000000E+01 1.003178E+00
4.025000E+01 1.004824E+00
4.050000E+01 1.005349E+00
4.075000E+01 1.003328E+00
4.100000E+01 1.002241E+00
4.125000E+01 1.003096E+00
4.150000E+01 1.003337E+00
4.175000E+01 1.002642E+00
4.200000E+01 1.006308E+00
4.225000E+01 1.003643E+00
4.250000E+01 1.004287E+00
4.275000E+01 1.003323E+00
4.300000E+01 1.003113E+00
4.325000E+01 1.003920E+00
4.350000E+01 1.005050E+00
4.375000E+01 1.003055E+00
4.400000E+01 1.004475E+00
4.425000E+01 1.003964E+00
4.450000E+01 1.004416E+00
4.475000E+01 1.002536E+00
4.500000E+01 1.001814E+00
4.525000E+01 1.004903E+00
4.550000E+01 1.004683E+00
4.575000E+01 1.003162E+00
4.600000E+01 1.002731E+00
4.625000E+01 1.004494E+00
4.650000E+01 1.002959E+00
4.675000E+01 1.004892E+00
4.700000E+01 1.003488E+00
4.725000E+01 1.004236E+00
4.750000E+01 1.004554E+00
4.775000E+01 1.002874E+00
4.800000E+01 1.004786E+00
4.825000E+01 1.002194E+00
4.850000E+01 1.004709E+00
4.875000E+01 1.003508E+00
4.900000E+01 1.003833E+00
4.925000E+01 1.003554E+00
4.950000E+01 1.003955E+00
4.975000E+01 1.003616E+00
5.000000E+01 1.004479E+00
5.025000E+01 1.002956E+00
5.050000E+01 1.004113E+00
5.075000E+01 1.003473E+00
5.100000E+01 1.003739E+00
5.125000E+01 1.003832E+00
5.150000E+01 1.003653E+00
5.175000E+01 1.003668E+00
5.200000E+01 1.003497E+00
5.225000E+01 1.003508E+00
5.250000E+01 1.003662E+00
5.275000E+01 1.002470E+00
5.300000E+01 1.004221E+00
5.325000E+01 1.001909E+00
5.350000E+01 1.001733E+00
5.375000E+01 1.001812E+00
5.400000E+01 1.002110E+00
5.425000E+01 1.004446E+00
5.450000E+01 1.002383E+00
5.475000E+01 1.002678E+00
5.500000E+01 1.003454E+00
5.525000E+01 1.001681E+00
5.550000E+01 1.002885E+00
5.575000E+01 1.003365E+00
5.600000E+01 1.001481E+00
5.625000E+01 1.002434E+00
5.650000E+01 1.002574E+00
5.675000E+01 1.003281E+00
5.700000E+01 1.004183E+00
5.725000E+01 1.004729E+00
5.750000E+01 1.003525E+00
5.775000E+01 1.003388E+00
5.800000E+01 1.002679E+00
5.825000E+01 1.003468E+00
5.850000E+01 1.003343E+00
5.875000E+01 1.001256E+00
5.900000E+01 1.003399E+00
5.925000E+01 1.002592E+00
5.950000E+01 1.003169E+00
5.975000E+01 1.002048E+00
6.000000E+01 1.003125E+00
6.025000E+01 1.002632E+00
6.050000E+01 1.002315E+00
6.075000E+01 1.003452E+00
6.100000E+01 1.002593E+00
6.125000E+01 1.002595E+00
6.150000E+01 1.002295E+00
6.175000E+01 1.002488E+00
6.200000E+01 1.002222E+00
6.225000E+01 1.002892E+00
6.250000E+01 1.002780E+00
6.275000E+01 1.001373E+00
6.300000E+01 1.003030E+00
6.325000E+01 1.003082E+00
6.350000E+01 1.001797E+00
6.375000E+01 1.002245E+00
6.400000E+01 1.002461E+00
6.425000E+01 1.001207E+00
6.450000E+01 1.002457E+00
6.475000E+01 1.001820E+00
6.500000E+01 1.002284E+00
6.525000E+01 1.002810E+00
6.550000E+01 1.002284E+00
6.575000E+01 1.002019E+00
6.600000E+01 1.001713E+00
6.625000E+01 1.003023E+00
6.650000E+01 1.002335E+00
6.675000E+01 1.001333E+00
6.700000E+01 1.004034E+00
6.725000E+01 1.001476E+00
6.750000E+01 1.001422E+00
6.775000E+01 1.002758E+00
6.800000E+01 1.002212E+00
6.825000E+01 1.001484E+00
6.850000E+01 1.002532E+00
6.875000E+01 1.000223E+00
6.900000E+01 1.000890E+00
6.925000E+01 1.001696E+00
6.950000E+01 1.001825E+00
6.975000E+01 1.001928E+00
7.000000E+01 1.001633E+00
7.025000E+01 1.001531E+00
7.050000E+01 1.002194E+00
7.075000E+01 1.001987E+00
7.100000E+01 1.001471E+00
7.125000E+01 1.001949E+00
7.150000E+01 1.001811E+00
7.175000E+01 1.001798E+00
7.200000E+01 1.002082E+00
7.225000E+01 1.001697E+00
7.250000E+01 1.001553E+00
7.275000E+01 1.001069E+00
7.300000E+01 1.001397E+00
7.325000E+01 1.001410E+00
7.350000E+01 1.001421E+00
7.375000E+01 1.002714E+00
7.400000E+01 1.001389E+00
7.425000E+01 1.000965E+00
7.450000E+01 1.000981E+00
7.475000E+01 1.001220E+00
7.500000E+01 1.001673E+00
7.525000E+01 1.001225E+00
7.550000E+01 1.002829E+00
7.575000E+01 1.002041E+00
7.600000E+01 1.001368E+00
7.625000E+01 1.001269E+00
7.650000E+01 1.001026E+00
7.675000E+01 1.000661E+00
7.700000E+01 1.000773E+00
7.725000E+01 1.001812E+00
7.750000E+01 1.002159E+00
7.775000E+01 1.002100E+00
7.800000E+01 1.002372E+00
7.825000E+01 1.001602E+00
7.850000E+01 1.001747E+00
7.875000E+01 1.000900E+00
7.900000E+01 1.001859E+00
7.925000E+01 1.000743E+00
7.950000E+01 1.000613E+00
7.975000E+01 1.002659E+00
8.000000E+01 1.001485E+00
8.025000E+01 1.001358E+00
8.050000E+01 1.001682E+00
8.075000E+01 1.000630E+00
8.100000E+01 1.002002E+00
8.125000E+01 1.002006E+00
8.150000E+01 1.001329E+00
8.175000E+01 1.001080E+00
8.200000E+01 1.000688E+00
8.225000E+01 1.001587E+00
8.250000E+01 1.001228E+00
8.275000E+01 1.001443E+00
8.300000E+01 1.001575E+00
8.325000E+01 1.000820E+00
8.350000E+01 1.000929E+00
8.375000E+01 1.001184E+00
8.400000E+01 1.001171E+00
8.425000E+01 1.000942E+00
8.450000E+01 1.000309E+00
8.475000E+01 1.001319E+00
8.500000E+01 1.001578E+00
8.525000E+01 1.001493E+00
8.550000E+01 1.000517E+00
8.575000E+01 1.001104E+00
8.600000E+01 1.000518E+00
8.625000E+01 1.001565E+00
8.650000E+01 1.001098E+00
8.675000E+01 1.000946E+00
8.700000E+01 1.001186E+00
8.725000E+01 1.001436E+00
8.750000E+01 1.002179E+00
8.775000E+01 1.000841E+00
8.800000E+01 1.000876E+00
8.825000E+01 1.000454E+00
8.850000E+01 1.001341E+00
8.875000E+01 1.000843E+00
8.900000E+01 1.000884E+00
8.925000E+01 1.000694E+00
8.950000E+01 1.000268E+00
8.975000E+01 1.001508E+00
9.000000E+01 1.001201E+00
9.025000E+01 1.001064E+00
9.050000E+01 1.000610E+00
9.075000E+01 1.000275E+00
9.100000E+01 1.000622E+00
9.125000E+01 1.000844E+00
9.150000E+01 1.001098E+00
9.175000E+01 1.000834E+00
9.200000E+01 1.000493E+00
9.225000E+01 1.000238E+00
9.250000E+01 1.001289E+00
9.275000E+01 1.000920E+00
9.300000E+01 1.000878E+00
9.325000E+01 1.000415E+00
9.350000E+01 1.000906E+00
9.375000E+01 1.001093E+00
9.400000E+01 1.001078E+00
9.425000E+01 1.000618E+00
9.450000E+01 1.001532E+00
9.475000E+01 1.000802E+00
9.500000E+01 1.000143E+00
9.525000E+01 1.000599E+00
9.550000E+01 1.001350E+00
9.575000E+01 1.001631E+00
9.600000E+01 1.000315E+00
9.625000E+01 1.000658E+00
9.650000E+01 1.000730E+00
9.675000E+01 1.000593E+00
9.700000E+01 1.001332E+00
9.725000E+01 1.000668E+00
9.750000E+01 1.001036E+00
9.775000E+01 1.001000E+00
9.800000E+01 1.000399E+00
9.825000E+01 1.001496E+00
9.850000E+01 1.000656E+00
9.875000E+01 1.000899E+00
9.900000E+01 1.001070E+00
9.925000E+01 1.000493E+00
9.950000E+01 1.000982E+00
9.975000E+01 1.001097E+00
1.000000E+02 1.000657E+00
1.002500E+02 1.001075E+00
1.005000E+02 1.000681E+00
1.007500E+02 1.000893E+00
1.010000E+02 1.001468E+00
1.012500E+02 1.001092E+00
1.015000E+02 1.000992E+00
1.017500E+02 1.000398E+00
1.020000E+02 1.000027E+00
1.022500E+02 1.000893E+00
1.025000E+02 1.000269E+00
1.027500E+02 1.000630E+00
1.030000E+02 1.000037E+00
1.032500E+02 1.000806E+00
1.035000E+02 1.001233E+00
1.037500E+02 1.000957E+00
1.040000E+02 9.998955E-01
1.042500E+02 1.000541E+00
1.045000E+02 1.000418E+00
1.047500E+02 1.000388E+00
1.050000E+02 1.000589E+00
1.052500E+02 1.001542E+00
1.055000E+02 1.001084E+00
1.057500E+02 1.000808E+00
1.060000E+02 1.000623E+00
1.062500E+02 1.000963E+00
1.065000E+02 1.000040E+00
1.067500E+02 1.000311E+00
1.070000E+02 1.000336E+00
1.072500E+02 1.000467E+00
1.075000E+02 1.000811E+00
1.077500E+02 1.001049E+00
1.080000E+02 1.000493E+00
1.082500E+02 1.000401E+00
1.085000E+02 1.000193E+00
1.087500E+02 1.000059E+00
1.090000E+02 1.000125E+00
1.092500E+02 1.000937E+00
1.095000E+02 1.000504E+00
1.097500E+02 1.000584E+00
1.100000E+02 1.000352E+00
1.102500E+02 1.000543E+00
1.105000E+02 1.000582E+00
1.107500E+02 1.000556E+00
1.110000E+02 1.000082E+00
1.112500E+02 1.000372E+00
1.115000E+02 1.000532E+00
1.117500E+02 1.000537E+00
1.120000E+02 1.000795E+00
1.122500E+02 1.000289E+00
1.125000E+02 1.000575E+00
1.127500E+02 1.000541E+00
1.130000E+02 1.000688E+00
1.132500E+02 1.000604E+00
1.135000E+02 1.000655E+00
1.137500E+02 9.999673E-01
1.140000E+02 1.000468E+00
1.142500E+02 1.001024E+00
1.145000E+02 1.000382E+00
1.147500E+02 1.000354E+00
1.150000E+02 1.000542E+00
1.152500E+02 1.000129E+00
1.155000E+02 1.000684E+00
1.157500E+02 1.000792E+00
1.160000E+02 9.997364E-01
1.162500E+02 9.995710E-01
1.165000E+02 1.001195E+00
1.167500E+02 1.000160E+00
1.170000E+02 1.000643E+00
1.172500E+02 1.000444E+00
1.175000E+02 1.000660E+00
1.177500E+02 1.000170E+00
1.180000E+02 1.000675E+00
1.182500E+02 1.000965E+00
1.185000E+02 1.000697E+00
1.187500E+02 1.000719E+00
1.190000E+02 9.997937E-01
1.192500E+02 1.000747E+00
1.195000E+02 9.999309E-01
1.197500E+02 1.000136E+00
1.200000E+02 9.996648E-01
1.202500E+02 1.000678E+00
1.205000E+02 1.000655E+00
1.207500E+02 1.000886E+00
1.210000E+02 1.000106E+00
1.212500E+02 1.000290E+00
1.215000E+02 9.999696E-01
1.217500E+02 1.000220E+00
1.220000E+02 9.998547E-01
1.222500E+02 1.000092E+00
1.225000E+02 1.000349E+00
1.227500E+02 1.000361E+00
1.230000E+02 1.000713E+00
1.232500E+02 1.000361E+00
1.235000E+02 9.998855E-01
1.237500E+02 1.000956E+00
1.240000E+02 1.000184E+00
1.242500E+02 1.001010E+00
1.245000E+02 1.000567E+00
1.247500E+02 9.999101E-01
1.250000E+02 9.971289E-01
1.252500E+02 9.912146E-01
1.255000E+02 9.855900E-01
1.257500E+02 9.788232E-01
1.260000E+02 9.737027E-01
1.262500E+02 9.675312E-01
1.265000E+02 9.618098E-01
1.267500E+02 9.558010E-01
1.270000E+02 9.499266E-01
1.272500E+02 9.443958E-01
1.275000E+02 9.385175E-01
1.277500E+02 9.324662E-01
1.280000E+02 9.274415E-01
1.282500E+02 9.217469E-01
1.285000E+02 9.153379E-01
1.287500E+02 9.101705E-01
1.290000E+02 9.045784E-01
1.292500E+02 8.987806E-01
1.295000E+02 8.926003E-01
1.297500E+02 8.878285E-01
1.300000E+02 8.821431E-01
1.302500E+02 8.763812E-01
1.305000E+02 8.712125E-01
1.307500E+02 8.656751E-01
1.310000E+02 8.600536E-01
1.312500E+02 8.543365E-01
1.315000E+02 8.488662E-01
1.317500E+02 8.432654E-01
1.320000E+02 8.379421E-01
1.322500E+02 8.328464E-01
1.325000E+02 8.275475E-01
1.327500E+02 8.219451E-01
1.330000E+02 8.167078E-01
1.332500E+02 8.121254E-01
1.335000E+02 8.058314E-01
1.337500E+02 8.013483E-01
1.340000E+02 7.957985E-01
1.342500E+02 7.902974E-01
1.345000E+02 7.851055E-01
1.347500E+02 7.800635E-01
1.350000E+02 7.755454E-01
1.352500E+02 7.702530E-01
1.355000E+02 7.650762E-01
1.357500E+02 7.594173E-01
1.360000E+02 7.548920E-01
1.362500E+02 7.499429E-01
1.365000E+02 7.443936E-01
1.367500E+02 7.391899E-01
1.370000E+02 7.345093E-01
1.372500E+02 7.298425E-01
1.375000E+02 7.253170E-01
1.377500E+02 7.196771E-01
1.380000E+02 7.144910E-01
1.382500E+02 7.096966E-01
1.385000E+02 7.049997E-01
1.387500E+02 7.002181E-01
1.390000E+02 6.956395E-01
1.392500E+02 6.907885E-01
1.395000E+02 6.858370E-01
1.397500E+02 6.802996E-01
1.400000E+02 6.756586E-01
1.402500E+02 6.714860E-01
1.405000E+02 6.663852E-01
1.407500E+02 6.617775E-01
1.410000E+02 6.570878E-01
1.412500E+02 6.524664E-01
1.415000E+02 6.474746E-01
1.417500E+02 6.435130E-01
1.420000E+02 6.385887E-01
1.422500E+02 6.338685E-01
1.425000E+02 6.292759E-01
1.427500E+02 6.243422E-01
1.430000E+02 6.198607E-01
1.432500E+02 6.153022E-01
1.435000E+02 6.107102E-01
1.437500E+02 6.065208E-01
1.440000E+02 6.016563E-01
1.442500E+02 5.973005E-01
1.445000E+02 5.929896E-01
1.447500E+02 5.884036E-01
1.450000E+02 5.842033E-01
1.452500E+02 5.797545E-01
1.455000E+02 5.747390E-01
1.457500E+02 5.705672E-01
1.460000E+02 5.664966E-01
1.462500E+02 5.615725E-01
1.465000E+02 5.573681E-01
1.467500E+02 5.530648E-01
1.470000E+02 5.488088E-01
1.472500E+02 5.447206E-01
1.475000E+02 5.402825E-01
1.477500E+02 5.357310E-01
1.480000E+02 5.318816E-01
1.482500E+02 5.275517E-01
1.485000E+02 5.231763E-01
1.487500E+02 5.185982E-01
1.490000E+02 5.147620E-01
1.492500E+02 5.102356E-01
1.495000E+02 5.061169E-01
1.497500E+02 5.021613E-01
1.500000E+02 4.977654E-01
1.502500E+02 4.936705E-01
1.505000E+02 4.892739E-01
1.507500E+02 4.854985E-01
1.510000E+02 4.811541E-01
1.512500E+02 4.774080E-01
1.515000E+02 4.730874E-01
1.517500E+02 4.689197E-01
1.520000E+02 4.648272E-01
1.522500E+02 4.608899E-01
1.525000E+02 4.569057E-01
1.527500E+02 4.525851E-01
1.530000E+02 4.491524E-01
1.532500E+02 4.448064E-01
1.535000E+02 4.407502E-01
1.537500E+02 4.367283E-01
1.540000E+02 4.330722E-01
1.542500E+02 4.291718E-01
1.545000E+02 4.253502E-01
1.547500E+02 4.211343E-01
1.550000E+02 4.168286E-01
1.552500E+02 4.132205E-01
1.555000E+02 4.094435E-01
1.557500E+02 4.055423E-01
1.560000E+02 4.017585E-01
1.562500E+02 3.975436E-01
1.565000E+02 3.941285E-01
1.567500E+02 3.905089E-01
1.570000E+02 3.862349E-01
1.572500E+02 3.824041E-01
1.575000E+02 3.792412E-01
1.577500E+02 3.749140E-01
1.580000E+02 3.715114E-01
1.582500E+02 3.678750E-01
1.585000E+02 3.637223E-01
1.587500E+02 3.602947E-01
1.590000E+02 3.565403E-01
1.592500E+02 3.530161E-01
1.595000E+02 3.492184E-01
1.597500E+02 3.452895E-01
1.600000E+02 3.417347E-01
1.602500E+02 3.380685E-01
1.605000E+02 3.344453E-01
1.607500E+02 3.307964E-01
1.610000E+02 3.272060E-01
1.612500E+02 3.238050E-01
1.615000E+02 3.201774E-01
1.617500E+02 3.163544E-01
1.620000E+02 3.130972E-01
1.622500E+02 3.092820E-01
1.625000E+02 3.062974E-01
1.627500E+02 3.022940E-01
1.630000E+02 2.991087E-01
1.632500E+02 2.953260E-01
1.635000E+02 2.919524E-01
1.637500E+02 2.881954E-01
1.640000E+02 2.845777E-01
1.642500E+02 2.815231E-01
1.645000E+02 2.777893E-01
1.647500E+02 2.744094E-01
1.650000E+02 2.710009E-01
1.652500E+02 2.674802E-01
1.655000E+02 2.641428E-01
1.657500E+02 2.605561E-01
1.660000E+02 2.572045E-01
1.662500E+02 2.538015E-01
1.665000E+02 2.506369E-01
1.667500E+02 2.471777E-01
1.670000E+02 2.437708E-01
1.672500E+02 2.402470E-01
1.675000E+02 2.370050E-01
1.677500E+02 2.337415E-01
1.680000E+02 2.305215E-01
1.682500E+02 2.272107E-01
1.685000E+02 2.234182E-01
1.687500E+02 2.205915E-01
1.690000E+02 2.172867E-01
1.692500E+02 2.138090E-01
1.695000E+02 2.107045E-01
1.697500E+02 2.075782E-01
1.700000E+02 2.041763E-01
1.702500E+02 2.010932E-01
1.705000E+02 1.978380E-01
1.707500E+02 1.945418E-01
1.710000E+02 1.913850E-01
1.712500E+02 1.882147E-01
1.715000E+02 1.848791E-01
1.717500E+02 1.819292E-01
1.720000E+02 1.786871E-01
1.722500E+02 1.755348E-01
1.725000E+02 1.722297E-01
1.727500E+02 1.691457E-01
1.730000E+02 1.659741E-01
1.732500E+02 1.628310E-01
1.735000E+02 1.597453E-01
1.737500E+02 1.564781E-01
1.740000E+02 1.537551E-01
1.742500E+02 1.505325E-01
1.745000E+02 1.472615E-01
1.747500E+02 1.443602E-01
1.750000E+02 1.411463E-01
1.752500E+02 1.382775E-01
1.755000E+02 1.351503E-01
1.757500E+02 1.321336E-01
1.760000E+02 1.291180E-01
1.762500E+02 1.260758E-01
1.765000E+02 1.231066E-01
1.767500E+02 1.201922E-01
1.770000E+02 1.175071E-01
1.772500E+02 1.148611E-01
1.775000E+02 1.122682E-01
1.777500E+02 1.099475E-01
1.780000E+02 1.075320E-01
1.782500E+02 1.052562E-01
1.785000E+02 1.032131E-01
1.787500E+02 1.009323E-01
1.790000E+02 9.892988E-02
1.792500E+02 9.666655E-02
1.795000E+02 9.486834E-02
1.797500E+02 9.281801E-02
1.800000E+02 9.098990E-02
1.802500E+02 8.908361E-02
1.805000E+02 8.711540E-02
1.807500E+02 8.543844E-02
1.810000E+02 8.376418E-02
1.812500E+02 8.208808E-02
1.815000E+02 8.022106E-02
1.817500E+02 7.850113E-02
1.820000E+02 7.699894E-02
1.822500E+02 7.531283E-02
1.825000E+02 7.393205E-02
1.827500E+02 7.223973E-02
1.830000E+02 7.080878E-02
1.832500E+02 6.926665E-02
1.835000E+02 6.774071E-02
1.837500E+02 6.625897E-02
1.840000E+02 6.483697E-02
1.842500E+02 6.367165E-02
1.845000E+02 6.226519E-02
1.847500E+02 6.088709E-02
1.850000E+02 5.964951E-02
1.852500E+02 5.826288E-02
1.855000E+02 5.695537E-02
1.857500E+02 5.588573E-02
1.860000E+02 5.462257E-02
1.862500E+02 5.343994E-02
1.865000E+02 5.222803E-02
1.867500E+02 5.104876E-02
1.870000E+02 4.992987E-02
1.872500E+02 4.885453E-02
1.875000E+02 4.778871E-02
1.877500E+02 4.666697E-02
1.880000E+02 4.559262E-02
1.882500E+02 4.461473E-02
1.885000E+02 4.357074E-02
1.887500E+02 4.264489E-02
1.890000E+02 4.158047E-02
1.892500E+02 4.056632E-02
1.895000E+02 3.970351E-02
1.897500E+02 3.878341E-02
1.900000E+02 3.788169E-02
1.902500E+02 3.699341E-02
1.905000E+02 3.612911E-02
1.907500E+02 3.525926E-02
1.910000E+02 3.429938E-02
1.912500E+02 3.346225E-02
1.915000E+02 3.261423E-02
1.917500E+02 3.186128E-02
1.920000E+02 3.106342E-02
1.922500E+02 3.027047E-02
1.925000E+02 2.956633E-02
1.927500E+02 2.877528E-02
1.930000E+02 2.802081E-02
1.932500E+02 2.727750E-02
1.935000E+02 2.661848E-02
1.937500E+02 2.590547E-02
1.940000E+02 2.528227E-02
1.942500E+02 2.449205E-02
1.945000E+02 2.394026E-02
1.947500E+02 2.319347E-02
1.950000E+02 2.256908E-02
1.952500E+02 2.195265E-02
1.955000E+02 2.132088E-02
1.957500E+02 2.075019E-02
1.960000E+02 2.016441E-02
1.962500E+02 1.955636E-02
1.965000E+02 1.901023E-02
1.967500E+02 1.847709E-02
1.970000E+02 1.790068E-02
1.972500E+02 1.735238E-02
1.975000E+02 1.685275E-02
1.977500E+02 1.632765E-02
1.980000E+02 1.580806E-02
1.982500E+02 1.528933E-02
1.985000E+02 1.485033E-02
1.987500E+02 1.442197E-02
1.990000E+02 1.384716E-02
1.992500E+02 1.345462E-02
1.995000E+02 1.299988E-02
1.997500E+02 1.256096E-02
2.000000E+02 1.212556E-02
2.002500E+02 1.173605E-02
2.005000E+02 1.134808E-02
2.007500E+02 1.092354E-02
2.010000E+02 1.050023E-02
2.012500E+02 1.011717E-02
2.015000E+02 9.798391E-03
2.017500E+02 9.368504E-03
2.020000E+02 9.056110E-03
2.022500E+02 8.733423E-03
2.025000E+02 8.380098E-03
2.027500E+02 8.040942E-03
2.030000E+02 7.720330E-03
2.032500E+02 7.408714E-03
2.035000E+02 7.128789E-03
2.037500E+02 6.793089E-03
2.040000E+02 6.483963E-03
2.042500E+02 6.176935E-03
2.045000E+02 5.933459E-03
2.047500E+02 5.688046E-03
2.050000E+02 5.387468E-03
2.052500E+02 5.120884E-03
2.055000E+02 4.888049E-03
2.057500E+02 4.671840E-03
2.060000E+02 4.431475E-03
2.062500E+02 4.202253E-03
2.065000E+02 3.983417E-03
2.067500E+02 3.770028E-03
2.070000E+02 3.550312E-03
2.072500E+02 3.352786E-03
2.075000E+02 3.161621E-03
2.077500E+02 2.965582E-03
2.080000E+02 2.803255E-03
2.082500E+02 2.624139E-03
2.085000E+02 2.448661E-03
2.087500E+02 2.288918E-03
2.090000E+02 2.128731E-03
2.092500E+02 1.989215E-03
2.095000E+02 1.853533E-03
2.097500E+02 1.706608E-03
2.100000E+02 1.579369E-03
2.102500E+02 1.447902E-03
2.105000E+02 1.325994E-03
2.107500E+02 1.205923E-03
2.110000E+02 1.095193E-03
2.112500E+02 9.954826E-04
2.115000E+02 8.959163E-04
2.117500E+02 8.009725E-04
2.120000E+02 7.121488E-04
2.122500E+02 6.212114E-04
2.125000E+02 5.651103E-04
2.127500E+02 4.832140E-04
2.130000E+02 4.226726E-04
2.132500E+02 3.509974E-04
2.135000E+02 3.024751E-04
2.137500E+02 2.547726E-04
2.140000E+02 2.076476E-04
2.142500E+02 1.655099E-04
2.145000E+02 1.288756E-04
2.147500E+02 1.007660E-04
2.150000E+02 6.930396E-05
2.152500E+02 4.427343E-05
2.155000E+02 2.808388E-05
2.157500E+02 1.441746E-05
2.160000E+02 5.583049E-06
2.162500E+02 6.189053E-07
