2.500000E-01 0.000000E+00
5.000000E-01 0.000000E+00
7.500000E-01 0.000000E+00
1.000000E+00 0.000000E+00
1.250000E+00 0.000000E+00
1.500000E+00 0.000000E+00
1.750000E+00 0.000000E+00
2.000000E+00 0.000000E+00
2.250000E+00 0.000000E+00
2.500000E+00 0.000000E+00
2.750000E+00 0.000000E+00
3.000000E+00 0.000000E+00
3.250000E+00 0.000000E+00
3.500000E+00 9.894626E-02
3.750000E+00 7.160292E+00
4.000000E+00 4.804072E+01
4.250000E+00 8.699925E+01
4.500000E+00 8.033611E+01
4.750000E+00 5.574487E+01
5.000000E+00 3.524147E+01
5.250000E+00 2.250778E+01
5.500000E+00 1.516092E+01
5.750000E+00 1.131258E+01
6.000000E+00 9.445455E+00
6.250000E+00 8.483381E+00
6.500000E+00 7.587601E+00
6.750000E+00 6.536651E+00
7.000000E+00 5.530574E+00
7.250000E+00 4.806586E+00
7.500000E+00 4.494103E+00
7.750000E+00 4.815365E+00
8.000000E+00 5.917380E+00
8.250000E+00 7.318873E+00
8.500000E+00 8.108619E+00
8.750000E+00 7.826642E+00
9.000000E+00 6.849499E+00
9.250000E+00 5.678877E+00
9.500000E+00 4.697862E+00
9.750000E+00 3.916697E+00
1.000000E+01 3.397607E+00
1.025000E+01 3.027387E+00
1.050000E+01 2.745253E+00
1.075000E+01 2.508909E+00
1.100000E+01 2.314366E+00
1.125000E+01 2.164378E+00
1.150000E+01 2.074072E+00
1.175000E+01 2.045537E+00
1.200000E+01 2.077460E+00
1.225000E+01 2.132161E+00
1.250000E+01 2.184432E+00
1.275000E+01 2.192990E+00
1.300000E+01 2.133036E+00
1.325000E+01 2.030841E+00
1.350000E+01 1.896918E+00
1.375000E+01 1.766148E+00
1.400000E+01 1.658996E+00
1.425000E+01 1.570284E+00
1.450000E+01 1.496992E+00
1.475000E+01 1.434041E+00
1.500000E+01 1.387101E+00
1.525000E+01 1.351666E+00
1.550000E+01 1.329316E+00
1.575000E+01 1.311077E+00
1.600000E+01 1.300862E+00
1.625000E+01 1.294105E+00
1.650000E+01 1.291649E+00
1.675000E+01 1.285608E+00
1.700000E+01 1.276610E+00
1.725000E+01 1.255243E+00
1.750000E+01 1.235807E+00
1.775000E+01 1.211984E+00
1.800000E+01 1.187743E+00
1.825000E+01 1.168811E+00
1.850000E+01 1.152400E+00
1.875000E+01 1.135148E+00
1.900000E+01 1.123802E+00
1.925000E+01 1.114738E+00
1.950000E+01 1.106869E+00
1.975000E+01 1.100917E+00
2.000000E+01 1.094962E+00
2.025000E+01 1.090388E+00
2.050000E+01 1.087211E+00
2.075000E+01 1.082193E+00
2.100000E+01 1.080345E+00
2.125000E+01 1.072043E+00
2.150000E+01 1.070755E+00
2.175000E+01 1.064662E+00
2.200000E+01 1.060020E+00
2.225000E+01 1.054407E+00
2.250000E+01 1.051906E+00
2.275000E+01 1.047396E+00
2.300000E+01 1.042779E+00
2.325000E+01 1.040102E+00
2.350000E+01 1.037026E+00
2.375000E+01 1.034776E+00
2.400000E+01 1.033137E+00
2.425000E+01 1.031464E+00
2.450000E+01 1.031212E+00
2.475000E+01 1.028621E+00
2.500000E+01 1.027096E+00
2.525000E+01 1.025943E+00
2.550000E+01 1.023804E+00
2.575000E+01 1.022092E+00
2.600000E+01 1.021807E+00
2.625000E+01 1.020377E+00
2.650000E+01 1.017445E+00
2.675000E+01 1.018012E+00
2.700000E+01 1.017876E+00
2.725000E+01 1.016907E+00
2.750000E+01 1.015378E+00
2.775000E+01 1.014377E+00
2.800000E+01 1.012381E+00
2.825000E+01 1.012116E+00
2.850000E+01 1.012216E+00
2.875000E+01 1.010913E+00
2.900000E+01 1.010512E+00
2.925000E+01 1.009646E+00
2.950000E+01 1.009616E+00
2.975000E+01 1.009937E+00
3.000000E+01 1.009082E+00
3.025000E+01 1.009240E+00
3.050000E+01 1.008929E+00
3.075000E+01 1.008299E+00
3.100000E+01 1.008474E+00
3.125000E+01 1.007228E+00
3.150000E+01 1.006392E+00
3.175000E+01 1.006666E+00
3.200000E+01 1.007317E+00
3.225000E+01 1.007090E+00
3.250000E+01 1.006306E+00
3.275000E+01 1.006922E+00
3.300000E+01 1.005247E+00
3.325000E+01 1.006160E+00
3.350000E+01 1.004607E+00
3.375000E+01 1.006031E+00
3.400000E+01 1.003967E+00
3.425000E+01 1.004541E+00
3.450000E+01 1.005681E+00
3.475000E+01 1.004559E+00
3.500000E+01 1.004500E+00
3.525000E+01 1.004126E+00
3.550000E+01 1.004951E+00
3.575000E+01 1.004215E+00
3.600000E+01 1.003751E+00
3.625000E+01 1.003313E+00
3.650000E+01 1.004987E+00
3.675000E+01 1.002928E+00
3.700000E+01 1.003481E+00
3.725000E+01 1.003311E+00
3.750000E+01 1.003261E+00
3.775000E+01 1.003643E+00
3.800000E+01 1.003629E+00
3.825000E+01 1.003834E+00
3.850000E+01 1.003744E+00
3.875000E+01 1.003193E+00
3.900000E+01 1.002927E+00
3.925000E+01 1.003087E+00
3.950000E+01 1.003621E+00
3.975000E+01 1.003239E+00
4.000000E+01 1.002450E+00
4.025000E+01 1.002200E+00
4.050000E+01 1.003338E+00
4.075000E+01 1.003284E+00
4.100000E+01 1.002347E+00
4.125000E+01 1.003020E+00
4.150000E+01 1.001956E+00
4.175000E+01 1.002056E+00
4.200000E+01 1.002912E+00
4.225000E+01 1.002152E+00
4.250000E+01 1.002744E+00
4.275000E+01 1.002614E+00
4.300000E+01 1.003087E+00
4.325000E+01 1.002078E+00
4.350000E+01 1.003071E+00
4.375000E+01 1.001715E+00
4.400000E+01 1.002239E+00
4.425000E+01 1.002425E+00
4.450000E+01 1.001987E+00
4.475000E+01 1.002553E+00
4.500000E+01 1.002070E+00
4.525000E+01 1.001968E+00
4.550000E+01 1.001689E+00
4.575000E+01 1.001940E+00
4.600000E+01 1.001687E+00
4.625000E+01 1.001718E+00
4.650000E+01 1.002578E+00
4.675000E+01 1.002034E+00
4.700000E+01 1.001975E+00
4.725000E+01 1.002969E+00
4.750000E+01 1.000873E+00
4.775000E+01 1.001799E+00
4.800000E+01 1.002067E+00
4.825000E+01 1.001645E+00
4.850000E+01 1.001343E+00
4.875000E+01 1.002384E+00
4.900000E+01 1.001318E+00
4.925000E+01 1.001243E+00
4.950000E+01 1.001803E+00
4.975000E+01 1.001752E+00
5.000000E+01 1.001904E+00
5.025000E+01 1.002120E+00
5.050000E+01 1.001153E+00
5.075000E+01 1.002612E+00
5.100000E+01 1.001132E+00
5.125000E+01 1.001343E+00
5.150000E+01 1.002026E+00
5.175000E+01 1.001361E+00
5.200000E+01 1.000665E+00
5.225000E+01 1.001838E+00
5.250000E+01 1.001346E+00
5.275000E+01 1.001650E+00
5.300000E+01 1.001613E+00
5.325000E+01 1.000972E+00
5.350000E+01 1.001594E+00
5.375000E+01 1.001592E+00
5.400000E+01 1.000535E+00
5.425000E+01 1.001364E+00
5.450000E+01 1.000985E+00
5.475000E+01 1.001170E+00
5.500000E+01 1.000533E+00
5.525000E+01 1.000733E+00
5.550000E+01 1.001073E+00
5.575000E+01 1.000942E+00
5.600000E+01 1.001146E+00
5.625000E+01 1.000663E+00
5.650000E+01 9.999756E-01
5.675000E+01 1.000679E+00
5.700000E+01 1.000452E+00
5.725000E+01 1.001008E+00
5.750000E+01 9.998877E-01
5.775000E+01 1.000725E+00
5.800000E+01 1.000475E+00
5.825000E+01 1.001127E+00
5.850000E+01 1.000241E+00
5.875000E+01 1.000542E+00
5.900000E+01 1.000661E+00
5.925000E+01 1.000435E+00
5.950000E+01 1.000482E+00
5.975000E+01 1.000807E+00
6.000000E+01 1.000347E+00
6.025000E+01 1.000093E+00
6.050000E+01 9.998889E-01
6.075000E+01 1.000343E+00
6.100000E+01 1.000277E+00
6.125000E+01 1.000272E+00
6.150000E+01 1.000077E+00
6.175000E+01 1.000017E+00
6.200000E+01 9.996305E-01
6.225000E+01 1.000160E+00
6.250000E+01 1.000882E+00
6.275000E+01 9.995937E-01
6.300000E+01 1.000752E+00
6.325000E+01 1.000379E+00
6.350000E+01 1.000427E+00
6.375000E+01 1.000530E+00
6.400000E+01 9.998880E-01
6.425000E+01 9.999143E-01
6.450000E+01 9.995390E-01
6.475000E+01 1.000877E+00
6.500000E+01 9.999678E-01
6.525000E+01 9.999636E-01
6.550000E+01 1.000264E+00
6.575000E+01 1.000169E+00
6.600000E+01 1.000445E+00
6.625000E+01 9.996559E-01
6.650000E+01 9.999112E-01
6.675000E+01 1.000008E+00
6.700000E+01 1.000052E+00
6.725000E+01 9.998111E-01
6.750000E+01 9.996230E-01
6.775000E+01 1.000110E+00
6.800000E+01 9.999111E-01
6.825000E+01 9.999953E-01
6.850000E+01 9.997978E-01
6.875000E+01 9.996913E-01
6.900000E+01 1.000025E+00
6.925000E+01 9.996924E-01
6.950000E+01 9.993114E-01
6.975000E+01 1.000063E+00
7.000000E+01 1.000051E+00
7.025000E+01 1.000174E+00
7.050000E+01 9.992270E-01
7.075000E+01 9.996767E-01
7.100000E+01 9.996010E-01
7.125000E+01 9.996886E-01
7.150000E+01 9.998645E-01
7.175000E+01 9.996503E-01
7.200000E+01 9.995794E-01
7.225000E+01 9.996124E-01
7.250000E+01 1.000054E+00
7.275000E+01 9.996071E-01
7.300000E+01 9.999052E-01
7.325000E+01 1.000223E+00
7.350000E+01 9.994967E-01
7.375000E+01 9.996562E-01
7.400000E+01 9.998044E-01
7.425000E+01 1.000043E+00
7.450000E+01 9.997278E-01
7.475000E+01 9.997050E-01
7.500000E+01 9.998664E-01
7.525000E+01 9.996461E-01
7.550000E+01 9.996221E-01
7.575000E+01 9.993551E-01
7.600000E+01 9.990368E-01
7.625000E+01 9.999706E-01
7.650000E+01 9.996165E-01
7.675000E+01 9.992511E-01
7.700000E+01 9.997500E-01
7.725000E+01 9.994182E-01
7.750000E+01 9.996571E-01
7.775000E+01 9.996338E-01
7.800000E+01 9.990199E-01
7.825000E+01 9.992864E-01
7.850000E+01 9.995747E-01
7.875000E+01 9.995822E-01
7.900000E+01 9.995639E-01
7.925000E+01 9.992618E-01
7.950000E+01 9.993672E-01
7.975000E+01 9.991771E-01
8.000000E+01 9.997886E-01
8.025000E+01 9.990501E-01
8.050000E+01 9.991524E-01
8.075000E+01 9.990932E-01
8.100000E+01 9.998814E-01
8.125000E+01 9.995379E-01
8.150000E+01 9.997573E-01
8.175000E+01 9.987772E-01
8.200000E+01 9.994389E-01
8.225000E+01 9.992172E-01
8.250000E+01 9.991436E-01
8.275000E+01 9.994847E-01
8.300000E+01 9.996084E-01
8.325000E+01 9.993496E-01
8.350000E+01 9.992221E-01
8.375000E+01 9.990966E-01
8.400000E+01 9.994915E-01
8.425000E+01 9.992696E-01
8.450000E+01 9.994519E-01
8.475000E+01 9.992985E-01
8.500000E+01 9.994759E-01
8.525000E+01 9.992416E-01
8.550000E+01 9.994696E-01
8.575000E+01 9.994248E-01
8.600000E+01 9.990580E-01
8.625000E+01 9.992327E-01
8.650000E+01 9.995751E-01
8.675000E+01 9.990703E-01
8.700000E+01 9.990865E-01
8.725000E+01 9.991108E-01
8.750000E+01 9.991997E-01
8.775000E+01 9.993277E-01
8.800000E+01 9.992128E-01
8.825000E+01 9.999169E-01
8.850000E+01 9.993639E-01
8.875000E+01 9.996615E-01
8.900000E+01 9.987157E-01
8.925000E+01 9.991158E-01
8.950000E+01 9.989202E-01
8.975000E+01 9.990719E-01
9.000000E+01 9.990179E-01
9.025000E+01 9.994296E-01
9.050000E+01 9.990566E-01
9.075000E+01 9.992597E-01
9.100000E+01 9.992377E-01
9.125000E+01 9.990050E-01
9.150000E+01 9.987907E-01
9.175000E+01 9.989736E-01
9.200000E+01 9.990838E-01
9.225000E+01 9.990734E-01
9.250000E+01 9.991151E-01
9.275000E+01 9.987420E-01
9.300000E+01 9.989389E-01
9.325000E+01 9.986796E-01
9.350000E+01 9.987219E-01
9.375000E+01 9.986759E-01
9.400000E+01 9.989807E-01
9.425000E+01 9.990585E-01
9.450000E+01 9.990528E-01
9.475000E+01 9.988677E-01
9.500000E+01 9.989017E-01
9.525000E+01 9.986036E-01
9.550000E+01 9.985995E-01
9.575000E+01 9.989184E-01
9.600000E+01 9.986292E-01
9.625000E+01 9.985458E-01
9.650000E+01 9.986468E-01
9.675000E+01 9.985869E-01
9.700000E+01 9.994272E-01
9.725000E+01 9.989589E-01
9.750000E+01 9.985821E-01
9.775000E+01 9.987929E-01
9.800000E+01 9.988881E-01
9.825000E+01 9.986773E-01
9.850000E+01 9.990847E-01
9.875000E+01 9.992195E-01
9.900000E+01 9.985177E-01
9.925000E+01 9.989039E-01
9.950000E+01 9.986295E-01
9.975000E+01 9.990684E-01
1.000000E+02 9.988983E-01
1.002500E+02 9.985632E-01
1.005000E+02 9.989203E-01
1.007500E+02 9.994527E-01
1.010000E+02 9.987944E-01
1.012500E+02 9.993984E-01
1.015000E+02 9.985494E-01
1.017500E+02 9.991325E-01
1.020000E+02 9.990021E-01
1.022500E+02 9.988956E-01
1.025000E+02 9.990251E-01
1.027500E+02 9.989397E-01
1.030000E+02 9.989362E-01
1.032500E+02 9.988858E-01
1.035000E+02 9.991696E-01
1.037500E+02 9.986065E-01
1.040000E+02 9.988855E-01
1.042500E+02 9.988300E-01
1.045000E+02 9.988836E-01
1.047500E+02 9.987295E-01
1.050000E+02 9.987956E-01
1.052500E+02 9.989772E-01
1.055000E+02 9.988462E-01
1.057500E+02 9.987026E-01
1.060000E+02 9.988033E-01
1.062500E+02 9.989367E-01
1.065000E+02 9.988327E-01
1.067500E+02 9.986927E-01
1.070000E+02 9.987405E-01
1.072500E+02 9.986561E-01
1.075000E+02 9.988189E-01
1.077500E+02 9.985601E-01
1.080000E+02 9.986712E-01
1.082500E+02 9.987719E-01
1.085000E+02 9.987596E-01
1.087500E+02 9.989125E-01
1.090000E+02 9.989324E-01
1.092500E+02 9.983668E-01
1.095000E+02 9.986300E-01
1.097500E+02 9.986791E-01
1.100000E+02 9.987629E-01
1.102500E+02 9.986371E-01
1.105000E+02 9.986840E-01
1.107500E+02 9.988931E-01
1.110000E+02 9.991637E-01
1.112500E+02 9.983837E-01
1.115000E+02 9.988323E-01
1.117500E+02 9.985667E-01
1.120000E+02 9.987988E-01
1.122500E+02 9.989119E-01
1.125000E+02 9.986096E-01
1.127500E+02 9.988895E-01
1.130000E+02 9.987477E-01
1.132500E+02 9.986836E-01
1.135000E+02 9.987213E-01
1.137500E+02 9.985644E-01
1.140000E+02 9.988584E-01
1.142500E+02 9.990773E-01
1.145000E+02 9.988638E-01
1.147500E+02 9.988189E-01
1.150000E+02 9.985797E-01
1.152500E+02 9.986337E-01
1.155000E+02 9.988405E-01
1.157500E+02 9.988878E-01
1.160000E+02 9.984100E-01
1.162500E+02 9.988147E-01
1.165000E+02 9.981390E-01
1.167500E+02 9.983932E-01
1.170000E+02 9.985735E-01
1.172500E+02 9.986282E-01
1.175000E+02 9.985490E-01
1.177500E+02 9.986496E-01
1.180000E+02 9.984995E-01
1.182500E+02 9.987121E-01
1.185000E+02 9.986149E-01
1.187500E+02 9.983173E-01
1.190000E+02 9.980537E-01
1.192500E+02 9.983933E-01
1.195000E+02 9.982909E-01
1.197500E+02 9.983458E-01
1.200000E+02 9.985354E-01
1.202500E+02 9.985306E-01
1.205000E+02 9.987461E-01
1.207500E+02 9.983706E-01
1.210000E+02 9.984400E-01
1.212500E+02 9.985299E-01
1.215000E+02 9.985530E-01
1.217500E+02 9.986559E-01
1.220000E+02 9.985116E-01
1.222500E+02 9.986683E-01
1.225000E+02 9.986354E-01
1.227500E+02 9.987361E-01
1.230000E+02 9.984016E-01
1.232500E+02 9.984629E-01
1.235000E+02 9.986045E-01
1.237500E+02 9.984118E-01
1.240000E+02 9.987462E-01
1.242500E+02 9.984501E-01
1.245000E+02 9.988016E-01
1.247500E+02 9.986363E-01
1.250000E+02 9.952903E-01
1.252500E+02 9.896023E-01
1.255000E+02 9.837461E-01
1.257500E+02 9.777169E-01
1.260000E+02 9.716159E-01
1.262500E+02 9.660228E-01
1.265000E+02 9.598237E-01
1.267500E+02 9.542486E-01
1.270000E+02 9.482997E-01
1.272500E+02 9.429122E-01
1.275000E+02 9.369636E-01
1.277500E+02 9.312323E-01
1.280000E+02 9.255896E-01
1.282500E+02 9.194823E-01
1.285000E+02 9.141633E-01
1.287500E+02 9.083968E-01
1.290000E+02 9.028418E-01
1.292500E+02 8.968725E-01
1.295000E+02 8.917993E-01
1.297500E+02 8.859956E-01
1.300000E+02 8.804237E-01
1.302500E+02 8.748312E-01
1.305000E+02 8.694698E-01
1.307500E+02 8.639511E-01
1.310000E+02 8.581551E-01
1.312500E+02 8.532926E-01
1.315000E+02 8.478192E-01
1.317500E+02 8.422279E-01
1.320000E+02 8.369926E-01
1.322500E+02 8.313666E-01
1.325000E+02 8.258481E-01
1.327500E+02 8.208063E-01
1.330000E+02 8.155024E-01
1.332500E+02 8.102661E-01
1.335000E+02 8.048554E-01
1.337500E+02 7.997325E-01
1.340000E+02 7.943022E-01
1.342500E+02 7.893981E-01
1.345000E+02 7.838987E-01
1.347500E+02 7.788497E-01
1.350000E+02 7.741279E-01
1.352500E+02 7.687780E-01
1.355000E+02 7.637702E-01
1.357500E+02 7.587537E-01
1.360000E+02 7.536406E-01
1.362500E+02 7.484631E-01
1.365000E+02 7.436754E-01
1.367500E+02 7.383877E-01
1.370000E+02 7.337157E-01
1.372500E+02 7.286579E-01
1.375000E+02 7.235588E-01
1.377500E+02 7.185199E-01
1.380000E+02 7.135230E-01
1.382500E+02 7.087231E-01
1.385000E+02 7.039647E-01
1.387500E+02 6.989849E-01
1.390000E+02 6.939770E-01
1.392500E+02 6.894723E-01
1.395000E+02 6.846593E-01
1.397500E+02 6.798141E-01
1.400000E+02 6.751621E-01
1.402500E+02 6.703921E-01
1.405000E+02 6.656785E-01
1.407500E+02 6.607750E-01
1.410000E+02 6.560567E-01
1.412500E+02 6.514270E-01
1.415000E+02 6.466384E-01
1.417500E+02 6.419743E-01
1.420000E+02 6.377740E-01
1.422500E+02 6.327213E-01
1.425000E+02 6.282570E-01
1.427500E+02 6.234200E-01
1.430000E+02 6.191058E-01
1.432500E+02 6.143338E-01
1.435000E+02 6.099137E-01
1.437500E+02 6.052533E-01
1.440000E+02 6.009668E-01
1.442500E+02 5.963688E-01
1.445000E+02 5.917000E-01
1.447500E+02 5.873182E-01
1.450000E+02 5.830111E-01
1.452500E+02 5.783756E-01
1.455000E+02 5.740566E-01
1.457500E+02 5.697756E-01
1.460000E+02 5.652080E-01
1.462500E+02 5.608792E-01
1.465000E+02 5.565280E-01
1.467500E+02 5.520204E-01
1.470000E+02 5.478634E-01
1.472500E+02 5.434620E-01
1.475000E+02 5.393458E-01
1.477500E+02 5.348959E-01
1.480000E+02 5.306648E-01
1.482500E+02 5.261413E-01
1.485000E+02 5.223206E-01
1.487500E+02 5.179892E-01
1.490000E+02 5.135290E-01
1.492500E+02 5.093282E-01
1.495000E+02 5.054912E-01
1.497500E+02 5.009310E-01
1.500000E+02 4.969628E-01
1.502500E+02 4.929605E-01
1.505000E+02 4.887385E-01
1.507500E+02 4.844908E-01
1.510000E+02 4.803590E-01
1.512500E+02 4.762871E-01
1.515000E+02 4.722015E-01
1.517500E+02 4.682714E-01
1.520000E+02 4.641545E-01
1.522500E+02 4.601344E-01
1.525000E+02 4.560155E-01
1.527500E+02 4.522442E-01
1.530000E+02 4.481658E-01
1.532500E+02 4.439786E-01
1.535000E+02 4.401764E-01
1.537500E+02 4.361417E-01
1.540000E+02 4.322430E-01
1.542500E+02 4.282878E-01
1.545000E+02 4.243374E-01
1.547500E+02 4.205918E-01
1.550000E+02 4.165511E-01
1.552500E+02 4.127778E-01
1.555000E+02 4.089849E-01
1.557500E+02 4.051418E-01
1.560000E+02 4.010800E-01
1.562500E+02 3.972592E-01
1.565000E+02 3.934663E-01
1.567500E+02 3.898233E-01
1.570000E+02 3.858866E-01
1.572500E+02 3.820264E-01
1.575000E+02 3.783679E-01
1.577500E+02 3.746578E-01
1.580000E+02 3.706710E-01
1.582500E+02 3.669642E-01
1.585000E+02 3.632293E-01
1.587500E+02 3.597447E-01
1.590000E+02 3.557944E-01
1.592500E+02 3.522978E-01
1.595000E+02 3.486404E-01
1.597500E+02 3.450631E-01
1.600000E+02 3.412381E-01
1.602500E+02 3.375687E-01
1.605000E+02 3.340207E-01
1.607500E+02 3.302023E-01
1.610000E+02 3.266848E-01
1.612500E+02 3.231624E-01
1.615000E+02 3.195006E-01
1.617500E+02 3.160711E-01
1.620000E+02 3.124153E-01
1.622500E+02 3.088411E-01
1.625000E+02 3.052571E-01
1.627500E+02 3.017228E-01
1.630000E+02 2.981268E-01
1.632500E+02 2.947351E-01
1.635000E+02 2.912413E-01
1.637500E+02 2.877256E-01
1.640000E+02 2.842775E-01
1.642500E+02 2.807277E-01
1.645000E+02 2.774213E-01
1.647500E+02 2.738379E-01
1.650000E+02 2.704444E-01
1.652500E+02 2.670613E-01
1.655000E+02 2.637108E-01
1.657500E+02 2.601934E-01
1.660000E+02 2.567520E-01
1.662500E+02 2.533231E-01
1.665000E+02 2.500514E-01
1.667500E+02 2.467544E-01
1.670000E+02 2.432747E-01
1.672500E+02 2.400046E-01
1.675000E+02 2.366246E-01
1.677500E+02 2.333397E-01
1.680000E+02 2.299457E-01
1.682500E+02 2.266859E-01
1.685000E+02 2.234871E-01
1.687500E+02 2.201721E-01
1.690000E+02 2.168344E-01
1.692500E+02 2.137384E-01
1.695000E+02 2.102865E-01
1.697500E+02 2.071595E-01
1.700000E+02 2.038801E-01
1.702500E+02 2.004999E-01
1.705000E+02 1.972852E-01
1.707500E+02 1.942183E-01
1.710000E+02 1.909370E-01
1.712500E+02 1.878007E-01
1.715000E+02 1.846172E-01
1.717500E+02 1.814013E-01
1.720000E+02 1.782514E-01
1.722500E+02 1.751124E-01
1.725000E+02 1.719691E-01
1.727500E+02 1.688659E-01
1.730000E+02 1.657416E-01
1.732500E+02 1.625849E-01
1.735000E+02 1.594454E-01
1.737500E+02 1.563139E-01
1.740000E+02 1.532509E-01
1.742500E+02 1.501779E-01
1.745000E+02 1.471296E-01
1.747500E+02 1.440545E-01
1.750000E+02 1.410102E-01
1.752500E+02 1.379794E-01
1.755000E+02 1.349521E-01
1.757500E+02 1.319034E-01
1.760000E+02 1.289163E-01
1.762500E+02 1.259014E-01
1.765000E+02 1.228895E-01
1.767500E+02 1.199386E-01
1.770000E+02 1.171790E-01
1.772500E+02 1.145889E-01
1.775000E+02 1.121317E-01
1.777500E+02 1.097313E-01
1.780000E+02 1.074019E-01
1.782500E+02 1.051621E-01
1.785000E+02 1.028994E-01
1.787500E+02 1.008210E-01
1.790000E+02 9.864320E-02
1.792500E+02 9.665554E-02
1.795000E+02 9.461411E-02
1.797500E+02 9.271639E-02
1.800000E+02 9.081083E-02
1.802500E+02 8.895386E-02
1.805000E+02 8.705925E-02
1.807500E+02 8.532007E-02
1.810000E+02 8.349793E-02
1.812500E+02 8.175283E-02
1.815000E+02 8.003109E-02
1.817500E+02 7.842551E-02
1.820000E+02 7.685433E-02
1.822500E+02 7.521475E-02
1.825000E+02 7.364407E-02
1.827500E+02 7.210405E-02
1.830000E+02 7.053552E-02
1.832500E+02 6.915078E-02
1.835000E+02 6.764170E-02
1.837500E+02 6.623103E-02
1.840000E+02 6.485347E-02
1.842500E+02 6.346474E-02
1.845000E+02 6.218962E-02
1.847500E+02 6.078735E-02
1.850000E+02 5.949077E-02
1.852500E+02 5.820172E-02
1.855000E+02 5.701113E-02
1.857500E+02 5.571968E-02
1.860000E+02 5.456653E-02
1.862500E+02 5.334853E-02
1.865000E+02 5.216355E-02
1.867500E+02 5.103733E-02
1.870000E+02 4.989379E-02
1.872500E+02 4.875690E-02
1.875000E+02 4.770698E-02
1.877500E+02 4.662898E-02
1.880000E+02 4.555350E-02
1.882500E+02 4.453165E-02
1.885000E+02 4.348880E-02
1.887500E+02 4.252693E-02
1.890000E+02 4.151602E-02
1.892500E+02 4.059092E-02
1.895000E+02 3.961424E-02
1.897500E+02 3.870013E-02
1.900000E+02 3.781675E-02
1.902500E+02 3.690321E-02
1.905000E+02 3.604581E-02
1.907500E+02 3.513893E-02
1.910000E+02 3.426758E-02
1.912500E+02 3.343566E-02
1.915000E+02 3.264070E-02
1.917500E+02 3.181856E-02
1.920000E+02 3.104958E-02
1.922500E+02 3.026191E-02
1.925000E+02 2.946518E-02
1.927500E+02 2.873616E-02
1.930000E+02 2.799327E-02
1.932500E+02 2.728719E-02
1.935000E+02 2.654352E-02
1.937500E+02 2.589460E-02
1.940000E+02 2.517757E-02
1.942500E+02 2.451562E-02
1.945000E+02 2.384114E-02
1.947500E+02 2.316614E-02
1.950000E+02 2.253751E-02
1.952500E+02 2.194514E-02
1.955000E+02 2.128091E-02
1.957500E+02 2.070998E-02
1.960000E+02 2.013587E-02
1.962500E+02 1.954785E-02
1.965000E+02 1.896120E-02
1.967500E+02 1.840912E-02
1.970000E+02 1.786186E-02
1.972500E+02 1.734474E-02
1.975000E+02 1.680586E-02
1.977500E+02 1.631962E-02
1.980000E+02 1.579683E-02
1.982500E+02 1.531433E-02
1.985000E+02 1.481420E-02
1.987500E+02 1.435996E-02
1.990000E+02 1.386437E-02
1.992500E+02 1.344120E-02
1.995000E+02 1.296194E-02
1.997500E+02 1.252376E-02
2.000000E+02 1.210777E-02
2.002500E+02 1.170444E-02
2.005000E+02 1.130459E-02
2.007500E+02 1.089956E-02
2.010000E+02 1.051499E-02
2.012500E+02 1.012169E-02
2.015000E+02 9.740221E-03
2.017500E+02 9.392188E-03
2.020000E+02 9.038205E-03
2.022500E+02 8.689759E-03
2.025000E+02 8.342125E-03
2.027500E+02 8.010053E-03
2.030000E+02 7.697178E-03
2.032500E+02 7.369563E-03
2.035000E+02 7.066623E-03
2.037500E+02 6.785203E-03
2.040000E+02 6.474258E-03
2.042500E+02 6.210148E-03
2.045000E+02 5.926915E-03
2.047500E+02 5.646413E-03
2.050000E+02 5.387406E-03
2.052500E+02 5.144114E-03
2.055000E+02 4.888056E-03
2.057500E+02 4.644195E-03
2.060000E+02 4.419814E-03
2.062500E+02 4.180054E-03
2.065000E+02 3.968712E-03
2.067500E+02 3.754019E-03
2.070000E+02 3.549588E-03
2.072500E+02 3.352750E-03
2.075000E+02 3.153318E-03
2.077500E+02 2.972589E-03
2.080000E+02 2.787025E-03
2.082500E+02 2.616671E-03
2.085000E+02 2.454350E-03
2.087500E+02 2.279895E-03
2.090000E+02 2.126764E-03
2.092500E+02 1.985778E-03
2.095000E+02 1.837058E-03
2.097500E+02 1.700703E-03
2.100000E+02 1.569504E-03
2.102500E+02 1.440353E-03
2.105000E+02 1.322087E-03
2.107500E+02 1.205608E-03
2.110000E+02 1.102183E-03
2.112500E+02 9.946341E-04
2.115000E+02 8.969921E-04
2.117500E+02 8.060883E-04
2.120000E+02 7.137228E-04
2.122500E+02 6.365650E-04
2.125000E+02 5.599880E-04
2.127500E+02 4.891227E-04
2.130000E+02 4.223880E-04
2.132500E+02 3.620476E-04
2.135000E+02 3.034240E-04
2.137500E+02 2.524713E-04
2.140000E+02 2.067811E-04
2.142500E+02 1.649211E-04
2.145000E+02 1.283066E-04
2.147500E+02 9.701878E-05
2.150000E+02 6.900976E-05
2.152500E+02 4.503612E-05
2.155000E+02 2.779079E-05
2.157500E+02 1.408619E-05
2.160000E+02 5.039178E-06
2.162500E+02 7.430327E-07
