2.500000E-01 0.000000E+00
5.000000E-01 0.000000E+00
7.500000E-01 0.000000E+00
1.000000E+00 0.000000E+00
1.250000E+00 0.000000E+00
1.500000E+00 0.000000E+00
1.750000E+00 0.000000E+00
2.000000E+00 0.000000E+00
2.250000E+00 0.000000E+00
2.500000E+00 0.000000E+00
2.750000E+00 0.000000E+00
3.000000E+00 0.000000E+00
3.250000E+00 0.000000E+00
3.500000E+00 6.293322E-02
3.750000E+00 5.048219E+00
4.000000E+00 3.746000E+01
4.250000E+00 7.486908E+01
4.500000E+00 7.525264E+01
4.750000E+00 5.584384E+01
5.000000E+00 3.727766E+01
5.250000E+00 2.416662E+01
5.500000E+00 1.604506E+01
5.750000E+00 1.115183E+01
6.000000E+00 8.383985E+00
6.250000E+00 6.752430E+00
6.500000E+00 5.503916E+00
6.750000E+00 4.483726E+00
7.000000E+00 3.599839E+00
7.250000E+00 2.939971E+00
7.500000E+00 2.566123E+00
7.750000E+00 2.324184E+00
8.000000E+00 2.369648E+00
8.250000E+00 2.531175E+00
8.500000E+00 2.681247E+00
8.750000E+00 2.609741E+00
9.000000E+00 2.403436E+00
9.250000E+00 2.118904E+00
9.500000E+00 1.856049E+00
9.750000E+00 1.637333E+00
1.000000E+01 1.490709E+00
1.025000E+01 1.401939E+00
1.050000E+01 1.294477E+00
1.075000E+01 1.235218E+00
1.100000E+01 1.209542E+00
1.125000E+01 1.158545E+00
1.150000E+01 1.129587E+00
1.175000E+01 1.120649E+00
1.200000E+01 1.093154E+00
1.225000E+01 1.090474E+00
1.250000E+01 1.090683E+00
1.275000E+01 1.086402E+00
1.300000E+01 1.094133E+00
1.325000E+01 1.072522E+00
1.350000E+01 1.065031E+00
1.375000E+01 1.048148E+00
1.400000E+01 1.043875E+00
1.425000E+01 1.038580E+00
1.450000E+01 1.035460E+00
1.475000E+01 1.027945E+00
1.500000E+01 1.025956E+00
1.525000E+01 1.020569E+00
1.550000E+01 1.031578E+00
1.575000E+01 1.030371E+00
1.600000E+01 1.009737E+00
1.625000E+01 1.023137E+00
1.650000E+01 1.019891E+00
1.675000E+01 1.032200E+00
1.700000E+01 1.029513E+00
1.725000E+01 1.021511E+00
1.750000E+01 1.013637E+00
1.775000E+01 1.018970E+00
1.800000E+01 1.019037E+00
1.825000E+01 1.009913E+00
1.850000E+01 1.021622E+00
1.875000E+01 1.011427E+00
1.900000E+01 1.009594E+00
1.925000E+01 1.012220E+00
1.950000E+01 1.015082E+00
1.975000E+01 1.015258E+00
2.000000E+01 1.005904E+00
2.025000E+01 1.008595E+00
2.050000E+01 1.008182E+00
2.075000E+01 1.012633E+00
2.100000E+01 1.010934E+00
2.125000E+01 1.014699E+00
2.150000E+01 1.001838E+00
2.175000E+01 1.004801E+00
2.200000E+01 1.014770E+00
2.225000E+01 1.014172E+00
2.250000E+01 1.011941E+00
2.275000E+01 1.007405E+00
2.300000E+01 1.019238E+00
2.325000E+01 1.009779E+00
2.350000E+01 1.008709E+00
2.375000E+01 1.010449E+00
2.400000E+01 1.011085E+00
2.425000E+01 1.007033E+00
2.450000E+01 1.008756E+00
2.475000E+01 1.004077E+00
2.500000E+01 1.013031E+00
2.525000E+01 1.010326E+00
2.550000E+01 1.013150E+00
2.575000E+01 1.007091E+00
2.600000E+01 1.008366E+00
2.625000E+01 1.006932E+00
2.650000E+01 1.008593E+00
2.675000E+01 9.990324E-01
2.700000E+01 1.013104E+00
2.725000E+01 1.007554E+00
2.750000E+01 1.007515E+00
2.775000E+01 1.011299E+00
2.800000E+01 1.008319E+00
2.825000E+01 1.014395E+00
2.850000E+01 1.003374E+00
2.875000E+01 1.006414E+00
2.900000E+01 1.008465E+00
2.925000E+01 1.011351E+00
2.950000E+01 1.010344E+00
2.975000E+01 1.005442E+00
3.000000E+01 1.008608E+00
3.025000E+01 1.007509E+00
3.050000E+01 1.006249E+00
3.075000E+01 1.004507E+00
3.100000E+01 1.006822E+00
3.125000E+01 1.010314E+00
3.150000E+01 1.007157E+00
3.175000E+01 1.004288E+00
3.200000E+01 1.007092E+00
3.225000E+01 1.003357E+00
3.250000E+01 1.005783E+00
3.275000E+01 1.008275E+00
3.300000E+01 1.004581E+00
3.325000E+01 1.006521E+00
3.350000E+01 1.005236E+00
3.375000E+01 1.006123E+00
3.400000E+01 1.006882E+00
3.425000E+01 1.003999E+00
3.450000E+01 1.004241E+00
3.475000E+01 1.006019E+00
3.500000E+01 1.006296E+00
3.525000E+01 1.006419E+00
3.550000E+01 1.003974E+00
3.575000E+01 1.005608E+00
3.600000E+01 1.006406E+00
3.625000E+01 1.002370E+00
3.650000E+01 1.006235E+00
3.675000E+01 1.002765E+00
3.700000E+01 1.001717E+00
3.725000E+01 1.006527E+00
3.750000E+01 1.002840E+00
3.775000E+01 1.001831E+00
3.800000E+01 1.003896E+00
3.825000E+01 1.005289E+00
3.850000E+01 1.006154E+00
3.875000E+01 1.002085E+00
3.900000E+01 1.004632E+00
3.925000E+01 1.004179E+00
3.950000E+01 1.005339E+00
3.975000E+01 1.002719E+00
4.000000E+01 1.006129E+00
4.025000E+01 1.006051E+00
4.050000E+01 1.007207E+00
4.075000E+01 1.002736E+00
4.100000E+01 1.004238E+00
4.125000E+01 1.004751E+00
4.150000E+01 1.005454E+00
4.175000E+01 1.002005E+00
4.200000E+01 1.007503E+00
4.225000E+01 1.003030E+00
4.250000E+01 1.006223E+00
4.275000E+01 1.007506E+00
4.300000E+01 1.003420E+00
4.325000E+01 1.000778E+00
4.350000E+01 1.003929E+00
4.375000E+01 1.003171E+00
4.400000E+01 1.001953E+00
4.425000E+01 1.000867E+00
4.450000E+01 1.001587E+00
4.475000E+01 1.004433E+00
4.500000E+01 1.001673E+00
4.525000E+01 1.004126E+00
4.550000E+01 1.006082E+00
4.575000E+01 1.002002E+00
4.600000E+01 1.002696E+00
4.625000E+01 1.001472E+00
4.650000E+01 1.001182E+00
4.675000E+01 1.000614E+00
4.700000E+01 1.002280E+00
4.725000E+01 1.005034E+00
4.750000E+01 1.002083E+00
4.775000E+01 1.000967E+00
4.800000E+01 1.003433E+00
4.825000E+01 1.002340E+00
4.850000E+01 1.002049E+00
4.875000E+01 1.003767E+00
4.900000E+01 1.002064E+00
4.925000E+01 1.001636E+00
4.950000E+01 9.999392E-01
4.975000E+01 1.002228E+00
5.000000E+01 9.994449E-01
5.025000E+01 1.000125E+00
5.050000E+01 1.003334E+00
5.075000E+01 1.004101E+00
5.100000E+01 1.002793E+00
5.125000E+01 1.005646E+00
5.150000E+01 1.004773E+00
5.175000E+01 1.002867E+00
5.200000E+01 1.002541E+00
5.225000E+01 1.002732E+00
5.250000E+01 1.003873E+00
5.275000E+01 1.002169E+00
5.300000E+01 1.000681E+00
5.325000E+01 9.998009E-01
5.350000E+01 1.002219E+00
5.375000E+01 1.001729E+00
5.400000E+01 1.000436E+00
5.425000E+01 1.002358E+00
5.450000E+01 1.004306E+00
5.475000E+01 1.003954E+00
5.500000E+01 1.000760E+00
5.525000E+01 1.005987E+00
5.550000E+01 1.002460E+00
5.575000E+01 1.003228E+00
5.600000E+01 1.005206E+00
5.625000E+01 1.004825E+00
5.650000E+01 1.002823E+00
5.675000E+01 1.004135E+00
5.700000E+01 1.001977E+00
5.725000E+01 1.003447E+00
5.750000E+01 1.003854E+00
5.775000E+01 1.002114E+00
5.800000E+01 1.003226E+00
5.825000E+01 1.002498E+00
5.850000E+01 1.004224E+00
5.875000E+01 1.003714E+00
5.900000E+01 1.000924E+00
5.925000E+01 1.003939E+00
5.950000E+01 1.003889E+00
5.975000E+01 1.002043E+00
6.000000E+01 1.003398E+00
6.025000E+01 1.001914E+00
6.050000E+01 1.004545E+00
6.075000E+01 1.002725E+00
6.100000E+01 1.002177E+00
6.125000E+01 1.002964E+00
6.150000E+01 1.002665E+00
6.175000E+01 1.001911E+00
6.200000E+01 1.003975E+00
6.225000E+01 1.004121E+00
6.250000E+01 1.000162E+00
6.275000E+01 1.003176E+00
6.300000E+01 1.004412E+00
6.325000E+01 1.001552E+00
6.350000E+01 1.000378E+00
6.375000E+01 1.001383E+00
6.400000E+01 1.001493E+00
6.425000E+01 1.003652E+00
6.450000E+01 1.002413E+00
6.475000E+01 1.002152E+00
6.500000E+01 1.003326E+00
6.525000E+01 1.001159E+00
6.550000E+01 1.004264E+00
6.575000E+01 1.002562E+00
6.600000E+01 1.003906E+00
6.625000E+01 1.004023E+00
6.650000E+01 9.993001E-01
6.675000E+01 1.004499E+00
6.700000E+01 1.002436E+00
6.725000E+01 1.001491E+00
6.750000E+01 1.002717E+00
6.775000E+01 1.003355E+00
6.800000E+01 1.002135E+00
6.825000E+01 1.002941E+00
6.850000E+01 1.001287E+00
6.875000E+01 1.002410E+00
6.900000E+01 1.002815E+00
6.925000E+01 1.001304E+00
6.950000E+01 1.002527E+00
6.975000E+01 1.004020E+00
7.000000E+01 1.002810E+00
7.025000E+01 1.001494E+00
7.050000E+01 1.001099E+00
7.075000E+01 1.001570E+00
7.100000E+01 1.000513E+00
7.125000E+01 1.002338E+00
7.150000E+01 1.001792E+00
7.175000E+01 1.000811E+00
7.200000E+01 1.002760E+00
7.225000E+01 1.001986E+00
7.250000E+01 1.001618E+00
7.275000E+01 1.000547E+00
7.300000E+01 1.001830E+00
7.325000E+01 1.002952E+00
7.350000E+01 1.003519E+00
7.375000E+01 1.001427E+00
7.400000E+01 1.001665E+00
7.425000E+01 1.002056E+00
7.450000E+01 1.000157E+00
7.475000E+01 1.001733E+00
7.500000E+01 1.001538E+00
7.525000E+01 1.001261E+00
7.550000E+01 1.001196E+00
7.575000E+01 1.001609E+00
7.600000E+01 1.002142E+00
7.625000E+01 9.993116E-01
7.650000E+01 1.003083E+00
7.675000E+01 1.000681E+00
7.700000E+01 1.002987E+00
7.725000E+01 1.001205E+00
7.750000E+01 1.000502E+00
7.775000E+01 1.000983E+00
7.800000E+01 1.000380E+00
7.825000E+01 1.001822E+00
7.850000E+01 1.001832E+00
7.875000E+01 1.001911E+00
7.900000E+01 1.000929E+00
7.925000E+01 1.001610E+00
7.950000E+01 1.002126E+00
7.975000E+01 1.000817E+00
8.000000E+01 9.999307E-01
8.025000E+01 1.002911E+00
8.050000E+01 1.000945E+00
8.075000E+01 1.000612E+00
8.100000E+01 1.001150E+00
8.125000E+01 1.002934E+00
8.150000E+01 1.002425E+00
8.175000E+01 1.002077E+00
8.200000E+01 1.001169E+00
8.225000E+01 1.000307E+00
8.250000E+01 9.981843E-01
8.275000E+01 1.001094E+00
8.300000E+01 1.003478E+00
8.325000E+01 1.003091E+00
8.350000E+01 1.001694E+00
8.375000E+01 1.001213E+00
8.400000E+01 1.001355E+00
8.425000E+01 1.001656E+00
8.450000E+01 1.001253E+00
8.475000E+01 1.002191E+00
8.500000E+01 1.000585E+00
8.525000E+01 1.000932E+00
8.550000E+01 1.001937E+00
8.575000E+01 1.000074E+00
8.600000E+01 1.002809E+00
8.625000E+01 1.002402E+00
8.650000E+01 9.984744E-01
8.675000E+01 1.000620E+00
8.700000E+01 1.000941E+00
8.725000E+01 1.001157E+00
8.750000E+01 1.000776E+00
8.775000E+01 1.000587E+00
8.800000E+01 1.001031E+00
8.825000E+01 1.003443E+00
8.850000E+01 1.001190E+00
8.875000E+01 1.002113E+00
8.900000E+01 1.001329E+00
8.925000E+01 1.000565E+00
8.950000E+01 9.987992E-01
8.975000E+01 1.001176E+00
9.000000E+01 1.001464E+00
9.025000E+01 9.993374E-01
9.050000E+01 1.000456E+00
9.075000E+01 1.002043E+00
9.100000E+01 1.000730E+00
9.125000E+01 1.000532E+00
9.150000E+01 9.988932E-01
9.175000E+01 1.000739E+00
9.200000E+01 1.000789E+00
9.225000E+01 9.988727E-01
9.250000E+01 1.001490E+00
9.275000E+01 1.000039E+00
9.300000E+01 9.991910E-01
9.325000E+01 1.000573E+00
9.350000E+01 1.002082E+00
9.375000E+01 1.001529E+00
9.400000E+01 1.001608E+00
9.425000E+01 1.000214E+00
9.450000E+01 1.000311E+00
9.475000E+01 9.998489E-01
9.500000E+01 1.002050E+00
9.525000E+01 9.998208E-01
9.550000E+01 1.000413E+00
9.575000E+01 9.990425E-01
9.600000E+01 1.001332E+00
9.625000E+01 9.998760E-01
9.650000E+01 1.000666E+00
9.675000E+01 1.000156E+00
9.700000E+01 9.995514E-01
9.725000E+01 1.000715E+00
9.750000E+01 1.000144E+00
9.775000E+01 1.000380E+00
9.800000E+01 1.000974E+00
9.825000E+01 9.998642E-01
9.850000E+01 1.000128E+00
9.875000E+01 1.001013E+00
9.900000E+01 1.000263E+00
9.925000E+01 9.993391E-01
9.950000E+01 9.990897E-01
9.975000E+01 1.000150E+00
1.000000E+02 1.001019E+00
1.002500E+02 9.987871E-01
1.005000E+02 1.001526E+00
1.007500E+02 1.001105E+00
1.010000E+02 1.000681E+00
1.012500E+02 1.001213E+00
1.015000E+02 1.000474E+00
1.017500E+02 1.001607E+00
1.020000E+02 9.995991E-01
1.022500E+02 9.999269E-01
1.025000E+02 1.000525E+00
1.027500E+02 1.000316E+00
1.030000E+02 1.000099E+00
1.032500E+02 9.998108E-01
1.035000E+02 1.001621E+00
1.037500E+02 1.000969E+00
1.040000E+02 1.000549E+00
1.042500E+02 9.996808E-01
1.045000E+02 1.000820E+00
1.047500E+02 1.000461E+00
1.050000E+02 1.000711E+00
1.052500E+02 9.998396E-01
1.055000E+02 1.001122E+00
1.057500E+02 1.000630E+00
1.060000E+02 1.000207E+00
1.062500E+02 1.001995E+00
1.065000E+02 1.001838E+00
1.067500E+02 1.000513E+00
1.070000E+02 9.999430E-01
1.072500E+02 1.000580E+00
1.075000E+02 9.994026E-01
1.077500E+02 1.000138E+00
1.080000E+02 1.000122E+00
1.082500E+02 1.000961E+00
1.085000E+02 1.001628E+00
1.087500E+02 9.991960E-01
1.090000E+02 1.000979E+00
1.092500E+02 1.000573E+00
1.095000E+02 1.001834E+00
1.097500E+02 9.990794E-01
1.100000E+02 1.001271E+00
1.102500E+02 1.000433E+00
1.105000E+02 1.000834E+00
1.107500E+02 1.001350E+00
1.110000E+02 1.000064E+00
1.112500E+02 1.000871E+00
1.115000E+02 9.991006E-01
1.117500E+02 1.000590E+00
1.120000E+02 1.000911E+00
1.122500E+02 1.001584E+00
1.125000E+02 1.001404E+00
1.127500E+02 1.000803E+00
1.130000E+02 1.000816E+00
1.132500E+02 1.001438E+00
1.135000E+02 1.000505E+00
1.137500E+02 9.984693E-01
1.140000E+02 1.000039E+00
1.142500E+02 1.001757E+00
1.145000E+02 1.001010E+00
1.147500E+02 9.993739E-01
1.150000E+02 1.001016E+00
1.152500E+02 1.000652E+00
1.155000E+02 1.000420E+00
1.157500E+02 9.997715E-01
1.160000E+02 1.000807E+00
1.162500E+02 9.998993E-01
1.165000E+02 1.000325E+00
1.167500E+02 1.000090E+00
1.170000E+02 9.993868E-01
1.172500E+02 1.000283E+00
1.175000E+02 1.000211E+00
1.177500E+02 1.000162E+00
1.180000E+02 9.997819E-01
1.182500E+02 9.997965E-01
1.185000E+02 9.993080E-01
1.187500E+02 1.000470E+00
1.190000E+02 1.001260E+00
1.192500E+02 1.001867E+00
1.195000E+02 9.999206E-01
1.197500E+02 1.000597E+00
1.200000E+02 9.997344E-01
1.202500E+02 1.000449E+00
1.205000E+02 1.000782E+00
1.207500E+02 1.001073E+00
1.210000E+02 1.000974E+00
1.212500E+02 1.000674E+00
1.215000E+02 1.000493E+00
1.217500E+02 1.000829E+00
1.220000E+02 1.000902E+00
1.222500E+02 1.000500E+00
1.225000E+02 1.000668E+00
1.227500E+02 1.000270E+00
1.230000E+02 9.983336E-01
1.232500E+02 1.000601E+00
1.235000E+02 9.999068E-01
1.237500E+02 1.000321E+00
1.240000E+02 1.000509E+00
1.242500E+02 1.000829E+00
1.245000E+02 9.995984E-01
1.247500E+02 1.000500E+00
1.250000E+02 9.964773E-01
1.252500E+02 9.917804E-01
1.255000E+02 9.853706E-01
1.257500E+02 9.797411E-01
1.260000E+02 9.738625E-01
1.262500E+02 9.669799E-01
1.265000E+02 9.613305E-01
1.267500E+02 9.547924E-01
1.270000E+02 9.506127E-01
1.272500E+02 9.436970E-01
1.275000E+02 9.376349E-01
1.277500E+02 9.317913E-01
1.280000E+02 9.281238E-01
1.282500E+02 9.211478E-01
1.285000E+02 9.147108E-01
1.287500E+02 9.107856E-01
1.290000E+02 9.043380E-01
1.292500E+02 8.985093E-01
1.295000E+02 8.926487E-01
1.297500E+02 8.872824E-01
1.300000E+02 8.805222E-01
1.302500E+02 8.761506E-01
1.305000E+02 8.708157E-01
1.307500E+02 8.659779E-01
1.310000E+02 8.611207E-01
1.312500E+02 8.537935E-01
1.315000E+02 8.486327E-01
1.317500E+02 8.441591E-01
1.320000E+02 8.379803E-01
1.322500E+02 8.330203E-01
1.325000E+02 8.283363E-01
1.327500E+02 8.224751E-01
1.330000E+02 8.180402E-01
1.332500E+02 8.118778E-01
1.335000E+02 8.055847E-01
1.337500E+02 8.006492E-01
1.340000E+02 7.961843E-01
1.342500E+02 7.911933E-01
1.345000E+02 7.866044E-01
1.347500E+02 7.797262E-01
1.350000E+02 7.748620E-01
1.352500E+02 7.701126E-01
1.355000E+02 7.648660E-01
1.357500E+02 7.598365E-01
1.360000E+02 7.552272E-01
1.362500E+02 7.493072E-01
1.365000E+02 7.452301E-01
1.367500E+02 7.406141E-01
1.370000E+02 7.345616E-01
1.372500E+02 7.295530E-01
1.375000E+02 7.253023E-01
1.377500E+02 7.199951E-01
1.380000E+02 7.147355E-01
1.382500E+02 7.104947E-01
1.385000E+02 7.044032E-01
1.387500E+02 7.004872E-01
1.390000E+02 6.952740E-01
1.392500E+02 6.909724E-01
1.395000E+02 6.855368E-01
1.397500E+02 6.814299E-01
1.400000E+02 6.758021E-01
1.402500E+02 6.709093E-01
1.405000E+02 6.664730E-01
1.407500E+02 6.621465E-01
1.410000E+02 6.574264E-01
1.412500E+02 6.530981E-01
1.415000E+02 6.478219E-01
1.417500E+02 6.424744E-01
1.420000E+02 6.389857E-01
1.422500E+02 6.335534E-01
1.425000E+02 6.287224E-01
1.427500E+02 6.244470E-01
1.430000E+02 6.195997E-01
1.432500E+02 6.153881E-01
1.435000E+02 6.118567E-01
1.437500E+02 6.054006E-01
1.440000E+02 6.016815E-01
1.442500E+02 5.977370E-01
1.445000E+02 5.928568E-01
1.447500E+02 5.878871E-01
1.450000E+02 5.838515E-01
1.452500E+02 5.792743E-01
1.455000E+02 5.754312E-01
1.457500E+02 5.711983E-01
1.460000E+02 5.652688E-01
1.462500E+02 5.618531E-01
1.465000E+02 5.573865E-01
1.467500E+02 5.536700E-01
1.470000E+02 5.484424E-01
1.472500E+02 5.439951E-01
1.475000E+02 5.397014E-01
1.477500E+02 5.359810E-01
1.480000E+02 5.315910E-01
1.482500E+02 5.272623E-01
1.485000E+02 5.233906E-01
1.487500E+02 5.187855E-01
1.490000E+02 5.145260E-01
1.492500E+02 5.102291E-01
1.495000E+02 5.068049E-01
1.497500E+02 5.015099E-01
1.500000E+02 4.982773E-01
1.502500E+02 4.934015E-01
1.505000E+02 4.892526E-01
1.507500E+02 4.852496E-01
1.510000E+02 4.803872E-01
1.512500E+02 4.766474E-01
1.515000E+02 4.735754E-01
1.517500E+02 4.687959E-01
1.520000E+02 4.649037E-01
1.522500E+02 4.609224E-01
1.525000E+02 4.565724E-01
1.527500E+02 4.532038E-01
1.530000E+02 4.482170E-01
1.532500E+02 4.451081E-01
1.535000E+02 4.411006E-01
1.537500E+02 4.366377E-01
1.540000E+02 4.328193E-01
1.542500E+02 4.292617E-01
1.545000E+02 4.252350E-01
1.547500E+02 4.205647E-01
1.550000E+02 4.169332E-01
1.552500E+02 4.135020E-01
1.555000E+02 4.092161E-01
1.557500E+02 4.055208E-01
1.560000E+02 4.014291E-01
1.562500E+02 3.971899E-01
1.565000E+02 3.945158E-01
1.567500E+02 3.906416E-01
1.570000E+02 3.869089E-01
1.572500E+02 3.833152E-01
1.575000E+02 3.792253E-01
1.577500E+02 3.748171E-01
1.580000E+02 3.720044E-01
1.582500E+02 3.673163E-01
1.585000E+02 3.640944E-01
1.587500E+02 3.607400E-01
1.590000E+02 3.566696E-01
1.592500E+02 3.524184E-01
1.595000E+02 3.496325E-01
1.597500E+02 3.456006E-01
1.600000E+02 3.422004E-01
1.602500E+02 3.384050E-01
1.605000E+02 3.339097E-01
1.607500E+02 3.311209E-01
1.610000E+02 3.270528E-01
1.612500E+02 3.233912E-01
1.615000E+02 3.199582E-01
1.617500E+02 3.163601E-01
1.620000E+02 3.129658E-01
1.622500E+02 3.092700E-01
1.625000E+02 3.059838E-01
1.627500E+02 3.023815E-01
1.630000E+02 2.987198E-01
1.632500E+02 2.950294E-01
1.635000E+02 2.910863E-01
1.637500E+02 2.879491E-01
1.640000E+02 2.850703E-01
1.642500E+02 2.816703E-01
1.645000E+02 2.780154E-01
1.647500E+02 2.739407E-01
1.650000E+02 2.709408E-01
1.652500E+02 2.674381E-01
1.655000E+02 2.635820E-01
1.657500E+02 2.602580E-01
1.660000E+02 2.570234E-01
1.662500E+02 2.539766E-01
1.665000E+02 2.501136E-01
1.667500E+02 2.468365E-01
1.670000E+02 2.436458E-01
1.672500E+02 2.404398E-01
1.675000E+02 2.367707E-01
1.677500E+02 2.337327E-01
1.680000E+02 2.302140E-01
1.682500E+02 2.271256E-01
1.685000E+02 2.234874E-01
1.687500E+02 2.204833E-01
1.690000E+02 2.173194E-01
1.692500E+02 2.136745E-01
1.695000E+02 2.108225E-01
1.697500E+02 2.076770E-01
1.700000E+02 2.045135E-01
1.702500E+02 2.010152E-01
1.705000E+02 1.977449E-01
1.707500E+02 1.948774E-01
1.710000E+02 1.913978E-01
1.712500E+02 1.877858E-01
1.715000E+02 1.845669E-01
1.717500E+02 1.815613E-01
1.720000E+02 1.783688E-01
1.722500E+02 1.753206E-01
1.725000E+02 1.721443E-01
1.727500E+02 1.692062E-01
1.730000E+02 1.657536E-01
1.732500E+02 1.626687E-01
1.735000E+02 1.596426E-01
1.737500E+02 1.568134E-01
1.740000E+02 1.534205E-01
1.742500E+02 1.505770E-01
1.745000E+02 1.471648E-01
1.747500E+02 1.444530E-01
1.750000E+02 1.414584E-01
1.752500E+02 1.383265E-01
1.755000E+02 1.354559E-01
1.757500E+02 1.318560E-01
1.760000E+02 1.287477E-01
1.762500E+02 1.260582E-01
1.765000E+02 1.231355E-01
1.767500E+02 1.202067E-01
1.770000E+02 1.171058E-01
1.772500E+02 1.148390E-01
1.775000E+02 1.120217E-01
1.777500E+02 1.098435E-01
1.780000E+02 1.076530E-01
1.782500E+02 1.049824E-01
1.785000E+02 1.031434E-01
1.787500E+02 1.010097E-01
1.790000E+02 9.870166E-02
1.792500E+02 9.677500E-02
1.795000E+02 9.503915E-02
1.797500E+02 9.314398E-02
1.800000E+02 9.087760E-02
1.802500E+02 8.896249E-02
1.805000E+02 8.743558E-02
1.807500E+02 8.532463E-02
1.810000E+02 8.368838E-02
1.812500E+02 8.195644E-02
1.815000E+02 7.999378E-02
1.817500E+02 7.857817E-02
1.820000E+02 7.712000E-02
1.822500E+02 7.519989E-02
1.825000E+02 7.380141E-02
1.827500E+02 7.215206E-02
1.830000E+02 7.066827E-02
1.832500E+02 6.923866E-02
1.835000E+02 6.764689E-02
1.837500E+02 6.614631E-02
1.840000E+02 6.483432E-02
1.842500E+02 6.348887E-02
1.845000E+02 6.239536E-02
1.847500E+02 6.096536E-02
1.850000E+02 5.943633E-02
1.852500E+02 5.821493E-02
1.855000E+02 5.699550E-02
1.857500E+02 5.588348E-02
1.860000E+02 5.464395E-02
1.862500E+02 5.331408E-02
1.865000E+02 5.218668E-02
1.867500E+02 5.101120E-02
1.870000E+02 4.986407E-02
1.872500E+02 4.897153E-02
1.875000E+02 4.775278E-02
1.877500E+02 4.689335E-02
1.880000E+02 4.555457E-02
1.882500E+02 4.462854E-02
1.885000E+02 4.357525E-02
1.887500E+02 4.245762E-02
1.890000E+02 4.160150E-02
1.892500E+02 4.072259E-02
1.895000E+02 3.958875E-02
1.897500E+02 3.877731E-02
1.900000E+02 3.774607E-02
1.902500E+02 3.682402E-02
1.905000E+02 3.590966E-02
1.907500E+02 3.514015E-02
1.910000E+02 3.441247E-02
1.912500E+02 3.334573E-02
1.915000E+02 3.262805E-02
1.917500E+02 3.193576E-02
1.920000E+02 3.109568E-02
1.922500E+02 3.012827E-02
1.925000E+02 2.945782E-02
1.927500E+02 2.863580E-02
1.930000E+02 2.807519E-02
1.932500E+02 2.736748E-02
1.935000E+02 2.656019E-02
1.937500E+02 2.586369E-02
1.940000E+02 2.512570E-02
1.942500E+02 2.447678E-02
1.945000E+02 2.380368E-02
1.947500E+02 2.318353E-02
1.950000E+02 2.259585E-02
1.952500E+02 2.190225E-02
1.955000E+02 2.134087E-02
1.957500E+02 2.071102E-02
1.960000E+02 2.015577E-02
1.962500E+02 1.949870E-02
1.965000E+02 1.896751E-02
1.967500E+02 1.837809E-02
1.970000E+02 1.781462E-02
1.972500E+02 1.727709E-02
1.975000E+02 1.686377E-02
1.977500E+02 1.621222E-02
1.980000E+02 1.581403E-02
1.982500E+02 1.529260E-02
1.985000E+02 1.485968E-02
1.987500E+02 1.431635E-02
1.990000E+02 1.391816E-02
1.992500E+02 1.349071E-02
1.995000E+02 1.295746E-02
1.997500E+02 1.253392E-02
2.000000E+02 1.212146E-02
2.002500E+02 1.172360E-02
2.005000E+02 1.127356E-02
2.007500E+02 1.096875E-02
2.010000E+02 1.052809E-02
2.012500E+02 1.012980E-02
2.015000E+02 9.815431E-03
2.017500E+02 9.385938E-03
2.020000E+02 8.991912E-03
2.022500E+02 8.728738E-03
2.025000E+02 8.303079E-03
2.027500E+02 8.035659E-03
2.030000E+02 7.702741E-03
2.032500E+02 7.372482E-03
2.035000E+02 7.043821E-03
2.037500E+02 6.797107E-03
2.040000E+02 6.556774E-03
2.042500E+02 6.254558E-03
2.045000E+02 5.868347E-03
2.047500E+02 5.623728E-03
2.050000E+02 5.431889E-03
2.052500E+02 5.085161E-03
2.055000E+02 4.888535E-03
2.057500E+02 4.663746E-03
2.060000E+02 4.394530E-03
2.062500E+02 4.188257E-03
2.065000E+02 4.002401E-03
2.067500E+02 3.739895E-03
2.070000E+02 3.519673E-03
2.072500E+02 3.347638E-03
2.075000E+02 3.185123E-03
2.077500E+02 2.967289E-03
2.080000E+02 2.829763E-03
2.082500E+02 2.617630E-03
2.085000E+02 2.457055E-03
2.087500E+02 2.306500E-03
2.090000E+02 2.138185E-03
2.092500E+02 1.963755E-03
2.095000E+02 1.849085E-03
2.097500E+02 1.718251E-03
2.100000E+02 1.582153E-03
2.102500E+02 1.450935E-03
2.105000E+02 1.316107E-03
2.107500E+02 1.210465E-03
2.110000E+02 1.105644E-03
2.112500E+02 9.980857E-04
2.115000E+02 9.061733E-04
2.117500E+02 8.103533E-04
2.120000E+02 7.145016E-04
2.122500E+02 6.534844E-04
2.125000E+02 5.471191E-04
2.127500E+02 4.870960E-04
2.130000E+02 4.337053E-04
2.132500E+02 3.575903E-04
2.135000E+02 2.984273E-04
2.137500E+02 2.464785E-04
2.140000E+02 2.120775E-04
2.142500E+02 1.624542E-04
2.145000E+02 1.254325E-04
2.147500E+02 1.027997E-04
2.150000E+02 6.717886E-05
2.152500E+02 4.540763E-05
2.155000E+02 2.916726E-05
2.157500E+02 1.129935E-05
2.160000E+02 6.177102E-06
2.162500E+02 7.703535E-07
