2.500000E-01 0.000000E+00
5.000000E-01 0.000000E+00
7.500000E-01 0.000000E+00
1.000000E+00 0.000000E+00
1.250000E+00 0.000000E+00
1.500000E+00 0.000000E+00
1.750000E+00 0.000000E+00
2.000000E+00 0.000000E+00
2.250000E+00 0.000000E+00
2.500000E+00 0.000000E+00
2.750000E+00 0.000000E+00
3.000000E+00 0.000000E+00
3.250000E+00 0.000000E+00
3.500000E+00 1.735075E-01
3.750000E+00 1.329506E+01
4.000000E+00 8.954609E+01
4.250000E+00 1.610762E+02
4.500000E+00 1.464114E+02
4.750000E+00 9.979441E+01
5.000000E+00 6.146619E+01
5.250000E+00 3.755238E+01
5.500000E+00 2.345320E+01
5.750000E+00 1.601710E+01
6.000000E+00 1.174711E+01
6.250000E+00 9.307947E+00
6.500000E+00 7.577925E+00
6.750000E+00 6.090207E+00
7.000000E+00 4.912908E+00
7.250000E+00 4.025463E+00
7.500000E+00 3.591470E+00
7.750000E+00 3.757202E+00
8.000000E+00 4.561085E+00
8.250000E+00 5.757626E+00
8.500000E+00 6.385649E+00
8.750000E+00 6.089960E+00
9.000000E+00 5.212664E+00
9.250000E+00 4.201851E+00
9.500000E+00 3.333287E+00
9.750000E+00 2.689780E+00
1.000000E+01 2.275834E+00
1.025000E+01 1.961672E+00
1.050000E+01 1.755595E+00
1.075000E+01 1.592653E+00
1.100000E+01 1.488631E+00
1.125000E+01 1.397814E+00
1.150000E+01 1.354535E+00
1.175000E+01 1.320157E+00
1.200000E+01 1.340275E+00
1.225000E+01 1.349169E+00
1.250000E+01 1.366616E+00
1.275000E+01 1.366557E+00
1.300000E+01 1.328188E+00
1.325000E+01 1.288061E+00
1.350000E+01 1.237951E+00
1.375000E+01 1.199936E+00
1.400000E+01 1.161802E+00
1.425000E+01 1.126433E+00
1.450000E+01 1.108932E+00
1.475000E+01 1.079508E+00
1.500000E+01 1.067777E+00
1.525000E+01 1.064748E+00
1.550000E+01 1.050471E+00
1.575000E+01 1.056802E+00
1.600000E+01 1.046241E+00
1.625000E+01 1.056670E+00
1.650000E+01 1.045297E+00
1.675000E+01 1.044244E+00
1.700000E+01 1.047962E+00
1.725000E+01 1.037782E+00
1.750000E+01 1.033469E+00
1.775000E+01 1.032210E+00
1.800000E+01 1.033313E+00
1.825000E+01 1.028236E+00
1.850000E+01 1.021559E+00
1.875000E+01 1.023068E+00
1.900000E+01 1.020771E+00
1.925000E+01 1.021747E+00
1.950000E+01 1.010856E+00
1.975000E+01 1.010825E+00
2.000000E+01 1.009038E+00
2.025000E+01 1.012583E+00
2.050000E+01 1.018760E+00
2.075000E+01 1.002458E+00
2.100000E+01 1.016358E+00
2.125000E+01 1.017667E+00
2.150000E+01 1.010894E+00
2.175000E+01 1.012492E+00
2.200000E+01 1.009783E+00
2.225000E+01 1.010926E+00
2.250000E+01 1.012681E+00
2.275000E+01 1.009284E+00
2.300000E+01 1.016882E+00
2.325000E+01 1.008593E+00
2.350000E+01 1.007704E+00
2.375000E+01 1.011816E+00
2.400000E+01 1.006870E+00
2.425000E+01 1.005783E+00
2.450000E+01 1.012753E+00
2.475000E+01 1.010452E+00
2.500000E+01 1.003070E+00
2.525000E+01 1.006247E+00
2.550000E+01 1.012386E+00
2.575000E+01 1.009992E+00
2.600000E+01 1.011936E+00
2.625000E+01 1.001777E+00
2.650000E+01 1.006747E+00
2.675000E+01 1.008598E+00
2.700000E+01 1.007164E+00
2.725000E+01 1.012832E+00
2.750000E+01 1.004561E+00
2.775000E+01 1.005629E+00
2.800000E+01 1.007134E+00
2.825000E+01 1.007281E+00
2.850000E+01 1.010967E+00
2.875000E+01 1.004113E+00
2.900000E+01 1.003333E+00
2.925000E+01 1.007292E+00
2.950000E+01 1.010137E+00
2.975000E+01 1.008120E+00
3.000000E+01 1.012699E+00
3.025000E+01 1.010493E+00
3.050000E+01 1.004893E+00
3.075000E+01 1.007608E+00
3.100000E+01 1.002286E+00
3.125000E+01 1.006935E+00
3.150000E+01 1.001958E+00
3.175000E+01 1.005439E+00
3.200000E+01 1.007071E+00
3.225000E+01 1.003294E+00
3.250000E+01 1.006459E+00
3.275000E+01 1.011667E+00
3.300000E+01 1.006043E+00
3.325000E+01 1.005726E+00
3.350000E+01 1.004298E+00
3.375000E+01 1.005510E+00
3.400000E+01 1.004533E+00
3.425000E+01 1.005362E+00
3.450000E+01 1.001777E+00
3.475000E+01 1.005667E+00
3.500000E+01 1.004326E+00
3.525000E+01 1.004175E+00
3.550000E+01 1.005077E+00
3.575000E+01 1.006437E+00
3.600000E+01 1.002264E+00
3.625000E+01 1.003955E+00
3.650000E+01 1.005916E+00
3.675000E+01 1.004205E+00
3.700000E+01 1.003307E+00
3.725000E+01 1.003920E+00
3.750000E+01 1.002061E+00
3.775000E+01 1.005168E+00
3.800000E+01 1.008037E+00
3.825000E+01 1.000552E+00
3.850000E+01 9.987654E-01
3.875000E+01 1.002210E+00
3.900000E+01 1.001126E+00
3.925000E+01 1.006008E+00
3.950000E+01 1.005699E+00
3.975000E+01 1.003882E+00
4.000000E+01 1.006386E+00
4.025000E+01 1.003169E+00
4.050000E+01 1.001874E+00
4.075000E+01 1.000119E+00
4.100000E+01 1.003561E+00
4.125000E+01 1.005695E+00
4.150000E+01 1.000563E+00
4.175000E+01 1.002183E+00
4.200000E+01 1.002892E+00
4.225000E+01 1.000479E+00
4.250000E+01 1.000531E+00
4.275000E+01 1.001530E+00
4.300000E+01 1.003541E+00
4.325000E+01 1.002854E+00
4.350000E+01 1.005578E+00
4.375000E+01 1.003612E+00
4.400000E+01 1.006433E+00
4.425000E+01 1.003983E+00
4.450000E+01 1.001987E+00
4.475000E+01 1.000530E+00
4.500000E+01 1.002555E+00
4.525000E+01 1.000758E+00
4.550000E+01 1.004311E+00
4.575000E+01 1.002659E+00
4.600000E+01 1.003006E+00
4.625000E+01 1.002819E+00
4.650000E+01 1.003491E+00
4.675000E+01 1.002446E+00
4.700000E+01 1.002675E+00
4.725000E+01 1.000645E+00
4.750000E+01 9.978227E-01
4.775000E+01 1.001609E+00
4.800000E+01 1.002792E+00
4.825000E+01 1.003597E+00
4.850000E+01 1.001106E+00
4.875000E+01 1.001588E+00
4.900000E+01 9.993395E-01
4.925000E+01 9.999043E-01
4.950000E+01 1.002324E+00
4.975000E+01 1.000339E+00
5.000000E+01 9.999348E-01
5.025000E+01 1.005261E+00
5.050000E+01 1.003430E+00
5.075000E+01 1.000570E+00
5.100000E+01 1.003934E+00
5.125000E+01 1.005227E+00
5.150000E+01 1.004635E+00
5.175000E+01 9.991863E-01
5.200000E+01 1.004390E+00
5.225000E+01 1.003157E+00
5.250000E+01 9.988463E-01
5.275000E+01 1.001113E+00
5.300000E+01 1.001943E+00
5.325000E+01 1.000578E+00
5.350000E+01 1.000852E+00
5.375000E+01 9.996314E-01
5.400000E+01 1.001622E+00
5.425000E+01 1.001411E+00
5.450000E+01 9.982218E-01
5.475000E+01 1.001935E+00
5.500000E+01 1.001727E+00
5.525000E+01 1.001422E+00
5.550000E+01 1.002911E+00
5.575000E+01 1.000548E+00
5.600000E+01 9.992924E-01
5.625000E+01 1.000866E+00
5.650000E+01 1.001489E+00
5.675000E+01 1.001280E+00
5.700000E+01 9.998123E-01
5.725000E+01 1.000543E+00
5.750000E+01 9.995652E-01
5.775000E+01 1.000822E+00
5.800000E+01 1.002521E+00
5.825000E+01 9.998737E-01
5.850000E+01 1.001092E+00
5.875000E+01 9.996579E-01
5.900000E+01 1.000326E+00
5.925000E+01 1.001794E+00
5.950000E+01 1.001258E+00
5.975000E+01 9.991769E-01
6.000000E+01 9.998079E-01
6.025000E+01 1.000988E+00
6.050000E+01 1.002358E+00
6.075000E+01 1.002479E+00
6.100000E+01 9.992101E-01
6.125000E+01 1.001158E+00
6.150000E+01 1.002360E+00
6.175000E+01 9.989559E-01
6.200000E+01 9.978380E-01
6.225000E+01 1.000170E+00
6.250000E+01 9.998592E-01
6.275000E+01 9.999226E-01
6.300000E+01 1.000620E+00
6.325000E+01 1.000380E+00
6.350000E+01 1.000259E+00
6.375000E+01 1.002573E+00
6.400000E+01 1.002664E+00
6.425000E+01 1.000518E+00
6.450000E+01 9.987049E-01
6.475000E+01 1.000314E+00
6.500000E+01 9.988973E-01
6.525000E+01 1.000848E+00
6.550000E+01 1.001666E+00
6.575000E+01 1.000105E+00
6.600000E+01 1.000409E+00
6.625000E+01 9.996268E-01
6.650000E+01 1.001249E+00
6.675000E+01 9.992042E-01
6.700000E+01 1.002408E+00
6.725000E+01 1.002386E+00
6.750000E+01 9.976124E-01
6.775000E+01 9.974559E-01
6.800000E+01 1.000553E+00
6.825000E+01 9.991497E-01
6.850000E+01 1.001657E+00
6.875000E+01 1.000337E+00
6.900000E+01 1.001517E+00
6.925000E+01 1.000175E+00
6.950000E+01 1.000489E+00
6.975000E+01 1.000841E+00
7.000000E+01 9.998883E-01
7.025000E+01 9.969043E-01
7.050000E+01 1.000736E+00
7.075000E+01 9.998081E-01
7.100000E+01 9.989684E-01
7.125000E+01 9.976858E-01
7.150000E+01 9.991265E-01
7.175000E+01 1.001763E+00
7.200000E+01 1.000087E+00
7.225000E+01 1.000282E+00
7.250000E+01 1.000152E+00
7.275000E+01 1.001432E+00
7.300000E+01 1.000531E+00
7.325000E+01 9.985957E-01
7.350000E+01 9.989707E-01
7.375000E+01 9.979692E-01
7.400000E+01 1.000536E+00
7.425000E+01 9.998762E-01
7.450000E+01 9.989159E-01
7.475000E+01 9.997733E-01
7.500000E+01 9.999041E-01
7.525000E+01 1.001089E+00
7.550000E+01 9.992681E-01
7.575000E+01 9.998227E-01
7.600000E+01 1.000639E+00
7.625000E+01 9.990973E-01
7.650000E+01 9.984861E-01
7.675000E+01 9.998555E-01
7.700000E+01 9.987982E-01
7.725000E+01 1.000871E+00
7.750000E+01 1.000112E+00
7.775000E+01 1.000188E+00
7.800000E+01 9.996638E-01
7.825000E+01 1.000005E+00
7.850000E+01 9.986934E-01
7.875000E+01 9.993764E-01
7.900000E+01 9.969552E-01
7.925000E+01 9.997058E-01
7.950000E+01 9.990472E-01
7.975000E+01 1.000066E+00
8.000000E+01 9.987701E-01
8.025000E+01 9.997562E-01
8.050000E+01 1.000192E+00
8.075000E+01 9.983185E-01
8.100000E+01 9.995605E-01
8.125000E+01 9.991956E-01
8.150000E+01 9.985669E-01
8.175000E+01 9.991530E-01
8.200000E+01 9.981297E-01
8.225000E+01 9.985285E-01
8.250000E+01 1.000358E+00
8.275000E+01 9.991224E-01
8.300000E+01 9.990856E-01
8.325000E+01 9.991144E-01
8.350000E+01 9.983974E-01
8.375000E+01 1.000717E+00
8.400000E+01 1.000191E+00
8.425000E+01 1.000113E+00
8.450000E+01 9.993965E-01
8.475000E+01 9.958955E-01
8.500000E+01 1.000172E+00
8.525000E+01 9.993416E-01
8.550000E+01 9.991623E-01
8.575000E+01 1.000061E+00
8.600000E+01 9.997054E-01
8.625000E+01 1.001247E+00
8.650000E+01 9.987007E-01
8.675000E+01 1.000267E+00
8.700000E+01 9.996948E-01
8.725000E+01 9.982010E-01
8.750000E+01 9.997522E-01
8.775000E+01 9.998071E-01
8.800000E+01 9.992721E-01
8.825000E+01 9.995597E-01
8.850000E+01 9.972248E-01
8.875000E+01 9.986003E-01
8.900000E+01 1.000258E+00
8.925000E+01 1.000031E+00
8.950000E+01 9.998363E-01
8.975000E+01 9.999985E-01
9.000000E+01 9.993020E-01
9.025000E+01 9.998027E-01
9.050000E+01 9.982645E-01
9.075000E+01 1.000352E+00
9.100000E+01 1.000403E+00
9.125000E+01 9.979648E-01
9.150000E+01 9.992271E-01
9.175000E+01 9.987020E-01
9.200000E+01 9.997426E-01
9.225000E+01 9.980463E-01
9.250000E+01 9.993103E-01
9.275000E+01 9.993979E-01
9.300000E+01 9.983688E-01
9.325000E+01 9.982744E-01
9.350000E+01 1.000108E+00
9.375000E+01 9.987263E-01
9.400000E+01 9.988712E-01
9.425000E+01 9.989177E-01
9.450000E+01 9.985634E-01
9.475000E+01 9.990471E-01
9.500000E+01 9.984478E-01
9.525000E+01 9.977957E-01
9.550000E+01 9.981496E-01
9.575000E+01 9.997475E-01
9.600000E+01 9.981075E-01
9.625000E+01 1.000269E+00
9.650000E+01 9.982332E-01
9.675000E+01 9.995959E-01
9.700000E+01 9.975574E-01
9.725000E+01 1.000100E+00
9.750000E+01 9.980602E-01
9.775000E+01 9.993453E-01
9.800000E+01 9.983012E-01
9.825000E+01 1.000800E+00
9.850000E+01 9.995909E-01
9.875000E+01 9.987409E-01
9.900000E+01 1.000754E+00
9.925000E+01 9.985798E-01
9.950000E+01 9.970374E-01
9.975000E+01 9.989178E-01
1.000000E+02 9.980327E-01
1.002500E+02 1.000117E+00
1.005000E+02 9.995702E-01
1.007500E+02 1.000235E+00
1.010000E+02 9.991638E-01
1.012500E+02 9.990550E-01
1.015000E+02 9.990043E-01
1.017500E+02 9.994139E-01
1.020000E+02 9.983955E-01
1.022500E+02 9.996237E-01
1.025000E+02 9.986048E-01
1.027500E+02 9.974870E-01
1.030000E+02 9.979466E-01
1.032500E+02 9.984219E-01
1.035000E+02 9.995179E-01
1.037500E+02 9.995301E-01
1.040000E+02 9.981430E-01
1.042500E+02 9.989131E-01
1.045000E+02 1.000048E+00
1.047500E+02 9.993332E-01
1.050000E+02 9.965525E-01
1.052500E+02 9.988386E-01
1.055000E+02 9.968097E-01
1.057500E+02 9.992453E-01
1.060000E+02 9.988421E-01
1.062500E+02 9.999908E-01
1.065000E+02 9.985526E-01
1.067500E+02 9.998142E-01
1.070000E+02 9.981469E-01
1.072500E+02 9.991251E-01
1.075000E+02 9.976357E-01
1.077500E+02 9.982431E-01
1.080000E+02 9.979633E-01
1.082500E+02 1.000144E+00
1.085000E+02 9.980198E-01
1.087500E+02 9.991308E-01
1.090000E+02 9.983946E-01
1.092500E+02 9.968748E-01
1.095000E+02 9.990702E-01
1.097500E+02 9.998601E-01
1.100000E+02 9.976361E-01
1.102500E+02 9.973129E-01
1.105000E+02 9.982346E-01
1.107500E+02 9.995120E-01
1.110000E+02 9.988175E-01
1.112500E+02 9.984027E-01
1.115000E+02 9.987286E-01
1.117500E+02 9.992694E-01
1.120000E+02 9.984469E-01
1.122500E+02 9.987551E-01
1.125000E+02 9.980203E-01
1.127500E+02 9.978229E-01
1.130000E+02 9.977630E-01
1.132500E+02 9.981765E-01
1.135000E+02 9.994436E-01
1.137500E+02 9.992244E-01
1.140000E+02 9.998811E-01
1.142500E+02 9.977665E-01
1.145000E+02 9.991424E-01
1.147500E+02 9.986850E-01
1.150000E+02 9.997079E-01
1.152500E+02 9.988016E-01
1.155000E+02 9.992984E-01
1.157500E+02 9.983405E-01
1.160000E+02 9.965494E-01
1.162500E+02 9.986682E-01
1.165000E+02 1.000070E+00
1.167500E+02 9.996594E-01
1.170000E+02 9.984020E-01
1.172500E+02 9.986530E-01
1.175000E+02 9.992352E-01
1.177500E+02 9.984326E-01
1.180000E+02 9.989618E-01
1.182500E+02 9.979508E-01
1.185000E+02 9.980925E-01
1.187500E+02 9.979436E-01
1.190000E+02 9.979621E-01
1.192500E+02 9.988280E-01
1.195000E+02 9.978635E-01
1.197500E+02 9.970828E-01
1.200000E+02 1.000104E+00
1.202500E+02 9.970905E-01
1.205000E+02 9.977578E-01
1.207500E+02 9.975946E-01
1.210000E+02 9.989331E-01
1.212500E+02 9.976179E-01
1.215000E+02 9.984559E-01
1.217500E+02 9.987848E-01
1.220000E+02 9.983030E-01
1.222500E+02 9.987490E-01
1.225000E+02 9.985859E-01
1.227500E+02 9.976364E-01
1.230000E+02 9.987032E-01
1.232500E+02 9.983444E-01
1.235000E+02 9.995610E-01
1.237500E+02 9.989407E-01
1.240000E+02 9.988539E-01
1.242500E+02 9.984194E-01
1.245000E+02 9.984335E-01
1.247500E+02 9.974446E-01
1.250000E+02 9.945236E-01
1.252500E+02 9.882022E-01
1.255000E+02 9.831529E-01
1.257500E+02 9.763534E-01
1.260000E+02 9.707896E-01
1.262500E+02 9.662711E-01
1.265000E+02 9.599500E-01
1.267500E+02 9.552301E-01
1.270000E+02 9.483939E-01
1.272500E+02 9.415532E-01
1.275000E+02 9.364347E-01
1.277500E+02 9.310889E-01
1.280000E+02 9.251951E-01
1.282500E+02 9.193352E-01
1.285000E+02 9.136902E-01
1.287500E+02 9.070924E-01
1.290000E+02 9.021546E-01
1.292500E+02 8.968855E-01
1.295000E+02 8.908366E-01
1.297500E+02 8.858975E-01
1.300000E+02 8.797855E-01
1.302500E+02 8.744871E-01
1.305000E+02 8.691344E-01
1.307500E+02 8.629148E-01
1.310000E+02 8.573509E-01
1.312500E+02 8.530197E-01
1.315000E+02 8.478073E-01
1.317500E+02 8.411191E-01
1.320000E+02 8.365822E-01
1.322500E+02 8.313408E-01
1.325000E+02 8.256068E-01
1.327500E+02 8.212073E-01
1.330000E+02 8.152391E-01
1.332500E+02 8.109177E-01
1.335000E+02 8.039891E-01
1.337500E+02 7.991457E-01
1.340000E+02 7.945082E-01
1.342500E+02 7.899529E-01
1.345000E+02 7.843417E-01
1.347500E+02 7.790501E-01
1.350000E+02 7.729972E-01
1.352500E+02 7.681736E-01
1.355000E+02 7.645144E-01
1.357500E+02 7.585291E-01
1.360000E+02 7.532440E-01
1.362500E+02 7.474737E-01
1.365000E+02 7.428620E-01
1.367500E+02 7.387498E-01
1.370000E+02 7.331225E-01
1.372500E+02 7.281658E-01
1.375000E+02 7.238687E-01
1.377500E+02 7.177127E-01
1.380000E+02 7.127039E-01
1.382500E+02 7.082698E-01
1.385000E+02 7.028824E-01
1.387500E+02 6.983064E-01
1.390000E+02 6.938465E-01
1.392500E+02 6.883030E-01
1.395000E+02 6.844398E-01
1.397500E+02 6.789249E-01
1.400000E+02 6.753720E-01
1.402500E+02 6.689768E-01
1.405000E+02 6.647900E-01
1.407500E+02 6.603913E-01
1.410000E+02 6.558920E-01
1.412500E+02 6.508173E-01
1.415000E+02 6.455303E-01
1.417500E+02 6.419437E-01
1.420000E+02 6.375121E-01
1.422500E+02 6.321295E-01
1.425000E+02 6.280752E-01
1.427500E+02 6.235358E-01
1.430000E+02 6.181100E-01
1.432500E+02 6.137530E-01
1.435000E+02 6.094891E-01
1.437500E+02 6.055742E-01
1.440000E+02 6.005311E-01
1.442500E+02 5.958599E-01
1.445000E+02 5.920052E-01
1.447500E+02 5.865581E-01
1.450000E+02 5.818704E-01
1.452500E+02 5.778949E-01
1.455000E+02 5.732302E-01
1.457500E+02 5.686301E-01
1.460000E+02 5.642183E-01
1.462500E+02 5.607027E-01
1.465000E+02 5.551053E-01
1.467500E+02 5.507399E-01
1.470000E+02 5.475375E-01
1.472500E+02 5.433887E-01
1.475000E+02 5.390612E-01
1.477500E+02 5.339357E-01
1.480000E+02 5.306223E-01
1.482500E+02 5.266056E-01
1.485000E+02 5.211852E-01
1.487500E+02 5.175810E-01
1.490000E+02 5.131770E-01
1.492500E+02 5.090854E-01
1.495000E+02 5.053872E-01
1.497500E+02 5.008397E-01
1.500000E+02 4.973281E-01
1.502500E+02 4.925631E-01
1.505000E+02 4.883186E-01
1.507500E+02 4.840803E-01
1.510000E+02 4.797839E-01
1.512500E+02 4.754238E-01
1.515000E+02 4.723857E-01
1.517500E+02 4.686332E-01
1.520000E+02 4.638996E-01
1.522500E+02 4.596374E-01
1.525000E+02 4.559140E-01
1.527500E+02 4.516295E-01
1.530000E+02 4.479625E-01
1.532500E+02 4.439205E-01
1.535000E+02 4.401952E-01
1.537500E+02 4.363850E-01
1.540000E+02 4.316749E-01
1.542500E+02 4.288456E-01
1.545000E+02 4.242516E-01
1.547500E+02 4.199163E-01
1.550000E+02 4.158575E-01
1.552500E+02 4.130031E-01
1.555000E+02 4.085463E-01
1.557500E+02 4.053548E-01
1.560000E+02 4.008609E-01
1.562500E+02 3.972873E-01
1.565000E+02 3.933062E-01
1.567500E+02 3.891036E-01
1.570000E+02 3.855836E-01
1.572500E+02 3.816771E-01
1.575000E+02 3.781736E-01
1.577500E+02 3.745895E-01
1.580000E+02 3.709172E-01
1.582500E+02 3.670058E-01
1.585000E+02 3.629432E-01
1.587500E+02 3.595687E-01
1.590000E+02 3.558229E-01
1.592500E+02 3.515215E-01
1.595000E+02 3.483371E-01
1.597500E+02 3.447458E-01
1.600000E+02 3.411827E-01
1.602500E+02 3.375198E-01
1.605000E+02 3.340582E-01
1.607500E+02 3.302278E-01
1.610000E+02 3.264988E-01
1.612500E+02 3.230374E-01
1.615000E+02 3.192207E-01
1.617500E+02 3.155967E-01
1.620000E+02 3.121421E-01
1.622500E+02 3.082393E-01
1.625000E+02 3.051355E-01
1.627500E+02 3.019049E-01
1.630000E+02 2.980717E-01
1.632500E+02 2.950613E-01
1.635000E+02 2.913757E-01
1.637500E+02 2.876976E-01
1.640000E+02 2.839966E-01
1.642500E+02 2.808528E-01
1.645000E+02 2.777313E-01
1.647500E+02 2.738029E-01
1.650000E+02 2.705880E-01
1.652500E+02 2.668513E-01
1.655000E+02 2.637124E-01
1.657500E+02 2.600443E-01
1.660000E+02 2.565141E-01
1.662500E+02 2.531148E-01
1.665000E+02 2.497648E-01
1.667500E+02 2.467517E-01
1.670000E+02 2.433384E-01
1.672500E+02 2.396378E-01
1.675000E+02 2.363336E-01
1.677500E+02 2.334680E-01
1.680000E+02 2.299477E-01
1.682500E+02 2.268283E-01
1.685000E+02 2.234509E-01
1.687500E+02 2.204699E-01
1.690000E+02 2.170182E-01
1.692500E+02 2.133231E-01
1.695000E+02 2.101060E-01
1.697500E+02 2.070647E-01
1.700000E+02 2.039194E-01
1.702500E+02 2.008804E-01
1.705000E+02 1.971402E-01
1.707500E+02 1.942451E-01
1.710000E+02 1.907301E-01
1.712500E+02 1.876777E-01
1.715000E+02 1.845336E-01
1.717500E+02 1.817589E-01
1.720000E+02 1.785159E-01
1.722500E+02 1.752645E-01
1.725000E+02 1.720135E-01
1.727500E+02 1.691333E-01
1.730000E+02 1.656453E-01
1.732500E+02 1.627904E-01
1.735000E+02 1.597678E-01
1.737500E+02 1.565193E-01
1.740000E+02 1.533877E-01
1.742500E+02 1.502650E-01
1.745000E+02 1.469137E-01
1.747500E+02 1.443780E-01
1.750000E+02 1.412276E-01
1.752500E+02 1.382932E-01
1.755000E+02 1.348549E-01
1.757500E+02 1.321732E-01
1.760000E+02 1.288626E-01
1.762500E+02 1.259986E-01
1.765000E+02 1.228177E-01
1.767500E+02 1.203075E-01
1.770000E+02 1.170658E-01
1.772500E+02 1.146202E-01
1.775000E+02 1.118724E-01
1.777500E+02 1.097735E-01
1.780000E+02 1.074522E-01
1.782500E+02 1.052484E-01
1.785000E+02 1.032246E-01
1.787500E+02 1.011747E-01
1.790000E+02 9.901512E-02
1.792500E+02 9.660548E-02
1.795000E+02 9.456597E-02
1.797500E+02 9.261214E-02
1.800000E+02 9.086959E-02
1.802500E+02 8.894231E-02
1.805000E+02 8.705521E-02
1.807500E+02 8.505668E-02
1.810000E+02 8.360679E-02
1.812500E+02 8.181037E-02
1.815000E+02 8.001609E-02
1.817500E+02 7.842200E-02
1.820000E+02 7.676044E-02
1.822500E+02 7.534458E-02
1.825000E+02 7.354009E-02
1.827500E+02 7.238548E-02
1.830000E+02 7.074702E-02
1.832500E+02 6.892519E-02
1.835000E+02 6.745817E-02
1.837500E+02 6.623124E-02
1.840000E+02 6.475685E-02
1.842500E+02 6.342753E-02
1.845000E+02 6.208506E-02
1.847500E+02 6.076208E-02
1.850000E+02 5.947170E-02
1.852500E+02 5.802955E-02
1.855000E+02 5.690504E-02
1.857500E+02 5.582376E-02
1.860000E+02 5.446776E-02
1.862500E+02 5.338615E-02
1.865000E+02 5.190869E-02
1.867500E+02 5.099654E-02
1.870000E+02 5.000191E-02
1.872500E+02 4.871487E-02
1.875000E+02 4.780423E-02
1.877500E+02 4.665175E-02
1.880000E+02 4.538170E-02
1.882500E+02 4.441933E-02
1.885000E+02 4.342885E-02
1.887500E+02 4.244144E-02
1.890000E+02 4.163094E-02
1.892500E+02 4.046469E-02
1.895000E+02 3.955203E-02
1.897500E+02 3.845933E-02
1.900000E+02 3.783049E-02
1.902500E+02 3.684472E-02
1.905000E+02 3.604566E-02
1.907500E+02 3.506530E-02
1.910000E+02 3.428509E-02
1.912500E+02 3.344067E-02
1.915000E+02 3.253787E-02
1.917500E+02 3.184640E-02
1.920000E+02 3.094831E-02
1.922500E+02 3.027740E-02
1.925000E+02 2.947552E-02
1.927500E+02 2.871434E-02
1.930000E+02 2.791600E-02
1.932500E+02 2.736787E-02
1.935000E+02 2.663909E-02
1.937500E+02 2.586887E-02
1.940000E+02 2.523788E-02
1.942500E+02 2.433509E-02
1.945000E+02 2.392404E-02
1.947500E+02 2.318828E-02
1.950000E+02 2.246606E-02
1.952500E+02 2.188599E-02
1.955000E+02 2.119929E-02
1.957500E+02 2.072512E-02
1.960000E+02 2.010288E-02
1.962500E+02 1.947289E-02
1.965000E+02 1.902199E-02
1.967500E+02 1.842778E-02
1.970000E+02 1.793176E-02
1.972500E+02 1.737375E-02
1.975000E+02 1.674001E-02
1.977500E+02 1.630195E-02
1.980000E+02 1.581440E-02
1.982500E+02 1.523632E-02
1.985000E+02 1.488912E-02
1.987500E+02 1.429829E-02
1.990000E+02 1.389724E-02
1.992500E+02 1.337583E-02
1.995000E+02 1.299729E-02
1.997500E+02 1.252742E-02
2.000000E+02 1.214182E-02
2.002500E+02 1.165874E-02
2.005000E+02 1.120008E-02
2.007500E+02 1.086273E-02
2.010000E+02 1.051721E-02
2.012500E+02 1.011076E-02
2.015000E+02 9.795379E-03
2.017500E+02 9.383106E-03
2.020000E+02 9.032348E-03
2.022500E+02 8.680300E-03
2.025000E+02 8.431168E-03
2.027500E+02 8.011822E-03
2.030000E+02 7.609376E-03
2.032500E+02 7.439281E-03
2.035000E+02 7.135162E-03
2.037500E+02 6.791206E-03
2.040000E+02 6.458782E-03
2.042500E+02 6.220535E-03
2.045000E+02 5.929508E-03
2.047500E+02 5.660335E-03
2.050000E+02 5.394171E-03
2.052500E+02 5.132364E-03
2.055000E+02 4.903549E-03
2.057500E+02 4.626643E-03
2.060000E+02 4.458030E-03
2.062500E+02 4.170812E-03
2.065000E+02 3.973677E-03
2.067500E+02 3.768044E-03
2.070000E+02 3.556329E-03
2.072500E+02 3.378502E-03
2.075000E+02 3.161026E-03
2.077500E+02 2.978807E-03
2.080000E+02 2.816940E-03
2.082500E+02 2.616301E-03
2.085000E+02 2.487882E-03
2.087500E+02 2.279384E-03
2.090000E+02 2.144123E-03
2.092500E+02 2.001767E-03
2.095000E+02 1.839892E-03
2.097500E+02 1.717760E-03
2.100000E+02 1.580683E-03
2.102500E+02 1.446208E-03
2.105000E+02 1.343912E-03
2.107500E+02 1.201706E-03
2.110000E+02 1.105320E-03
2.112500E+02 9.980857E-04
2.115000E+02 9.087504E-04
2.117500E+02 8.084250E-04
2.120000E+02 7.173872E-04
2.122500E+02 6.389306E-04
2.125000E+02 5.638726E-04
2.127500E+02 4.856634E-04
2.130000E+02 4.324349E-04
2.132500E+02 3.640862E-04
2.135000E+02 2.936853E-04
2.137500E+02 2.521555E-04
2.140000E+02 2.100323E-04
2.142500E+02 1.649656E-04
2.145000E+02 1.324793E-04
2.147500E+02 1.068617E-04
2.150000E+02 6.967274E-05
2.152500E+02 4.291954E-05
2.155000E+02 2.963269E-05
2.157500E+02 1.408549E-05
2.160000E+02 5.404964E-06
2.162500E+02 4.622121E-07
