2.500000E-01 0.000000E+00
5.000000E-01 0.000000E+00
7.500000E-01 0.000000E+00
1.000000E+00 0.000000E+00
1.250000E+00 0.000000E+00
1.500000E+00 0.000000E+00
1.750000E+00 0.000000E+00
2.000000E+00 0.000000E+00
2.250000E+00 0.000000E+00
2.500000E+00 0.000000E+00
2.750000E+00 0.000000E+00
3.000000E+00 0.000000E+00
3.250000E+00 1.712575E-04
3.500000E+00 1.410210E-01
3.750000E+00 1.021825E+01
4.000000E+00 6.882792E+01
4.250000E+00 1.240850E+02
4.500000E+00 1.133589E+02
4.750000E+00 7.724319E+01
5.000000E+00 4.812129E+01
5.250000E+00 2.974556E+01
5.500000E+00 1.929677E+01
5.750000E+00 1.353306E+01
6.000000E+00 1.055859E+01
6.250000E+00 8.903045E+00
6.500000E+00 7.596471E+00
6.750000E+00 6.277272E+00
7.000000E+00 5.167976E+00
7.250000E+00 4.371629E+00
7.500000E+00 4.058996E+00
7.750000E+00 4.327404E+00
8.000000E+00 5.429663E+00
8.250000E+00 6.862727E+00
8.500000E+00 7.658678E+00
8.750000E+00 7.341478E+00
9.000000E+00 6.301341E+00
9.250000E+00 5.112362E+00
9.500000E+00 4.078110E+00
9.750000E+00 3.314690E+00
1.000000E+01 2.797241E+00
1.025000E+01 2.432549E+00
1.050000E+01 2.156021E+00
1.075000E+01 1.961768E+00
1.100000E+01 1.792942E+00
1.125000E+01 1.690644E+00
1.150000E+01 1.616104E+00
1.175000E+01 1.594420E+00
1.200000E+01 1.611611E+00
1.225000E+01 1.656812E+00
1.250000E+01 1.706868E+00
1.275000E+01 1.709801E+00
1.300000E+01 1.658447E+00
1.325000E+01 1.587882E+00
1.350000E+01 1.493557E+00
1.375000E+01 1.412453E+00
1.400000E+01 1.336155E+00
1.425000E+01 1.272384E+00
1.450000E+01 1.222822E+00
1.475000E+01 1.192148E+00
1.500000E+01 1.163047E+00
1.525000E+01 1.147123E+00
1.550000E+01 1.128397E+00
1.575000E+01 1.116763E+00
1.600000E+01 1.116972E+00
1.625000E+01 1.110687E+00
1.650000E+01 1.109284E+00
1.675000E+01 1.109113E+00
1.700000E+01 1.106507E+00
1.725000E+01 1.097865E+00
1.750000E+01 1.084346E+00
1.775000E+01 1.075151E+00
1.800000E+01 1.061885E+00
1.825000E+01 1.054781E+00
1.850000E+01 1.046809E+00
1.875000E+01 1.044941E+00
1.900000E+01 1.037576E+00
1.925000E+01 1.036063E+00
1.950000E+01 1.029258E+00
1.975000E+01 1.032081E+00
2.000000E+01 1.028066E+00
2.025000E+01 1.021873E+00
2.050000E+01 1.023896E+00
2.075000E+01 1.024349E+00
2.100000E+01 1.026291E+00
2.125000E+01 1.018280E+00
2.150000E+01 1.017144E+00
2.175000E+01 1.021623E+00
2.200000E+01 1.018262E+00
2.225000E+01 1.019514E+00
2.250000E+01 1.016186E+00
2.275000E+01 1.012758E+00
2.300000E+01 1.016086E+00
2.325000E+01 1.010666E+00
2.350000E+01 1.009480E+00
2.375000E+01 1.010901E+00
2.400000E+01 1.008981E+00
2.425000E+01 1.010912E+00
2.450000E+01 1.010083E+00
2.475000E+01 1.007939E+00
2.500000E+01 1.007582E+00
2.525000E+01 1.005799E+00
2.550000E+01 1.005995E+00
2.575000E+01 1.006307E+00
2.600000E+01 1.006719E+00
2.625000E+01 1.005843E+00
2.650000E+01 1.006572E+00
2.675000E+01 1.005930E+00
2.700000E+01 1.010907E+00
2.725000E+01 1.005317E+00
2.750000E+01 1.003098E+00
2.775000E+01 1.005864E+00
2.800000E+01 1.003678E+00
2.825000E+01 1.006703E+00
2.850000E+01 1.006316E+00
2.875000E+01 1.004171E+00
2.900000E+01 1.003503E+00
2.925000E+01 1.006185E+00
2.950000E+01 1.003851E+00
2.975000E+01 1.006113E+00
3.000000E+01 1.004233E+00
3.025000E+01 1.005554E+00
3.050000E+01 1.005255E+00
3.075000E+01 1.004787E+00
3.100000E+01 1.004301E+00
3.125000E+01 1.005401E+00
3.150000E+01 1.003886E+00
3.175000E+01 1.004958E+00
3.200000E+01 1.006389E+00
3.225000E+01 1.004202E+00
3.250000E+01 1.003955E+00
3.275000E+01 1.002805E+00
3.300000E+01 1.004864E+00
3.325000E+01 1.004385E+00
3.350000E+01 1.004030E+00
3.375000E+01 1.003792E+00
3.400000E+01 1.003152E+00
3.425000E+01 1.002654E+00
3.450000E+01 1.004359E+00
3.475000E+01 1.003698E+00
3.500000E+01 1.004022E+00
3.525000E+01 1.006060E+00
3.550000E+01 1.003069E+00
3.575000E+01 1.004014E+00
3.600000E+01 1.002654E+00
3.625000E+01 1.003581E+00
3.650000E+01 1.004631E+00
3.675000E+01 1.005504E+00
3.700000E+01 1.002959E+00
3.725000E+01 1.002533E+00
3.750000E+01 1.002942E+00
3.775000E+01 1.003048E+00
3.800000E+01 1.004231E+00
3.825000E+01 1.003002E+00
3.850000E+01 1.003617E+00
3.875000E+01 1.003304E+00
3.900000E+01 1.001154E+00
3.925000E+01 1.003374E+00
3.950000E+01 1.002699E+00
3.975000E+01 1.001669E+00
4.000000E+01 1.002647E+00
4.025000E+01 1.003609E+00
4.050000E+01 1.001747E+00
4.075000E+01 1.000213E+00
4.100000E+01 1.004145E+00
4.125000E+01 1.002706E+00
4.150000E+01 1.002799E+00
4.175000E+01 1.001311E+00
4.200000E+01 1.003053E+00
4.225000E+01 1.002946E+00
4.250000E+01 1.001894E+00
4.275000E+01 1.001883E+00
4.300000E+01 1.001772E+00
4.325000E+01 1.001730E+00
4.350000E+01 1.001849E+00
4.375000E+01 1.002884E+00
4.400000E+01 1.003293E+00
4.425000E+01 1.001159E+00
4.450000E+01 1.002169E+00
4.475000E+01 1.001193E+00
4.500000E+01 1.000438E+00
4.525000E+01 1.001792E+00
4.550000E+01 1.003166E+00
4.575000E+01 1.000949E+00
4.600000E+01 1.000942E+00
4.625000E+01 1.000432E+00
4.650000E+01 1.001262E+00
4.675000E+01 1.003098E+00
4.700000E+01 1.002956E+00
4.725000E+01 1.001939E+00
4.750000E+01 1.002967E+00
4.775000E+01 1.001958E+00
4.800000E+01 1.002202E+00
4.825000E+01 1.002504E+00
4.850000E+01 1.001462E+00
4.875000E+01 1.001237E+00
4.900000E+01 1.002425E+00
4.925000E+01 1.000865E+00
4.950000E+01 1.000660E+00
4.975000E+01 1.001246E+00
5.000000E+01 1.001997E+00
5.025000E+01 1.001187E+00
5.050000E+01 1.003037E+00
5.075000E+01 1.000589E+00
5.100000E+01 1.001613E+00
5.125000E+01 1.000533E+00
5.150000E+01 1.001469E+00
5.175000E+01 1.001468E+00
5.200000E+01 1.001588E+00
5.225000E+01 9.992509E-01
5.250000E+01 1.000393E+00
5.275000E+01 1.002943E+00
5.300000E+01 1.000902E+00
5.325000E+01 1.001763E+00
5.350000E+01 1.000181E+00
5.375000E+01 1.001926E+00
5.400000E+01 1.002691E+00
5.425000E+01 1.002934E+00
5.450000E+01 1.000299E+00
5.475000E+01 1.001185E+00
5.500000E+01 1.001044E+00
5.525000E+01 9.998158E-01
5.550000E+01 1.001324E+00
5.575000E+01 1.000393E+00
5.600000E+01 1.001332E+00
5.625000E+01 1.000686E+00
5.650000E+01 1.001870E+00
5.675000E+01 1.000674E+00
5.700000E+01 1.001038E+00
5.725000E+01 1.002281E+00
5.750000E+01 1.001701E+00
5.775000E+01 1.001450E+00
5.800000E+01 1.001806E+00
5.825000E+01 1.000654E+00
5.850000E+01 1.000257E+00
5.875000E+01 1.000596E+00
5.900000E+01 1.001666E+00
5.925000E+01 1.000990E+00
5.950000E+01 1.000848E+00
5.975000E+01 1.000726E+00
6.000000E+01 1.000808E+00
6.025000E+01 1.003482E+00
6.050000E+01 1.000143E+00
6.075000E+01 9.992457E-01
6.100000E+01 1.001044E+00
6.125000E+01 1.000989E+00
6.150000E+01 1.001216E+00
6.175000E+01 9.996317E-01
6.200000E+01 9.991797E-01
6.225000E+01 1.000797E+00
6.250000E+01 1.000826E+00
6.275000E+01 1.001152E+00
6.300000E+01 1.000479E+00
6.325000E+01 9.987619E-01
6.350000E+01 1.000369E+00
6.375000E+01 1.000462E+00
6.400000E+01 9.998226E-01
6.425000E+01 1.000513E+00
6.450000E+01 1.000752E+00
6.475000E+01 9.989906E-01
6.500000E+01 1.000522E+00
6.525000E+01 1.000485E+00
6.550000E+01 1.000730E+00
6.575000E+01 1.000466E+00
6.600000E+01 1.000573E+00
6.625000E+01 9.995044E-01
6.650000E+01 9.995172E-01
6.675000E+01 1.000618E+00
6.700000E+01 1.000648E+00
6.725000E+01 1.000290E+00
6.750000E+01 9.996176E-01
6.775000E+01 1.000664E+00
6.800000E+01 1.000148E+00
6.825000E+01 9.995382E-01
6.850000E+01 1.000272E+00
6.875000E+01 1.001016E+00
6.900000E+01 9.987690E-01
6.925000E+01 1.000564E+00
6.950000E+01 1.000063E+00
6.975000E+01 1.000149E+00
7.000000E+01 1.001685E+00
7.025000E+01 1.000280E+00
7.050000E+01 1.000603E+00
7.075000E+01 1.000097E+00
7.100000E+01 9.988537E-01
7.125000E+01 9.995631E-01
7.150000E+01 9.989141E-01
7.175000E+01 9.996529E-01
7.200000E+01 9.998309E-01
7.225000E+01 1.001249E+00
7.250000E+01 9.987126E-01
7.275000E+01 9.999880E-01
7.300000E+01 1.000593E+00
7.325000E+01 1.000176E+00
7.350000E+01 9.995960E-01
7.375000E+01 1.000304E+00
7.400000E+01 1.000206E+00
7.425000E+01 1.000419E+00
7.450000E+01 9.987319E-01
7.475000E+01 1.000522E+00
7.500000E+01 9.994256E-01
7.525000E+01 1.000139E+00
7.550000E+01 1.000403E+00
7.575000E+01 9.996036E-01
7.600000E+01 1.000298E+00
7.625000E+01 9.994491E-01
7.650000E+01 1.000085E+00
7.675000E+01 9.990282E-01
7.700000E+01 9.996911E-01
7.725000E+01 9.995570E-01
7.750000E+01 9.994685E-01
7.775000E+01 1.000337E+00
7.800000E+01 9.997929E-01
7.825000E+01 1.000018E+00
7.850000E+01 9.998178E-01
7.875000E+01 1.000853E+00
7.900000E+01 9.995620E-01
7.925000E+01 9.992551E-01
7.950000E+01 9.995303E-01
7.975000E+01 9.999078E-01
8.000000E+01 9.996570E-01
8.025000E+01 9.993793E-01
8.050000E+01 1.000235E+00
8.075000E+01 1.001018E+00
8.100000E+01 9.989803E-01
8.125000E+01 9.997651E-01
8.150000E+01 9.997524E-01
8.175000E+01 9.991184E-01
8.200000E+01 9.998089E-01
8.225000E+01 1.000031E+00
8.250000E+01 9.995866E-01
8.275000E+01 9.992350E-01
8.300000E+01 1.000183E+00
8.325000E+01 9.995333E-01
8.350000E+01 9.995863E-01
8.375000E+01 9.992969E-01
8.400000E+01 9.997402E-01
8.425000E+01 9.990165E-01
8.450000E+01 9.987948E-01
8.475000E+01 9.995516E-01
8.500000E+01 9.994167E-01
8.525000E+01 9.999835E-01
8.550000E+01 9.994228E-01
8.575000E+01 9.988252E-01
8.600000E+01 9.993203E-01
8.625000E+01 9.986801E-01
8.650000E+01 9.995272E-01
8.675000E+01 9.983297E-01
8.700000E+01 9.986170E-01
8.725000E+01 9.990141E-01
8.750000E+01 9.988845E-01
8.775000E+01 9.990510E-01
8.800000E+01 9.990174E-01
8.825000E+01 9.991118E-01
8.850000E+01 9.990575E-01
8.875000E+01 9.982618E-01
8.900000E+01 1.000084E+00
8.925000E+01 9.980878E-01
8.950000E+01 9.984586E-01
8.975000E+01 9.994092E-01
9.000000E+01 9.994702E-01
9.025000E+01 1.000223E+00
9.050000E+01 9.994423E-01
9.075000E+01 9.980199E-01
9.100000E+01 9.989699E-01
9.125000E+01 9.987158E-01
9.150000E+01 9.988732E-01
9.175000E+01 9.989968E-01
9.200000E+01 9.997699E-01
9.225000E+01 9.984473E-01
9.250000E+01 9.990002E-01
9.275000E+01 9.985063E-01
9.300000E+01 9.986129E-01
9.325000E+01 9.991571E-01
9.350000E+01 9.988411E-01
9.375000E+01 9.989797E-01
9.400000E+01 9.986203E-01
9.425000E+01 9.987825E-01
9.450000E+01 9.989293E-01
9.475000E+01 9.986337E-01
9.500000E+01 9.983423E-01
9.525000E+01 9.991646E-01
9.550000E+01 9.992863E-01
9.575000E+01 9.985006E-01
9.600000E+01 9.982678E-01
9.625000E+01 9.994820E-01
9.650000E+01 9.988634E-01
9.675000E+01 9.985027E-01
9.700000E+01 9.984735E-01
9.725000E+01 9.989213E-01
9.750000E+01 9.980705E-01
9.775000E+01 9.995075E-01
9.800000E+01 9.990307E-01
9.825000E+01 9.997678E-01
9.850000E+01 9.991208E-01
9.875000E+01 9.989822E-01
9.900000E+01 9.986557E-01
9.925000E+01 9.997554E-01
9.950000E+01 9.989266E-01
9.975000E+01 9.983699E-01
1.000000E+02 9.994814E-01
1.002500E+02 9.984796E-01
1.005000E+02 9.991928E-01
1.007500E+02 9.989871E-01
1.010000E+02 9.992092E-01
1.012500E+02 9.995724E-01
1.015000E+02 9.989072E-01
1.017500E+02 9.991693E-01
1.020000E+02 9.988101E-01
1.022500E+02 9.991529E-01
1.025000E+02 9.992461E-01
1.027500E+02 9.993543E-01
1.030000E+02 9.990837E-01
1.032500E+02 9.977534E-01
1.035000E+02 9.990443E-01
1.037500E+02 9.987531E-01
1.040000E+02 9.985820E-01
1.042500E+02 9.990556E-01
1.045000E+02 9.990159E-01
1.047500E+02 9.987613E-01
1.050000E+02 9.991120E-01
1.052500E+02 9.994586E-01
1.055000E+02 9.986201E-01
1.057500E+02 9.993054E-01
1.060000E+02 9.982986E-01
1.062500E+02 9.990870E-01
1.065000E+02 9.986906E-01
1.067500E+02 9.984459E-01
1.070000E+02 9.987934E-01
1.072500E+02 9.980934E-01
1.075000E+02 9.982396E-01
1.077500E+02 9.982969E-01
1.080000E+02 9.985691E-01
1.082500E+02 9.982137E-01
1.085000E+02 9.985902E-01
1.087500E+02 9.988159E-01
1.090000E+02 9.983079E-01
1.092500E+02 9.989176E-01
1.095000E+02 9.992832E-01
1.097500E+02 9.988407E-01
1.100000E+02 9.987497E-01
1.102500E+02 9.992016E-01
1.105000E+02 9.982423E-01
1.107500E+02 9.981210E-01
1.110000E+02 9.985598E-01
1.112500E+02 9.984000E-01
1.115000E+02 9.984615E-01
1.117500E+02 9.986977E-01
1.120000E+02 9.979459E-01
1.122500E+02 9.979645E-01
1.125000E+02 9.979212E-01
1.127500E+02 9.987528E-01
1.130000E+02 9.986333E-01
1.132500E+02 9.988940E-01
1.135000E+02 9.984584E-01
1.137500E+02 9.986978E-01
1.140000E+02 9.982281E-01
1.142500E+02 9.989793E-01
1.145000E+02 9.988482E-01
1.147500E+02 9.988274E-01
1.150000E+02 9.987960E-01
1.152500E+02 9.986230E-01
1.155000E+02 9.991442E-01
1.157500E+02 9.981756E-01
1.160000E+02 9.981119E-01
1.162500E+02 9.981983E-01
1.165000E+02 9.988678E-01
1.167500E+02 9.984156E-01
1.170000E+02 9.985813E-01
1.172500E+02 9.985518E-01
1.175000E+02 9.985138E-01
1.177500E+02 9.987575E-01
1.180000E+02 9.987674E-01
1.182500E+02 9.981987E-01
1.185000E+02 9.983598E-01
1.187500E+02 9.982952E-01
1.190000E+02 9.984173E-01
1.192500E+02 9.987410E-01
1.195000E+02 9.989252E-01
1.197500E+02 9.988120E-01
1.200000E+02 9.987805E-01
1.202500E+02 9.988758E-01
1.205000E+02 9.983955E-01
1.207500E+02 9.979227E-01
1.210000E+02 9.983147E-01
1.212500E+02 9.987858E-01
1.215000E+02 9.983590E-01
1.217500E+02 9.986592E-01
1.220000E+02 9.981843E-01
1.222500E+02 9.985922E-01
1.225000E+02 9.986542E-01
1.227500E+02 9.988333E-01
1.230000E+02 9.981877E-01
1.232500E+02 9.980982E-01
1.235000E+02 9.980709E-01
1.237500E+02 9.984040E-01
1.240000E+02 9.982925E-01
1.242500E+02 9.984089E-01
1.245000E+02 9.976779E-01
1.247500E+02 9.984010E-01
1.250000E+02 9.955999E-01
1.252500E+02 9.895354E-01
1.255000E+02 9.839003E-01
1.257500E+02 9.773437E-01
1.260000E+02 9.716180E-01
1.262500E+02 9.655359E-01
1.265000E+02 9.597417E-01
1.267500E+02 9.546934E-01
1.270000E+02 9.482533E-01
1.272500E+02 9.424139E-01
1.275000E+02 9.366542E-01
1.277500E+02 9.312021E-01
1.280000E+02 9.252474E-01
1.282500E+02 9.199482E-01
1.285000E+02 9.138523E-01
1.287500E+02 9.081999E-01
1.290000E+02 9.028274E-01
1.292500E+02 8.973495E-01
1.295000E+02 8.921352E-01
1.297500E+02 8.857346E-01
1.300000E+02 8.807278E-01
1.302500E+02 8.748845E-01
1.305000E+02 8.689476E-01
1.307500E+02 8.636197E-01
1.310000E+02 8.577953E-01
1.312500E+02 8.530694E-01
1.315000E+02 8.474618E-01
1.317500E+02 8.417114E-01
1.320000E+02 8.366369E-01
1.322500E+02 8.310584E-01
1.325000E+02 8.264517E-01
1.327500E+02 8.208719E-01
1.330000E+02 8.155134E-01
1.332500E+02 8.105043E-01
1.335000E+02 8.046192E-01
1.337500E+02 7.999298E-01
1.340000E+02 7.945173E-01
1.342500E+02 7.891479E-01
1.345000E+02 7.842080E-01
1.347500E+02 7.786498E-01
1.350000E+02 7.737560E-01
1.352500E+02 7.684559E-01
1.355000E+02 7.635964E-01
1.357500E+02 7.585749E-01
1.360000E+02 7.533713E-01
1.362500E+02 7.482034E-01
1.365000E+02 7.438784E-01
1.367500E+02 7.385887E-01
1.370000E+02 7.337319E-01
1.372500E+02 7.286934E-01
1.375000E+02 7.235263E-01
1.377500E+02 7.188899E-01
1.380000E+02 7.139391E-01
1.382500E+02 7.086284E-01
1.385000E+02 7.040570E-01
1.387500E+02 6.992461E-01
1.390000E+02 6.945611E-01
1.392500E+02 6.894979E-01
1.395000E+02 6.847110E-01
1.397500E+02 6.795860E-01
1.400000E+02 6.751254E-01
1.402500E+02 6.698205E-01
1.405000E+02 6.649734E-01
1.407500E+02 6.606541E-01
1.410000E+02 6.563064E-01
1.412500E+02 6.515422E-01
1.415000E+02 6.468146E-01
1.417500E+02 6.422645E-01
1.420000E+02 6.377412E-01
1.422500E+02 6.326253E-01
1.425000E+02 6.281453E-01
1.427500E+02 6.235149E-01
1.430000E+02 6.193035E-01
1.432500E+02 6.142480E-01
1.435000E+02 6.097288E-01
1.437500E+02 6.055586E-01
1.440000E+02 6.008808E-01
1.442500E+02 5.962464E-01
1.445000E+02 5.919919E-01
1.447500E+02 5.871749E-01
1.450000E+02 5.827674E-01
1.452500E+02 5.782826E-01
1.455000E+02 5.741130E-01
1.457500E+02 5.697962E-01
1.460000E+02 5.653690E-01
1.462500E+02 5.609331E-01
1.465000E+02 5.565996E-01
1.467500E+02 5.525342E-01
1.470000E+02 5.477363E-01
1.472500E+02 5.435437E-01
1.475000E+02 5.392589E-01
1.477500E+02 5.349643E-01
1.480000E+02 5.306176E-01
1.482500E+02 5.262093E-01
1.485000E+02 5.220596E-01
1.487500E+02 5.179842E-01
1.490000E+02 5.133804E-01
1.492500E+02 5.092600E-01
1.495000E+02 5.056444E-01
1.497500E+02 5.008062E-01
1.500000E+02 4.972704E-01
1.502500E+02 4.927092E-01
1.505000E+02 4.887718E-01
1.507500E+02 4.844458E-01
1.510000E+02 4.805048E-01
1.512500E+02 4.765641E-01
1.515000E+02 4.722354E-01
1.517500E+02 4.682242E-01
1.520000E+02 4.643785E-01
1.522500E+02 4.601427E-01
1.525000E+02 4.562313E-01
1.527500E+02 4.522789E-01
1.530000E+02 4.480755E-01
1.532500E+02 4.443338E-01
1.535000E+02 4.402692E-01
1.537500E+02 4.364351E-01
1.540000E+02 4.323078E-01
1.542500E+02 4.285236E-01
1.545000E+02 4.245160E-01
1.547500E+02 4.205700E-01
1.550000E+02 4.168010E-01
1.552500E+02 4.128407E-01
1.555000E+02 4.090004E-01
1.557500E+02 4.051041E-01
1.560000E+02 4.012765E-01
1.562500E+02 3.972375E-01
1.565000E+02 3.936951E-01
1.567500E+02 3.897445E-01
1.570000E+02 3.859344E-01
1.572500E+02 3.821609E-01
1.575000E+02 3.783268E-01
1.577500E+02 3.749092E-01
1.580000E+02 3.710715E-01
1.582500E+02 3.670899E-01
1.585000E+02 3.633639E-01
1.587500E+02 3.595711E-01
1.590000E+02 3.561294E-01
1.592500E+02 3.524080E-01
1.595000E+02 3.486212E-01
1.597500E+02 3.451547E-01
1.600000E+02 3.412601E-01
1.602500E+02 3.377695E-01
1.605000E+02 3.338859E-01
1.607500E+02 3.306499E-01
1.610000E+02 3.267355E-01
1.612500E+02 3.234001E-01
1.615000E+02 3.195705E-01
1.617500E+02 3.162111E-01
1.620000E+02 3.126623E-01
1.622500E+02 3.092910E-01
1.625000E+02 3.052897E-01
1.627500E+02 3.018646E-01
1.630000E+02 2.982828E-01
1.632500E+02 2.948288E-01
1.635000E+02 2.913487E-01
1.637500E+02 2.877826E-01
1.640000E+02 2.844544E-01
1.642500E+02 2.807786E-01
1.645000E+02 2.775589E-01
1.647500E+02 2.738776E-01
1.650000E+02 2.704333E-01
1.652500E+02 2.670765E-01
1.655000E+02 2.637638E-01
1.657500E+02 2.603526E-01
1.660000E+02 2.569560E-01
1.662500E+02 2.534273E-01
1.665000E+02 2.500831E-01
1.667500E+02 2.466777E-01
1.670000E+02 2.434012E-01
1.672500E+02 2.401028E-01
1.675000E+02 2.367255E-01
1.677500E+02 2.332542E-01
1.680000E+02 2.301342E-01
1.682500E+02 2.269068E-01
1.685000E+02 2.236449E-01
1.687500E+02 2.201658E-01
1.690000E+02 2.169468E-01
1.692500E+02 2.137224E-01
1.695000E+02 2.102222E-01
1.697500E+02 2.072211E-01
1.700000E+02 2.038152E-01
1.702500E+02 2.006723E-01
1.705000E+02 1.974613E-01
1.707500E+02 1.942058E-01
1.710000E+02 1.910151E-01
1.712500E+02 1.878896E-01
1.715000E+02 1.846431E-01
1.717500E+02 1.812971E-01
1.720000E+02 1.782792E-01
1.722500E+02 1.752483E-01
1.725000E+02 1.718632E-01
1.727500E+02 1.689148E-01
1.730000E+02 1.656221E-01
1.732500E+02 1.626172E-01
1.735000E+02 1.595290E-01
1.737500E+02 1.566457E-01
1.740000E+02 1.530940E-01
1.742500E+02 1.502659E-01
1.745000E+02 1.472778E-01
1.747500E+02 1.440678E-01
1.750000E+02 1.411883E-01
1.752500E+02 1.380845E-01
1.755000E+02 1.349491E-01
1.757500E+02 1.319607E-01
1.760000E+02 1.289449E-01
1.762500E+02 1.259610E-01
1.765000E+02 1.229411E-01
1.767500E+02 1.200803E-01
1.770000E+02 1.172262E-01
1.772500E+02 1.146742E-01
1.775000E+02 1.121701E-01
1.777500E+02 1.097958E-01
1.780000E+02 1.074142E-01
1.782500E+02 1.051855E-01
1.785000E+02 1.029433E-01
1.787500E+02 1.007184E-01
1.790000E+02 9.867188E-02
1.792500E+02 9.662653E-02
1.795000E+02 9.469581E-02
1.797500E+02 9.278794E-02
1.800000E+02 9.083682E-02
1.802500E+02 8.880128E-02
1.805000E+02 8.705344E-02
1.807500E+02 8.517201E-02
1.810000E+02 8.349622E-02
1.812500E+02 8.185224E-02
1.815000E+02 8.000603E-02
1.817500E+02 7.851076E-02
1.820000E+02 7.688721E-02
1.822500E+02 7.514755E-02
1.825000E+02 7.365642E-02
1.827500E+02 7.205173E-02
1.830000E+02 7.054654E-02
1.832500E+02 6.919484E-02
1.835000E+02 6.775006E-02
1.837500E+02 6.615263E-02
1.840000E+02 6.482864E-02
1.842500E+02 6.351206E-02
1.845000E+02 6.218713E-02
1.847500E+02 6.076260E-02
1.850000E+02 5.955865E-02
1.852500E+02 5.825619E-02
1.855000E+02 5.695500E-02
1.857500E+02 5.574853E-02
1.860000E+02 5.458958E-02
1.862500E+02 5.333726E-02
1.865000E+02 5.223349E-02
1.867500E+02 5.099855E-02
1.870000E+02 4.982812E-02
1.872500E+02 4.875398E-02
1.875000E+02 4.770315E-02
1.877500E+02 4.664526E-02
1.880000E+02 4.553418E-02
1.882500E+02 4.457737E-02
1.885000E+02 4.349127E-02
1.887500E+02 4.248155E-02
1.890000E+02 4.154730E-02
1.892500E+02 4.055329E-02
1.895000E+02 3.964442E-02
1.897500E+02 3.866765E-02
1.900000E+02 3.772445E-02
1.902500E+02 3.685173E-02
1.905000E+02 3.601985E-02
1.907500E+02 3.516639E-02
1.910000E+02 3.425476E-02
1.912500E+02 3.345928E-02
1.915000E+02 3.267125E-02
1.917500E+02 3.180657E-02
1.920000E+02 3.098888E-02
1.922500E+02 3.031912E-02
1.925000E+02 2.945299E-02
1.927500E+02 2.869684E-02
1.930000E+02 2.797972E-02
1.932500E+02 2.725871E-02
1.935000E+02 2.654113E-02
1.937500E+02 2.582586E-02
1.940000E+02 2.511506E-02
1.942500E+02 2.454062E-02
1.945000E+02 2.380015E-02
1.947500E+02 2.316753E-02
1.950000E+02 2.247104E-02
1.952500E+02 2.187616E-02
1.955000E+02 2.126735E-02
1.957500E+02 2.071347E-02
1.960000E+02 2.016436E-02
1.962500E+02 1.955068E-02
1.965000E+02 1.897570E-02
1.967500E+02 1.842653E-02
1.970000E+02 1.781785E-02
1.972500E+02 1.733601E-02
1.975000E+02 1.682706E-02
1.977500E+02 1.625174E-02
1.980000E+02 1.578406E-02
1.982500E+02 1.528054E-02
1.985000E+02 1.485483E-02
1.987500E+02 1.432502E-02
1.990000E+02 1.389083E-02
1.992500E+02 1.340869E-02
1.995000E+02 1.293515E-02
1.997500E+02 1.254659E-02
2.000000E+02 1.211150E-02
2.002500E+02 1.171038E-02
2.005000E+02 1.127037E-02
2.007500E+02 1.089912E-02
2.010000E+02 1.050882E-02
2.012500E+02 1.014772E-02
2.015000E+02 9.708797E-03
2.017500E+02 9.401969E-03
2.020000E+02 9.028092E-03
2.022500E+02 8.681904E-03
2.025000E+02 8.356498E-03
2.027500E+02 8.012075E-03
2.030000E+02 7.687145E-03
2.032500E+02 7.377493E-03
2.035000E+02 7.054619E-03
2.037500E+02 6.788035E-03
2.040000E+02 6.469836E-03
2.042500E+02 6.164361E-03
2.045000E+02 5.932940E-03
2.047500E+02 5.622891E-03
2.050000E+02 5.390352E-03
2.052500E+02 5.130072E-03
2.055000E+02 4.871814E-03
2.057500E+02 4.647527E-03
2.060000E+02 4.395540E-03
2.062500E+02 4.184903E-03
2.065000E+02 3.986302E-03
2.067500E+02 3.751916E-03
2.070000E+02 3.553479E-03
2.072500E+02 3.369379E-03
2.075000E+02 3.150614E-03
2.077500E+02 2.983017E-03
2.080000E+02 2.787033E-03
2.082500E+02 2.614837E-03
2.085000E+02 2.448286E-03
2.087500E+02 2.282359E-03
2.090000E+02 2.151797E-03
2.092500E+02 1.982770E-03
2.095000E+02 1.839066E-03
2.097500E+02 1.693328E-03
2.100000E+02 1.559311E-03
2.102500E+02 1.445651E-03
2.105000E+02 1.334486E-03
2.107500E+02 1.212032E-03
2.110000E+02 1.102629E-03
2.112500E+02 9.971850E-04
2.115000E+02 8.958354E-04
2.117500E+02 8.090008E-04
2.120000E+02 7.187092E-04
2.122500E+02 6.366303E-04
2.125000E+02 5.581401E-04
2.127500E+02 4.910471E-04
2.130000E+02 4.298493E-04
2.132500E+02 3.576004E-04
2.135000E+02 3.072769E-04
2.137500E+02 2.511698E-04
2.140000E+02 1.998267E-04
2.142500E+02 1.662981E-04
2.145000E+02 1.272244E-04
2.147500E+02 9.649064E-05
2.150000E+02 7.000835E-05
2.152500E+02 4.560085E-05
2.155000E+02 3.018725E-05
2.157500E+02 1.356252E-05
2.160000E+02 5.815676E-06
2.162500E+02 9.670395E-07
