2.500000E-01 0.000000E+00
5.000000E-01 0.000000E+00
7.500000E-01 0.000000E+00
1.000000E+00 0.000000E+00
1.250000E+00 0.000000E+00
1.500000E+00 0.000000E+00
1.750000E+00 0.000000E+00
2.000000E+00 0.000000E+00
2.250000E+00 0.000000E+00
2.500000E+00 0.000000E+00
2.750000E+00 0.000000E+00
3.000000E+00 0.000000E+00
3.250000E+00 0.000000E+00
3.500000E+00 4.155301E-02
3.750000E+00 3.373664E+00
4.000000E+00 2.512941E+01
4.250000E+00 5.046922E+01
4.500000E+00 5.105838E+01
4.750000E+00 3.828570E+01
5.000000E+00 2.580802E+01
5.250000E+00 1.718128E+01
5.500000E+00 1.176656E+01
5.750000E+00 8.660832E+00
6.000000E+00 6.946876E+00
6.250000E+00 5.969422E+00
6.500000E+00 5.197542E+00
6.750000E+00 4.406869E+00
7.000000E+00 3.691633E+00
7.250000E+00 3.154130E+00
7.500000E+00 2.850520E+00
7.750000E+00 2.804399E+00
8.000000E+00 3.087737E+00
8.250000E+00 3.553315E+00
8.500000E+00 3.896362E+00
8.750000E+00 3.889904E+00
9.000000E+00 3.576402E+00
9.250000E+00 3.126596E+00
9.500000E+00 2.703251E+00
9.750000E+00 2.346248E+00
1.000000E+01 2.072063E+00
1.025000E+01 1.885117E+00
1.050000E+01 1.734633E+00
1.075000E+01 1.620328E+00
1.100000E+01 1.520946E+00
1.125000E+01 1.440714E+00
1.150000E+01 1.387381E+00
1.175000E+01 1.352371E+00
1.200000E+01 1.333732E+00
1.225000E+01 1.336165E+00
1.250000E+01 1.338761E+00
1.275000E+01 1.338397E+00
1.300000E+01 1.326533E+00
1.325000E+01 1.299865E+00
1.350000E+01 1.268820E+00
1.375000E+01 1.232275E+00
1.400000E+01 1.202362E+00
1.425000E+01 1.170991E+00
1.450000E+01 1.144548E+00
1.475000E+01 1.129042E+00
1.500000E+01 1.111328E+00
1.525000E+01 1.099658E+00
1.550000E+01 1.086641E+00
1.575000E+01 1.078122E+00
1.600000E+01 1.071906E+00
1.625000E+01 1.067852E+00
1.650000E+01 1.065239E+00
1.675000E+01 1.062642E+00
1.700000E+01 1.060016E+00
1.725000E+01 1.056670E+00
1.750000E+01 1.054847E+00
1.775000E+01 1.047879E+00
1.800000E+01 1.046663E+00
1.825000E+01 1.041747E+00
1.850000E+01 1.038542E+00
1.875000E+01 1.035832E+00
1.900000E+01 1.029734E+00
1.925000E+01 1.029535E+00
1.950000E+01 1.027238E+00
1.975000E+01 1.025041E+00
2.000000E+01 1.023825E+00
2.025000E+01 1.020580E+00
2.050000E+01 1.020228E+00
2.075000E+01 1.018629E+00
2.100000E+01 1.018739E+00
2.125000E+01 1.017802E+00
2.150000E+01 1.016508E+00
2.175000E+01 1.017068E+00
2.200000E+01 1.014571E+00
2.225000E+01 1.014830E+00
2.250000E+01 1.012266E+00
2.275000E+01 1.013752E+00
2.300000E+01 1.013156E+00
2.325000E+01 1.013451E+00
2.350000E+01 1.011363E+00
2.375000E+01 1.011304E+00
2.400000E+01 1.012497E+00
2.425000E+01 1.009829E+00
2.450000E+01 1.009436E+00
2.475000E+01 1.009173E+00
2.500000E+01 1.009867E+00
2.525000E+01 1.008810E+00
2.550000E+01 1.009400E+00
2.575000E+01 1.008853E+00
2.600000E+01 1.010189E+00
2.625000E+01 1.009068E+00
2.650000E+01 1.008348E+00
2.675000E+01 1.007581E+00
2.700000E+01 1.009523E+00
2.725000E+01 1.007529E+00
2.750000E+01 1.007410E+00
2.775000E+01 1.007583E+00
2.800000E+01 1.007085E+00
2.825000E+01 1.007397E+00
2.850000E+01 1.006892E+00
2.875000E+01 1.008115E+00
2.900000E+01 1.006307E+00
2.925000E+01 1.007705E+00
2.950000E+01 1.007792E+00
2.975000E+01 1.006279E+00
3.000000E+01 1.007918E+00
3.025000E+01 1.006766E+00
3.050000E+01 1.006489E+00
3.075000E+01 1.005660E+00
3.100000E+01 1.006672E+00
3.125000E+01 1.005869E+00
3.150000E+01 1.005878E+00
3.175000E+01 1.005941E+00
3.200000E+01 1.006170E+00
3.225000E+01 1.006629E+00
3.250000E+01 1.006521E+00
3.275000E+01 1.006635E+00
3.300000E+01 1.005746E+00
3.325000E+01 1.006132E+00
3.350000E+01 1.006694E+00
3.375000E+01 1.005187E+00
3.400000E+01 1.004816E+00
3.425000E+01 1.004886E+00
3.450000E+01 1.006012E+00
3.475000E+01 1.005144E+00
3.500000E+01 1.004928E+00
3.525000E+01 1.003932E+00
3.550000E+01 1.004793E+00
3.575000E+01 1.004884E+00
3.600000E+01 1.004865E+00
3.625000E+01 1.005274E+00
3.650000E+01 1.005258E+00
3.675000E+01 1.005239E+00
3.700000E+01 1.004093E+00
3.725000E+01 1.004381E+00
3.750000E+01 1.005166E+00
3.775000E+01 1.004787E+00
3.800000E+01 1.005219E+00
3.825000E+01 1.003965E+00
3.850000E+01 1.004576E+00
3.875000E+01 1.004103E+00
3.900000E+01 1.004213E+00
3.925000E+01 1.004870E+00
3.950000E+01 1.003745E+00
3.975000E+01 1.004467E+00
4.000000E+01 1.004307E+00
4.025000E+01 1.003439E+00
4.050000E+01 1.004741E+00
4.075000E+01 1.004173E+00
4.100000E+01 1.004350E+00
4.125000E+01 1.003876E+00
4.150000E+01 1.003601E+00
4.175000E+01 1.004401E+00
4.200000E+01 1.004428E+00
4.225000E+01 1.003865E+00
4.250000E+01 1.003209E+00
4.275000E+01 1.003370E+00
4.300000E+01 1.004074E+00
4.325000E+01 1.003815E+00
4.350000E+01 1.003285E+00
4.375000E+01 1.003836E+00
4.400000E+01 1.004168E+00
4.425000E+01 1.003215E+00
4.450000E+01 1.003708E+00
4.475000E+01 1.003559E+00
4.500000E+01 1.003389E+00
4.525000E+01 1.004231E+00
4.550000E+01 1.003223E+00
4.575000E+01 1.003134E+00
4.600000E+01 1.003884E+00
4.625000E+01 1.003263E+00
4.650000E+01 1.003786E+00
4.675000E+01 1.003234E+00
4.700000E+01 1.003178E+00
4.725000E+01 1.004361E+00
4.750000E+01 1.004033E+00
4.775000E+01 1.003465E+00
4.800000E+01 1.002787E+00
4.825000E+01 1.003015E+00
4.850000E+01 1.003090E+00
4.875000E+01 1.002456E+00
4.900000E+01 1.003243E+00
4.925000E+01 1.003476E+00
4.950000E+01 1.003937E+00
4.975000E+01 1.002869E+00
5.000000E+01 1.003542E+00
5.025000E+01 1.003231E+00
5.050000E+01 1.003032E+00
5.075000E+01 1.003525E+00
5.100000E+01 1.003021E+00
5.125000E+01 1.003588E+00
5.150000E+01 1.003753E+00
5.175000E+01 1.002399E+00
5.200000E+01 1.003139E+00
5.225000E+01 1.003155E+00
5.250000E+01 1.002901E+00
5.275000E+01 1.002986E+00
5.300000E+01 1.002966E+00
5.325000E+01 1.002559E+00
5.350000E+01 1.002429E+00
5.375000E+01 1.003329E+00
5.400000E+01 1.003387E+00
5.425000E+01 1.002917E+00
5.450000E+01 1.002843E+00
5.475000E+01 1.004018E+00
5.500000E+01 1.002837E+00
5.525000E+01 1.002529E+00
5.550000E+01 1.002257E+00
5.575000E+01 1.002390E+00
5.600000E+01 1.002853E+00
5.625000E+01 1.003138E+00
5.650000E+01 1.002826E+00
5.675000E+01 1.003192E+00
5.700000E+01 1.002733E+00
5.725000E+01 1.002654E+00
5.750000E+01 1.002176E+00
5.775000E+01 1.002968E+00
5.800000E+01 1.003351E+00
5.825000E+01 1.003024E+00
5.850000E+01 1.002491E+00
5.875000E+01 1.003239E+00
5.900000E+01 1.002135E+00
5.925000E+01 1.002977E+00
5.950000E+01 1.002837E+00
5.975000E+01 1.002457E+00
6.000000E+01 1.002412E+00
6.025000E+01 1.002457E+00
6.050000E+01 1.001991E+00
6.075000E+01 1.002553E+00
6.100000E+01 1.002140E+00
6.125000E+01 1.002323E+00
6.150000E+01 1.002739E+00
6.175000E+01 1.002929E+00
6.200000E+01 1.002775E+00
6.225000E+01 1.002749E+00
6.250000E+01 1.002813E+00
6.275000E+01 1.002242E+00
6.300000E+01 1.002386E+00
6.325000E+01 1.002352E+00
6.350000E+01 1.001779E+00
6.375000E+01 1.001902E+00
6.400000E+01 1.002024E+00
6.425000E+01 1.002620E+00
6.450000E+01 1.002071E+00
6.475000E+01 1.002446E+00
6.500000E+01 1.002141E+00
6.525000E+01 1.001886E+00
6.550000E+01 1.002083E+00
6.575000E+01 1.001153E+00
6.600000E+01 1.002240E+00
6.625000E+01 1.002170E+00
6.650000E+01 1.001554E+00
6.675000E+01 1.002554E+00
6.700000E+01 1.002059E+00
6.725000E+01 1.001887E+00
6.750000E+01 1.001482E+00
6.775000E+01 1.001748E+00
6.800000E+01 1.001622E+00
6.825000E+01 1.002230E+00
6.850000E+01 1.002159E+00
6.875000E+01 1.001642E+00
6.900000E+01 1.002052E+00
6.925000E+01 1.001869E+00
6.950000E+01 1.001755E+00
6.975000E+01 1.002235E+00
7.000000E+01 1.001501E+00
7.025000E+01 1.001638E+00
7.050000E+01 1.001921E+00
7.075000E+01 1.002137E+00
7.100000E+01 1.001758E+00
7.125000E+01 1.001157E+00
7.150000E+01 1.001782E+00
7.175000E+01 1.002080E+00
7.200000E+01 1.002042E+00
7.225000E+01 1.001969E+00
7.250000E+01 1.001558E+00
7.275000E+01 1.001434E+00
7.300000E+01 1.001602E+00
7.325000E+01 1.001701E+00
7.350000E+01 1.001546E+00
7.375000E+01 1.001714E+00
7.400000E+01 1.001880E+00
7.425000E+01 1.001506E+00
7.450000E+01 1.001407E+00
7.475000E+01 1.001811E+00
7.500000E+01 1.001207E+00
7.525000E+01 1.001778E+00
7.550000E+01 1.001523E+00
7.575000E+01 1.001392E+00
7.600000E+01 1.001114E+00
7.625000E+01 1.001343E+00
7.650000E+01 1.001126E+00
7.675000E+01 1.001992E+00
7.700000E+01 1.001276E+00
7.725000E+01 1.001692E+00
7.750000E+01 1.001341E+00
7.775000E+01 1.001238E+00
7.800000E+01 1.001927E+00
7.825000E+01 1.001626E+00
7.850000E+01 1.002038E+00
7.875000E+01 1.001834E+00
7.900000E+01 1.002012E+00
7.925000E+01 1.001694E+00
7.950000E+01 1.001223E+00
7.975000E+01 1.001370E+00
8.000000E+01 1.001283E+00
8.025000E+01 1.001205E+00
8.050000E+01 1.001405E+00
8.075000E+01 1.001566E+00
8.100000E+01 1.001085E+00
8.125000E+01 1.001037E+00
8.150000E+01 1.001122E+00
8.175000E+01 1.001020E+00
8.200000E+01 1.001267E+00
8.225000E+01 1.001073E+00
8.250000E+01 1.001182E+00
8.275000E+01 1.001185E+00
8.300000E+01 1.001415E+00
8.325000E+01 1.001125E+00
8.350000E+01 1.000801E+00
8.375000E+01 1.001158E+00
8.400000E+01 1.001239E+00
8.425000E+01 1.001172E+00
8.450000E+01 1.001173E+00
8.475000E+01 1.001301E+00
8.500000E+01 1.001090E+00
8.525000E+01 1.000602E+00
8.550000E+01 1.001015E+00
8.575000E+01 1.001103E+00
8.600000E+01 1.001088E+00
8.625000E+01 1.001495E+00
8.650000E+01 1.001132E+00
8.675000E+01 1.001033E+00
8.700000E+01 1.001070E+00
8.725000E+01 1.000875E+00
8.750000E+01 1.001044E+00
8.775000E+01 1.001165E+00
8.800000E+01 1.001208E+00
8.825000E+01 1.001029E+00
8.850000E+01 1.001225E+00
8.875000E+01 1.001390E+00
8.900000E+01 1.001178E+00
8.925000E+01 1.000964E+00
8.950000E+01 1.001703E+00
8.975000E+01 1.001101E+00
9.000000E+01 1.000811E+00
9.025000E+01 1.000796E+00
9.050000E+01 1.001468E+00
9.075000E+01 1.001007E+00
9.100000E+01 1.001217E+00
9.125000E+01 1.001323E+00
9.150000E+01 1.000940E+00
9.175000E+01 1.001143E+00
9.200000E+01 1.000810E+00
9.225000E+01 1.001128E+00
9.250000E+01 1.000914E+00
9.275000E+01 1.001834E+00
9.300000E+01 1.001211E+00
9.325000E+01 1.001249E+00
9.350000E+01 1.001186E+00
9.375000E+01 1.000920E+00
9.400000E+01 1.000777E+00
9.425000E+01 1.001333E+00
9.450000E+01 1.000772E+00
9.475000E+01 1.000937E+00
9.500000E+01 1.000891E+00
9.525000E+01 1.001206E+00
9.550000E+01 1.001522E+00
9.575000E+01 1.001193E+00
9.600000E+01 1.000659E+00
9.625000E+01 1.000772E+00
9.650000E+01 1.001148E+00
9.675000E+01 1.001122E+00
9.700000E+01 1.000759E+00
9.725000E+01 1.001184E+00
9.750000E+01 1.000943E+00
9.775000E+01 1.000857E+00
9.800000E+01 1.001150E+00
9.825000E+01 1.000808E+00
9.850000E+01 1.001063E+00
9.875000E+01 1.000966E+00
9.900000E+01 1.000639E+00
9.925000E+01 1.000796E+00
9.950000E+01 1.000659E+00
9.975000E+01 1.001417E+00
1.000000E+02 1.000795E+00
1.002500E+02 1.000496E+00
1.005000E+02 1.000367E+00
1.007500E+02 1.000932E+00
1.010000E+02 1.000751E+00
1.012500E+02 1.001011E+00
1.015000E+02 1.000623E+00
1.017500E+02 1.000934E+00
1.020000E+02 1.000729E+00
1.022500E+02 1.000628E+00
1.025000E+02 1.001106E+00
1.027500E+02 1.000696E+00
1.030000E+02 1.000907E+00
1.032500E+02 1.000592E+00
1.035000E+02 1.000787E+00
1.037500E+02 1.000484E+00
1.040000E+02 1.000712E+00
1.042500E+02 1.000415E+00
1.045000E+02 1.000722E+00
1.047500E+02 1.000761E+00
1.050000E+02 1.000756E+00
1.052500E+02 1.001004E+00
1.055000E+02 1.000715E+00
1.057500E+02 1.000505E+00
1.060000E+02 1.000507E+00
1.062500E+02 1.000615E+00
1.065000E+02 1.000490E+00
1.067500E+02 1.000886E+00
1.070000E+02 1.000740E+00
1.072500E+02 1.000691E+00
1.075000E+02 1.000626E+00
1.077500E+02 1.000724E+00
1.080000E+02 1.000434E+00
1.082500E+02 1.000568E+00
1.085000E+02 1.000522E+00
1.087500E+02 1.000603E+00
1.090000E+02 1.000922E+00
1.092500E+02 1.000782E+00
1.095000E+02 1.000785E+00
1.097500E+02 1.000584E+00
1.100000E+02 1.000850E+00
1.102500E+02 1.000817E+00
1.105000E+02 1.000569E+00
1.107500E+02 1.000662E+00
1.110000E+02 1.000531E+00
1.112500E+02 1.000736E+00
1.115000E+02 1.000778E+00
1.117500E+02 1.000492E+00
1.120000E+02 1.000649E+00
1.122500E+02 1.000874E+00
1.125000E+02 1.000838E+00
1.127500E+02 1.000411E+00
1.130000E+02 1.000814E+00
1.132500E+02 1.000433E+00
1.135000E+02 1.000638E+00
1.137500E+02 1.000313E+00
1.140000E+02 1.000600E+00
1.142500E+02 1.000445E+00
1.145000E+02 1.000536E+00
1.147500E+02 1.000587E+00
1.150000E+02 1.000449E+00
1.152500E+02 1.000652E+00
1.155000E+02 1.000316E+00
1.157500E+02 1.000581E+00
1.160000E+02 1.000688E+00
1.162500E+02 1.000249E+00
1.165000E+02 1.000575E+00
1.167500E+02 1.000482E+00
1.170000E+02 1.000548E+00
1.172500E+02 1.000597E+00
1.175000E+02 1.000838E+00
1.177500E+02 1.000521E+00
1.180000E+02 1.000422E+00
1.182500E+02 1.000513E+00
1.185000E+02 1.000429E+00
1.187500E+02 1.000708E+00
1.190000E+02 1.000502E+00
1.192500E+02 1.000268E+00
1.195000E+02 1.000348E+00
1.197500E+02 1.000493E+00
1.200000E+02 9.999982E-01
1.202500E+02 1.000621E+00
1.205000E+02 1.000520E+00
1.207500E+02 1.000458E+00
1.210000E+02 1.000589E+00
1.212500E+02 1.000390E+00
1.215000E+02 1.000369E+00
1.217500E+02 1.000254E+00
1.220000E+02 1.000460E+00
1.222500E+02 1.000406E+00
1.225000E+02 1.000675E+00
1.227500E+02 1.000355E+00
1.230000E+02 1.000080E+00
1.232500E+02 1.000259E+00
1.235000E+02 1.000620E+00
1.237500E+02 1.000503E+00
1.240000E+02 1.000283E+00
1.242500E+02 1.000460E+00
1.245000E+02 1.000180E+00
1.247500E+02 1.000534E+00
1.250000E+02 9.970241E-01
1.252500E+02 9.913003E-01
1.255000E+02 9.854560E-01
1.257500E+02 9.794509E-01
1.260000E+02 9.736495E-01
1.262500E+02 9.675904E-01
1.265000E+02 9.618055E-01
1.267500E+02 9.556738E-01
1.270000E+02 9.500340E-01
1.272500E+02 9.443426E-01
1.275000E+02 9.383862E-01
1.277500E+02 9.327227E-01
1.280000E+02 9.271611E-01
1.282500E+02 9.216409E-01
1.285000E+02 9.158062E-01
1.287500E+02 9.100516E-01
1.290000E+02 9.044946E-01
1.292500E+02 8.989060E-01
1.295000E+02 8.934926E-01
1.297500E+02 8.876829E-01
1.300000E+02 8.818629E-01
1.302500E+02 8.762482E-01
1.305000E+02 8.710282E-01
1.307500E+02 8.653450E-01
1.310000E+02 8.602689E-01
1.312500E+02 8.545074E-01
1.315000E+02 8.491330E-01
1.317500E+02 8.439382E-01
1.320000E+02 8.384069E-01
1.322500E+02 8.331134E-01
1.325000E+02 8.277948E-01
1.327500E+02 8.222852E-01
1.330000E+02 8.171302E-01
1.332500E+02 8.117568E-01
1.335000E+02 8.062779E-01
1.337500E+02 8.012283E-01
1.340000E+02 7.956218E-01
1.342500E+02 7.906282E-01
1.345000E+02 7.855536E-01
1.347500E+02 7.803102E-01
1.350000E+02 7.753704E-01
1.352500E+02 7.703949E-01
1.355000E+02 7.650685E-01
1.357500E+02 7.601605E-01
1.360000E+02 7.549642E-01
1.362500E+02 7.500255E-01
1.365000E+02 7.449551E-01
1.367500E+02 7.398920E-01
1.370000E+02 7.349198E-01
1.372500E+02 7.297598E-01
1.375000E+02 7.247649E-01
1.377500E+02 7.197995E-01
1.380000E+02 7.151192E-01
1.382500E+02 7.102757E-01
1.385000E+02 7.052396E-01
1.387500E+02 7.002279E-01
1.390000E+02 6.954669E-01
1.392500E+02 6.906582E-01
1.395000E+02 6.856122E-01
1.397500E+02 6.809320E-01
1.400000E+02 6.763194E-01
1.402500E+02 6.714183E-01
1.405000E+02 6.667429E-01
1.407500E+02 6.620785E-01
1.410000E+02 6.571679E-01
1.412500E+02 6.524466E-01
1.415000E+02 6.477184E-01
1.417500E+02 6.432250E-01
1.420000E+02 6.384662E-01
1.422500E+02 6.335650E-01
1.425000E+02 6.292543E-01
1.427500E+02 6.246671E-01
1.430000E+02 6.201558E-01
1.432500E+02 6.155499E-01
1.435000E+02 6.108762E-01
1.437500E+02 6.063561E-01
1.440000E+02 6.019535E-01
1.442500E+02 5.974288E-01
1.445000E+02 5.929970E-01
1.447500E+02 5.884906E-01
1.450000E+02 5.839220E-01
1.452500E+02 5.794751E-01
1.455000E+02 5.749005E-01
1.457500E+02 5.703988E-01
1.460000E+02 5.659430E-01
1.462500E+02 5.618131E-01
1.465000E+02 5.573796E-01
1.467500E+02 5.529279E-01
1.470000E+02 5.486397E-01
1.472500E+02 5.446189E-01
1.475000E+02 5.400444E-01
1.477500E+02 5.357997E-01
1.480000E+02 5.315008E-01
1.482500E+02 5.272778E-01
1.485000E+02 5.230835E-01
1.487500E+02 5.187587E-01
1.490000E+02 5.144057E-01
1.492500E+02 5.103227E-01
1.495000E+02 5.060938E-01
1.497500E+02 5.019334E-01
1.500000E+02 4.980243E-01
1.502500E+02 4.935253E-01
1.505000E+02 4.894948E-01
1.507500E+02 4.852707E-01
1.510000E+02 4.813755E-01
1.512500E+02 4.770497E-01
1.515000E+02 4.730561E-01
1.517500E+02 4.688161E-01
1.520000E+02 4.648222E-01
1.522500E+02 4.609536E-01
1.525000E+02 4.567578E-01
1.527500E+02 4.528449E-01
1.530000E+02 4.486394E-01
1.532500E+02 4.448535E-01
1.535000E+02 4.407319E-01
1.537500E+02 4.368373E-01
1.540000E+02 4.329196E-01
1.542500E+02 4.290329E-01
1.545000E+02 4.253918E-01
1.547500E+02 4.211098E-01
1.550000E+02 4.173886E-01
1.552500E+02 4.134190E-01
1.555000E+02 4.096604E-01
1.557500E+02 4.056338E-01
1.560000E+02 4.019047E-01
1.562500E+02 3.979234E-01
1.565000E+02 3.940811E-01
1.567500E+02 3.902777E-01
1.570000E+02 3.865682E-01
1.572500E+02 3.829074E-01
1.575000E+02 3.790072E-01
1.577500E+02 3.753811E-01
1.580000E+02 3.713977E-01
1.582500E+02 3.677283E-01
1.585000E+02 3.640391E-01
1.587500E+02 3.603999E-01
1.590000E+02 3.564939E-01
1.592500E+02 3.527302E-01
1.595000E+02 3.492346E-01
1.597500E+02 3.455579E-01
1.600000E+02 3.417584E-01
1.602500E+02 3.380493E-01
1.605000E+02 3.344903E-01
1.607500E+02 3.309148E-01
1.610000E+02 3.273683E-01
1.612500E+02 3.236889E-01
1.615000E+02 3.200989E-01
1.617500E+02 3.163803E-01
1.620000E+02 3.129159E-01
1.622500E+02 3.092915E-01
1.625000E+02 3.059464E-01
1.627500E+02 3.022027E-01
1.630000E+02 2.986668E-01
1.632500E+02 2.951977E-01
1.635000E+02 2.916346E-01
1.637500E+02 2.882721E-01
1.640000E+02 2.847698E-01
1.642500E+02 2.812115E-01
1.645000E+02 2.778474E-01
1.647500E+02 2.742958E-01
1.650000E+02 2.708960E-01
1.652500E+02 2.674462E-01
1.655000E+02 2.640212E-01
1.657500E+02 2.606308E-01
1.660000E+02 2.572102E-01
1.662500E+02 2.538887E-01
1.665000E+02 2.504612E-01
1.667500E+02 2.472263E-01
1.670000E+02 2.436880E-01
1.672500E+02 2.404755E-01
1.675000E+02 2.370471E-01
1.677500E+02 2.337185E-01
1.680000E+02 2.303188E-01
1.682500E+02 2.270742E-01
1.685000E+02 2.237585E-01
1.687500E+02 2.204456E-01
1.690000E+02 2.170872E-01
1.692500E+02 2.139472E-01
1.695000E+02 2.106978E-01
1.697500E+02 2.074480E-01
1.700000E+02 2.042543E-01
1.702500E+02 2.008924E-01
1.705000E+02 1.977610E-01
1.707500E+02 1.944130E-01
1.710000E+02 1.911502E-01
1.712500E+02 1.881056E-01
1.715000E+02 1.849478E-01
1.717500E+02 1.817284E-01
1.720000E+02 1.786126E-01
1.722500E+02 1.754601E-01
1.725000E+02 1.722727E-01
1.727500E+02 1.691467E-01
1.730000E+02 1.660232E-01
1.732500E+02 1.628728E-01
1.735000E+02 1.596777E-01
1.737500E+02 1.566452E-01
1.740000E+02 1.535450E-01
1.742500E+02 1.504730E-01
1.745000E+02 1.474114E-01
1.747500E+02 1.443815E-01
1.750000E+02 1.412411E-01
1.752500E+02 1.381648E-01
1.755000E+02 1.352372E-01
1.757500E+02 1.322031E-01
1.760000E+02 1.291207E-01
1.762500E+02 1.260224E-01
1.765000E+02 1.230891E-01
1.767500E+02 1.201141E-01
1.770000E+02 1.174291E-01
1.772500E+02 1.147284E-01
1.775000E+02 1.123039E-01
1.777500E+02 1.099722E-01
1.780000E+02 1.075231E-01
1.782500E+02 1.052975E-01
1.785000E+02 1.031759E-01
1.787500E+02 1.009968E-01
1.790000E+02 9.888538E-02
1.792500E+02 9.686389E-02
1.795000E+02 9.484488E-02
1.797500E+02 9.280008E-02
1.800000E+02 9.094689E-02
1.802500E+02 8.901675E-02
1.805000E+02 8.719910E-02
1.807500E+02 8.536853E-02
1.810000E+02 8.362190E-02
1.812500E+02 8.183671E-02
1.815000E+02 8.024689E-02
1.817500E+02 7.854253E-02
1.820000E+02 7.689228E-02
1.822500E+02 7.537231E-02
1.825000E+02 7.377063E-02
1.827500E+02 7.224389E-02
1.830000E+02 7.079937E-02
1.832500E+02 6.918916E-02
1.835000E+02 6.781800E-02
1.837500E+02 6.642085E-02
1.840000E+02 6.494615E-02
1.842500E+02 6.356437E-02
1.845000E+02 6.217721E-02
1.847500E+02 6.089050E-02
1.850000E+02 5.960377E-02
1.852500E+02 5.831060E-02
1.855000E+02 5.706528E-02
1.857500E+02 5.584067E-02
1.860000E+02 5.460199E-02
1.862500E+02 5.348883E-02
1.865000E+02 5.228956E-02
1.867500E+02 5.110212E-02
1.870000E+02 4.995049E-02
1.872500E+02 4.884451E-02
1.875000E+02 4.780079E-02
1.877500E+02 4.668990E-02
1.880000E+02 4.562656E-02
1.882500E+02 4.458691E-02
1.885000E+02 4.360196E-02
1.887500E+02 4.254974E-02
1.890000E+02 4.160569E-02
1.892500E+02 4.063516E-02
1.895000E+02 3.965710E-02
1.897500E+02 3.872112E-02
1.900000E+02 3.784124E-02
1.902500E+02 3.694739E-02
1.905000E+02 3.602364E-02
1.907500E+02 3.518966E-02
1.910000E+02 3.426139E-02
1.912500E+02 3.345576E-02
1.915000E+02 3.265225E-02
1.917500E+02 3.187608E-02
1.920000E+02 3.104741E-02
1.922500E+02 3.025705E-02
1.925000E+02 2.950086E-02
1.927500E+02 2.877734E-02
1.930000E+02 2.797853E-02
1.932500E+02 2.729262E-02
1.935000E+02 2.653990E-02
1.937500E+02 2.587693E-02
1.940000E+02 2.519104E-02
1.942500E+02 2.449646E-02
1.945000E+02 2.385193E-02
1.947500E+02 2.320989E-02
1.950000E+02 2.257746E-02
1.952500E+02 2.194559E-02
1.955000E+02 2.134698E-02
1.957500E+02 2.072834E-02
1.960000E+02 2.014007E-02
1.962500E+02 1.956876E-02
1.965000E+02 1.900816E-02
1.967500E+02 1.842641E-02
1.970000E+02 1.788724E-02
1.972500E+02 1.737127E-02
1.975000E+02 1.682520E-02
1.977500E+02 1.631544E-02
1.980000E+02 1.581365E-02
1.982500E+02 1.531405E-02
1.985000E+02 1.482944E-02
1.987500E+02 1.438978E-02
1.990000E+02 1.390561E-02
1.992500E+02 1.344131E-02
1.995000E+02 1.300192E-02
1.997500E+02 1.257707E-02
2.000000E+02 1.214288E-02
2.002500E+02 1.171577E-02
2.005000E+02 1.130567E-02
2.007500E+02 1.091828E-02
2.010000E+02 1.051490E-02
2.012500E+02 1.015665E-02
2.015000E+02 9.790591E-03
2.017500E+02 9.394705E-03
2.020000E+02 9.041556E-03
2.022500E+02 8.708778E-03
2.025000E+02 8.354879E-03
2.027500E+02 8.030329E-03
2.030000E+02 7.705205E-03
2.032500E+02 7.393890E-03
2.035000E+02 7.075047E-03
2.037500E+02 6.789736E-03
2.040000E+02 6.495793E-03
2.042500E+02 6.218196E-03
2.045000E+02 5.924142E-03
2.047500E+02 5.663733E-03
2.050000E+02 5.402439E-03
2.052500E+02 5.140986E-03
2.055000E+02 4.906777E-03
2.057500E+02 4.672017E-03
2.060000E+02 4.427024E-03
2.062500E+02 4.193229E-03
2.065000E+02 3.977982E-03
2.067500E+02 3.774542E-03
2.070000E+02 3.557223E-03
2.072500E+02 3.358865E-03
2.075000E+02 3.157856E-03
2.077500E+02 2.974304E-03
2.080000E+02 2.796569E-03
2.082500E+02 2.626608E-03
2.085000E+02 2.463381E-03
2.087500E+02 2.299488E-03
2.090000E+02 2.143180E-03
2.092500E+02 1.987128E-03
2.095000E+02 1.848336E-03
2.097500E+02 1.705257E-03
2.100000E+02 1.575654E-03
2.102500E+02 1.445376E-03
2.105000E+02 1.328055E-03
2.107500E+02 1.214142E-03
2.110000E+02 1.105761E-03
2.112500E+02 1.004271E-03
2.115000E+02 9.013300E-04
2.117500E+02 8.082420E-04
2.120000E+02 7.135421E-04
2.122500E+02 6.393698E-04
2.125000E+02 5.640653E-04
2.127500E+02 4.951346E-04
2.130000E+02 4.256206E-04
2.132500E+02 3.621965E-04
2.135000E+02 3.005234E-04
2.137500E+02 2.533503E-04
2.140000E+02 2.071556E-04
2.142500E+02 1.657567E-04
2.145000E+02 1.281203E-04
2.147500E+02 9.820277E-05
2.150000E+02 6.773090E-05
2.152500E+02 4.691587E-05
2.155000E+02 2.809202E-05
2.157500E+02 1.446427E-05
2.160000E+02 5.416391E-06
2.162500E+02 6.754843E-07
