2.500000E-01 0.000000E+00
5.000000E-01 0.000000E+00
7.500000E-01 0.000000E+00
1.000000E+00 0.000000E+00
1.250000E+00 0.000000E+00
1.500000E+00 0.000000E+00
1.750000E+00 0.000000E+00
2.000000E+00 0.000000E+00
2.250000E+00 0.000000E+00
2.500000E+00 0.000000E+00
2.750000E+00 0.000000E+00
3.000000E+00 0.000000E+00
3.250000E+00 0.000000E+00
3.500000E+00 1.594792E-02
3.750000E+00 1.616794E+00
4.000000E+00 1.333753E+01
4.250000E+00 2.961872E+01
4.500000E+00 3.312258E+01
4.750000E+00 2.690452E+01
5.000000E+00 1.959568E+01
5.250000E+00 1.375164E+01
5.500000E+00 9.756860E+00
5.750000E+00 7.273820E+00
6.000000E+00 5.777450E+00
6.250000E+00 4.853407E+00
6.500000E+00 4.117973E+00
6.750000E+00 3.469133E+00
7.000000E+00 2.877529E+00
7.250000E+00 2.417131E+00
7.500000E+00 2.073603E+00
7.750000E+00 1.898039E+00
8.000000E+00 1.804979E+00
8.250000E+00 1.801586E+00
8.500000E+00 1.822678E+00
8.750000E+00 1.779339E+00
9.000000E+00 1.691865E+00
9.250000E+00 1.588964E+00
9.500000E+00 1.481180E+00
9.750000E+00 1.381363E+00
1.000000E+01 1.307298E+00
1.025000E+01 1.248902E+00
1.050000E+01 1.212928E+00
1.075000E+01 1.172399E+00
1.100000E+01 1.145951E+00
1.125000E+01 1.120640E+00
1.150000E+01 1.095357E+00
1.175000E+01 1.080333E+00
1.200000E+01 1.072243E+00
1.225000E+01 1.055974E+00
1.250000E+01 1.059377E+00
1.275000E+01 1.056018E+00
1.300000E+01 1.050644E+00
1.325000E+01 1.046104E+00
1.350000E+01 1.044551E+00
1.375000E+01 1.034076E+00
1.400000E+01 1.030551E+00
1.425000E+01 1.030404E+00
1.450000E+01 1.024035E+00
1.475000E+01 1.030523E+00
1.500000E+01 1.026768E+00
1.525000E+01 1.019911E+00
1.550000E+01 1.020518E+00
1.575000E+01 1.018042E+00
1.600000E+01 1.016013E+00
1.625000E+01 1.014790E+00
1.650000E+01 1.018038E+00
1.675000E+01 1.016547E+00
1.700000E+01 1.013921E+00
1.725000E+01 1.014271E+00
1.750000E+01 1.019503E+00
1.775000E+01 1.020889E+00
1.800000E+01 1.013669E+00
1.825000E+01 1.015362E+00
1.850000E+01 1.013094E+00
1.875000E+01 1.013925E+00
1.900000E+01 1.015995E+00
1.925000E+01 1.010943E+00
1.950000E+01 1.013640E+00
1.975000E+01 1.007702E+00
2.000000E+01 1.007648E+00
2.025000E+01 1.011215E+00
2.050000E+01 1.009183E+00
2.075000E+01 1.012102E+00
2.100000E+01 1.010683E+00
2.125000E+01 1.012456E+00
2.150000E+01 1.011306E+00
2.175000E+01 1.007539E+00
2.200000E+01 1.009647E+00
2.225000E+01 1.010193E+00
2.250000E+01 1.011248E+00
2.275000E+01 1.011297E+00
2.300000E+01 1.009938E+00
2.325000E+01 1.005626E+00
2.350000E+01 1.007823E+00
2.375000E+01 1.006648E+00
2.400000E+01 1.012398E+00
2.425000E+01 1.007295E+00
2.450000E+01 1.009523E+00
2.475000E+01 1.006388E+00
2.500000E+01 1.010054E+00
2.525000E+01 1.008355E+00
2.550000E+01 1.007892E+00
2.575000E+01 1.008468E+00
2.600000E+01 1.006636E+00
2.625000E+01 1.008205E+00
2.650000E+01 1.007744E+00
2.675000E+01 1.009957E+00
2.700000E+01 1.008782E+00
2.725000E+01 1.006533E+00
2.750000E+01 1.008599E+00
2.775000E+01 1.008868E+00
2.800000E+01 1.007654E+00
2.825000E+01 1.009246E+00
2.850000E+01 1.008802E+00
2.875000E+01 1.005712E+00
2.900000E+01 1.007609E+00
2.925000E+01 1.005009E+00
2.950000E+01 1.007052E+00
2.975000E+01 1.009074E+00
3.000000E+01 1.008641E+00
3.025000E+01 1.007060E+00
3.050000E+01 1.005805E+00
3.075000E+01 1.005309E+00
3.100000E+01 1.007164E+00
3.125000E+01 1.007367E+00
3.150000E+01 1.007295E+00
3.175000E+01 1.007042E+00
3.200000E+01 1.006721E+00
3.225000E+01 1.009649E+00
3.250000E+01 1.008385E+00
3.275000E+01 1.006435E+00
3.300000E+01 1.004959E+00
3.325000E+01 1.007057E+00
3.350000E+01 1.007764E+00
3.375000E+01 1.006825E+00
3.400000E+01 1.005889E+00
3.425000E+01 1.005360E+00
3.450000E+01 1.007466E+00
3.475000E+01 1.006883E+00
3.500000E+01 1.007058E+00
3.525000E+01 1.004584E+00
3.550000E+01 1.007256E+00
3.575000E+01 1.005640E+00
3.600000E+01 1.007174E+00
3.625000E+01 1.007081E+00
3.650000E+01 1.007119E+00
3.675000E+01 1.005637E+00
3.700000E+01 1.006991E+00
3.725000E+01 1.006770E+00
3.750000E+01 1.006238E+00
3.775000E+01 1.007896E+00
3.800000E+01 1.004991E+00
3.825000E+01 1.006663E+00
3.850000E+01 1.006071E+00
3.875000E+01 1.005718E+00
3.900000E+01 1.005995E+00
3.925000E+01 1.005987E+00
3.950000E+01 1.008023E+00
3.975000E+01 1.005176E+00
4.000000E+01 1.006339E+00
4.025000E+01 1.006504E+00
4.050000E+01 1.005001E+00
4.075000E+01 1.005037E+00
4.100000E+01 1.006544E+00
4.125000E+01 1.004676E+00
4.150000E+01 1.006595E+00
4.175000E+01 1.005474E+00
4.200000E+01 1.004702E+00
4.225000E+01 1.006254E+00
4.250000E+01 1.006422E+00
4.275000E+01 1.004598E+00
4.300000E+01 1.005749E+00
4.325000E+01 1.006165E+00
4.350000E+01 1.005637E+00
4.375000E+01 1.004632E+00
4.400000E+01 1.005328E+00
4.425000E+01 1.004210E+00
4.450000E+01 1.004914E+00
4.475000E+01 1.004692E+00
4.500000E+01 1.004318E+00
4.525000E+01 1.003530E+00
4.550000E+01 1.006364E+00
4.575000E+01 1.004269E+00
4.600000E+01 1.005154E+00
4.625000E+01 1.004754E+00
4.650000E+01 1.003686E+00
4.675000E+01 1.004858E+00
4.700000E+01 1.004366E+00
4.725000E+01 1.004566E+00
4.750000E+01 1.005307E+00
4.775000E+01 1.005476E+00
4.800000E+01 1.004359E+00
4.825000E+01 1.005340E+00
4.850000E+01 1.005301E+00
4.875000E+01 1.005599E+00
4.900000E+01 1.004342E+00
4.925000E+01 1.005070E+00
4.950000E+01 1.003867E+00
4.975000E+01 1.003671E+00
5.000000E+01 1.003516E+00
5.025000E+01 1.003258E+00
5.050000E+01 1.003224E+00
5.075000E+01 1.004173E+00
5.100000E+01 1.003956E+00
5.125000E+01 1.003887E+00
5.150000E+01 1.005063E+00
5.175000E+01 1.003942E+00
5.200000E+01 1.004816E+00
5.225000E+01 1.003928E+00
5.250000E+01 1.004289E+00
5.275000E+01 1.004017E+00
5.300000E+01 1.004240E+00
5.325000E+01 1.002358E+00
5.350000E+01 1.003258E+00
5.375000E+01 1.003417E+00
5.400000E+01 1.004572E+00
5.425000E+01 1.003728E+00
5.450000E+01 1.004462E+00
5.475000E+01 1.001792E+00
5.500000E+01 1.003617E+00
5.525000E+01 1.004616E+00
5.550000E+01 1.005684E+00
5.575000E+01 1.003658E+00
5.600000E+01 1.004713E+00
5.625000E+01 1.005113E+00
5.650000E+01 1.004335E+00
5.675000E+01 1.003378E+00
5.700000E+01 1.002352E+00
5.725000E+01 1.003173E+00
5.750000E+01 1.003092E+00
5.775000E+01 1.003294E+00
5.800000E+01 1.002600E+00
5.825000E+01 1.004329E+00
5.850000E+01 1.003625E+00
5.875000E+01 1.004153E+00
5.900000E+01 1.001740E+00
5.925000E+01 1.004374E+00
5.950000E+01 1.004083E+00
5.975000E+01 1.003340E+00
6.000000E+01 1.002403E+00
6.025000E+01 1.003907E+00
6.050000E+01 1.004336E+00
6.075000E+01 1.002984E+00
6.100000E+01 1.003501E+00
6.125000E+01 1.002997E+00
6.150000E+01 1.002661E+00
6.175000E+01 1.002834E+00
6.200000E+01 1.003560E+00
6.225000E+01 1.003048E+00
6.250000E+01 1.001757E+00
6.275000E+01 1.002874E+00
6.300000E+01 1.003649E+00
6.325000E+01 1.002825E+00
6.350000E+01 1.003201E+00
6.375000E+01 1.003818E+00
6.400000E+01 1.003406E+00
6.425000E+01 1.002982E+00
6.450000E+01 1.003143E+00
6.475000E+01 1.002707E+00
6.500000E+01 1.002325E+00
6.525000E+01 1.002728E+00
6.550000E+01 1.004729E+00
6.575000E+01 1.003350E+00
6.600000E+01 1.003131E+00
6.625000E+01 1.004026E+00
6.650000E+01 1.003458E+00
6.675000E+01 1.003563E+00
6.700000E+01 1.003129E+00
6.725000E+01 1.003539E+00
6.750000E+01 1.003625E+00
6.775000E+01 1.003214E+00
6.800000E+01 1.001677E+00
6.825000E+01 1.002341E+00
6.850000E+01 1.003540E+00
6.875000E+01 1.003387E+00
6.900000E+01 1.003987E+00
6.925000E+01 1.003298E+00
6.950000E+01 1.003905E+00
6.975000E+01 1.003675E+00
7.000000E+01 1.002265E+00
7.025000E+01 1.003967E+00
7.050000E+01 1.002380E+00
7.075000E+01 1.002774E+00
7.100000E+01 1.003210E+00
7.125000E+01 1.003871E+00
7.150000E+01 1.002189E+00
7.175000E+01 1.003469E+00
7.200000E+01 1.001781E+00
7.225000E+01 1.002439E+00
7.250000E+01 1.001414E+00
7.275000E+01 1.002237E+00
7.300000E+01 1.002092E+00
7.325000E+01 1.002466E+00
7.350000E+01 1.003491E+00
7.375000E+01 1.002716E+00
7.400000E+01 1.003143E+00
7.425000E+01 1.002148E+00
7.450000E+01 1.002585E+00
7.475000E+01 1.003869E+00
7.500000E+01 1.001848E+00
7.525000E+01 1.002776E+00
7.550000E+01 1.002983E+00
7.575000E+01 1.002848E+00
7.600000E+01 1.002653E+00
7.625000E+01 1.002493E+00
7.650000E+01 1.003093E+00
7.675000E+01 1.003426E+00
7.700000E+01 1.003131E+00
7.725000E+01 1.001963E+00
7.750000E+01 1.002978E+00
7.775000E+01 1.001851E+00
7.800000E+01 1.002148E+00
7.825000E+01 1.003035E+00
7.850000E+01 1.002035E+00
7.875000E+01 1.002757E+00
7.900000E+01 1.000997E+00
7.925000E+01 1.002328E+00
7.950000E+01 1.003050E+00
7.975000E+01 1.001404E+00
8.000000E+01 1.002549E+00
8.025000E+01 1.003073E+00
8.050000E+01 1.002279E+00
8.075000E+01 1.002275E+00
8.100000E+01 1.002105E+00
8.125000E+01 1.001872E+00
8.150000E+01 1.001204E+00
8.175000E+01 1.003662E+00
8.200000E+01 1.002853E+00
8.225000E+01 1.001120E+00
8.250000E+01 1.002157E+00
8.275000E+01 1.002412E+00
8.300000E+01 1.002254E+00
8.325000E+01 1.002556E+00
8.350000E+01 1.002124E+00
8.375000E+01 1.001917E+00
8.400000E+01 1.002075E+00
8.425000E+01 1.002241E+00
8.450000E+01 1.002493E+00
8.475000E+01 1.001510E+00
8.500000E+01 1.001725E+00
8.525000E+01 1.002684E+00
8.550000E+01 1.001932E+00
8.575000E+01 1.001819E+00
8.600000E+01 1.002122E+00
8.625000E+01 1.002117E+00
8.650000E+01 1.001879E+00
8.675000E+01 1.002221E+00
8.700000E+01 1.001821E+00
8.725000E+01 1.002303E+00
8.750000E+01 1.002417E+00
8.775000E+01 1.001990E+00
8.800000E+01 1.002113E+00
8.825000E+01 1.002341E+00
8.850000E+01 1.001204E+00
8.875000E+01 1.002571E+00
8.900000E+01 1.002815E+00
8.925000E+01 1.002283E+00
8.950000E+01 1.002794E+00
8.975000E+01 1.002212E+00
9.000000E+01 1.002075E+00
9.025000E+01 1.002407E+00
9.050000E+01 1.001623E+00
9.075000E+01 1.001669E+00
9.100000E+01 1.001453E+00
9.125000E+01 1.000830E+00
9.150000E+01 1.001839E+00
9.175000E+01 1.001664E+00
9.200000E+01 1.000592E+00
9.225000E+01 1.002282E+00
9.250000E+01 1.002114E+00
9.275000E+01 1.001740E+00
9.300000E+01 1.001789E+00
9.325000E+01 1.001728E+00
9.350000E+01 1.002790E+00
9.375000E+01 1.002937E+00
9.400000E+01 1.001972E+00
9.425000E+01 1.000693E+00
9.450000E+01 1.002149E+00
9.475000E+01 1.001870E+00
9.500000E+01 1.001913E+00
9.525000E+01 1.001067E+00
9.550000E+01 1.003204E+00
9.575000E+01 1.001559E+00
9.600000E+01 1.001774E+00
9.625000E+01 1.001492E+00
9.650000E+01 1.001830E+00
9.675000E+01 1.001216E+00
9.700000E+01 1.001375E+00
9.725000E+01 1.001531E+00
9.750000E+01 1.001014E+00
9.775000E+01 1.001393E+00
9.800000E+01 1.001150E+00
9.825000E+01 1.000836E+00
9.850000E+01 1.001988E+00
9.875000E+01 1.001396E+00
9.900000E+01 1.001004E+00
9.925000E+01 1.002154E+00
9.950000E+01 1.001191E+00
9.975000E+01 1.000757E+00
1.000000E+02 1.001579E+00
1.002500E+02 1.001353E+00
1.005000E+02 1.001225E+00
1.007500E+02 1.001672E+00
1.010000E+02 1.001180E+00
1.012500E+02 1.001209E+00
1.015000E+02 1.001854E+00
1.017500E+02 1.002678E+00
1.020000E+02 1.001077E+00
1.022500E+02 1.002053E+00
1.025000E+02 1.001648E+00
1.027500E+02 1.001555E+00
1.030000E+02 1.001719E+00
1.032500E+02 1.001807E+00
1.035000E+02 1.001266E+00
1.037500E+02 1.001631E+00
1.040000E+02 1.001971E+00
1.042500E+02 1.001459E+00
1.045000E+02 1.000760E+00
1.047500E+02 1.001250E+00
1.050000E+02 1.001214E+00
1.052500E+02 1.001723E+00
1.055000E+02 1.001484E+00
1.057500E+02 1.001451E+00
1.060000E+02 1.002232E+00
1.062500E+02 1.001282E+00
1.065000E+02 1.001595E+00
1.067500E+02 1.001605E+00
1.070000E+02 1.001584E+00
1.072500E+02 1.000882E+00
1.075000E+02 1.001363E+00
1.077500E+02 1.001223E+00
1.080000E+02 1.002004E+00
1.082500E+02 1.001911E+00
1.085000E+02 1.001289E+00
1.087500E+02 1.001271E+00
1.090000E+02 1.001680E+00
1.092500E+02 1.001116E+00
1.095000E+02 1.001528E+00
1.097500E+02 1.001906E+00
1.100000E+02 1.002020E+00
1.102500E+02 1.001274E+00
1.105000E+02 1.001056E+00
1.107500E+02 1.001179E+00
1.110000E+02 1.000966E+00
1.112500E+02 1.001785E+00
1.115000E+02 1.001416E+00
1.117500E+02 1.001016E+00
1.120000E+02 1.001212E+00
1.122500E+02 1.001057E+00
1.125000E+02 1.001007E+00
1.127500E+02 1.001377E+00
1.130000E+02 1.001693E+00
1.132500E+02 1.001689E+00
1.135000E+02 1.001590E+00
1.137500E+02 1.001348E+00
1.140000E+02 1.001788E+00
1.142500E+02 1.000596E+00
1.145000E+02 1.000679E+00
1.147500E+02 1.001715E+00
1.150000E+02 1.001703E+00
1.152500E+02 1.001383E+00
1.155000E+02 1.000923E+00
1.157500E+02 1.001228E+00
1.160000E+02 1.001329E+00
1.162500E+02 1.001124E+00
1.165000E+02 1.000807E+00
1.167500E+02 1.000915E+00
1.170000E+02 1.001428E+00
1.172500E+02 1.001526E+00
1.175000E+02 1.000886E+00
1.177500E+02 1.000867E+00
1.180000E+02 1.001715E+00
1.182500E+02 1.001276E+00
1.185000E+02 1.001007E+00
1.187500E+02 1.001470E+00
1.190000E+02 1.001508E+00
1.192500E+02 1.000866E+00
1.195000E+02 1.001168E+00
1.197500E+02 1.001041E+00
1.200000E+02 1.001718E+00
1.202500E+02 1.001010E+00
1.205000E+02 1.000946E+00
1.207500E+02 1.000297E+00
1.210000E+02 1.000970E+00
1.212500E+02 1.000729E+00
1.215000E+02 1.001165E+00
1.217500E+02 1.000765E+00
1.220000E+02 1.001017E+00
1.222500E+02 1.001480E+00
1.225000E+02 1.001253E+00
1.227500E+02 1.001004E+00
1.230000E+02 1.000730E+00
1.232500E+02 1.000860E+00
1.235000E+02 1.000691E+00
1.237500E+02 1.001330E+00
1.240000E+02 1.000856E+00
1.242500E+02 1.000783E+00
1.245000E+02 1.000714E+00
1.247500E+02 1.000523E+00
1.250000E+02 9.985580E-01
1.252500E+02 9.919107E-01
1.255000E+02 9.859974E-01
1.257500E+02 9.808853E-01
1.260000E+02 9.738082E-01
1.262500E+02 9.678057E-01
1.265000E+02 9.626636E-01
1.267500E+02 9.561904E-01
1.270000E+02 9.508762E-01
1.272500E+02 9.445304E-01
1.275000E+02 9.396516E-01
1.277500E+02 9.335447E-01
1.280000E+02 9.282976E-01
1.282500E+02 9.223911E-01
1.285000E+02 9.162225E-01
1.287500E+02 9.109730E-01
1.290000E+02 9.052163E-01
1.292500E+02 8.997017E-01
1.295000E+02 8.937613E-01
1.297500E+02 8.883940E-01
1.300000E+02 8.817628E-01
1.302500E+02 8.768732E-01
1.305000E+02 8.717445E-01
1.307500E+02 8.657903E-01
1.310000E+02 8.603534E-01
1.312500E+02 8.557624E-01
1.315000E+02 8.497488E-01
1.317500E+02 8.450399E-01
1.320000E+02 8.390634E-01
1.322500E+02 8.340544E-01
1.325000E+02 8.280335E-01
1.327500E+02 8.227305E-01
1.330000E+02 8.177918E-01
1.332500E+02 8.119423E-01
1.335000E+02 8.073743E-01
1.337500E+02 8.018252E-01
1.340000E+02 7.966572E-01
1.342500E+02 7.915161E-01
1.345000E+02 7.864960E-01
1.347500E+02 7.811073E-01
1.350000E+02 7.762174E-01
1.352500E+02 7.709619E-01
1.355000E+02 7.657554E-01
1.357500E+02 7.605341E-01
1.360000E+02 7.554372E-01
1.362500E+02 7.509617E-01
1.365000E+02 7.455295E-01
1.367500E+02 7.400670E-01
1.370000E+02 7.355013E-01
1.372500E+02 7.303637E-01
1.375000E+02 7.249068E-01
1.377500E+02 7.205548E-01
1.380000E+02 7.154239E-01
1.382500E+02 7.105820E-01
1.385000E+02 7.054768E-01
1.387500E+02 7.009939E-01
1.390000E+02 6.957821E-01
1.392500E+02 6.913252E-01
1.395000E+02 6.861359E-01
1.397500E+02 6.811917E-01
1.400000E+02 6.767247E-01
1.402500E+02 6.716585E-01
1.405000E+02 6.677568E-01
1.407500E+02 6.623293E-01
1.410000E+02 6.576652E-01
1.412500E+02 6.530544E-01
1.415000E+02 6.490673E-01
1.417500E+02 6.432247E-01
1.420000E+02 6.391235E-01
1.422500E+02 6.345628E-01
1.425000E+02 6.303481E-01
1.427500E+02 6.257640E-01
1.430000E+02 6.206907E-01
1.432500E+02 6.160823E-01
1.435000E+02 6.119489E-01
1.437500E+02 6.067286E-01
1.440000E+02 6.022896E-01
1.442500E+02 5.978121E-01
1.445000E+02 5.933484E-01
1.447500E+02 5.890550E-01
1.450000E+02 5.846134E-01
1.452500E+02 5.797132E-01
1.455000E+02 5.752297E-01
1.457500E+02 5.712103E-01
1.460000E+02 5.668972E-01
1.462500E+02 5.623331E-01
1.465000E+02 5.578433E-01
1.467500E+02 5.537423E-01
1.470000E+02 5.490514E-01
1.472500E+02 5.449364E-01
1.475000E+02 5.406111E-01
1.477500E+02 5.362002E-01
1.480000E+02 5.320271E-01
1.482500E+02 5.273834E-01
1.485000E+02 5.238262E-01
1.487500E+02 5.189876E-01
1.490000E+02 5.149778E-01
1.492500E+02 5.104354E-01
1.495000E+02 5.066730E-01
1.497500E+02 5.024023E-01
1.500000E+02 4.984572E-01
1.502500E+02 4.941769E-01
1.505000E+02 4.898225E-01
1.507500E+02 4.856067E-01
1.510000E+02 4.814701E-01
1.512500E+02 4.778398E-01
1.515000E+02 4.735691E-01
1.517500E+02 4.694163E-01
1.520000E+02 4.653171E-01
1.522500E+02 4.609918E-01
1.525000E+02 4.572173E-01
1.527500E+02 4.533134E-01
1.530000E+02 4.489345E-01
1.532500E+02 4.452380E-01
1.535000E+02 4.408344E-01
1.537500E+02 4.371404E-01
1.540000E+02 4.332811E-01
1.542500E+02 4.293252E-01
1.545000E+02 4.255605E-01
1.547500E+02 4.215796E-01
1.550000E+02 4.176523E-01
1.552500E+02 4.136575E-01
1.555000E+02 4.099412E-01
1.557500E+02 4.057934E-01
1.560000E+02 4.020894E-01
1.562500E+02 3.980910E-01
1.565000E+02 3.944344E-01
1.567500E+02 3.903843E-01
1.570000E+02 3.870427E-01
1.572500E+02 3.830876E-01
1.575000E+02 3.793281E-01
1.577500E+02 3.757577E-01
1.580000E+02 3.716461E-01
1.582500E+02 3.680158E-01
1.585000E+02 3.644984E-01
1.587500E+02 3.604106E-01
1.590000E+02 3.570489E-01
1.592500E+02 3.530038E-01
1.595000E+02 3.494676E-01
1.597500E+02 3.456867E-01
1.600000E+02 3.419862E-01
1.602500E+02 3.384032E-01
1.605000E+02 3.349120E-01
1.607500E+02 3.311519E-01
1.610000E+02 3.276977E-01
1.612500E+02 3.238214E-01
1.615000E+02 3.203684E-01
1.617500E+02 3.167211E-01
1.620000E+02 3.131189E-01
1.622500E+02 3.099755E-01
1.625000E+02 3.059541E-01
1.627500E+02 3.026395E-01
1.630000E+02 2.990972E-01
1.632500E+02 2.954098E-01
1.635000E+02 2.918999E-01
1.637500E+02 2.885639E-01
1.640000E+02 2.846711E-01
1.642500E+02 2.816466E-01
1.645000E+02 2.780039E-01
1.647500E+02 2.745057E-01
1.650000E+02 2.710055E-01
1.652500E+02 2.674325E-01
1.655000E+02 2.642159E-01
1.657500E+02 2.609172E-01
1.660000E+02 2.574870E-01
1.662500E+02 2.539903E-01
1.665000E+02 2.507993E-01
1.667500E+02 2.473973E-01
1.670000E+02 2.439624E-01
1.672500E+02 2.406506E-01
1.675000E+02 2.373759E-01
1.677500E+02 2.340005E-01
1.680000E+02 2.306816E-01
1.682500E+02 2.272837E-01
1.685000E+02 2.239765E-01
1.687500E+02 2.209026E-01
1.690000E+02 2.174183E-01
1.692500E+02 2.141722E-01
1.695000E+02 2.108734E-01
1.697500E+02 2.075532E-01
1.700000E+02 2.044209E-01
1.702500E+02 2.008882E-01
1.705000E+02 1.979902E-01
1.707500E+02 1.944737E-01
1.710000E+02 1.915010E-01
1.712500E+02 1.881761E-01
1.715000E+02 1.850611E-01
1.717500E+02 1.817635E-01
1.720000E+02 1.787080E-01
1.722500E+02 1.754984E-01
1.725000E+02 1.723875E-01
1.727500E+02 1.690560E-01
1.730000E+02 1.662472E-01
1.732500E+02 1.629898E-01
1.735000E+02 1.597547E-01
1.737500E+02 1.566946E-01
1.740000E+02 1.536599E-01
1.742500E+02 1.505222E-01
1.745000E+02 1.475223E-01
1.747500E+02 1.446274E-01
1.750000E+02 1.414638E-01
1.752500E+02 1.382940E-01
1.755000E+02 1.353125E-01
1.757500E+02 1.321836E-01
1.760000E+02 1.292086E-01
1.762500E+02 1.262434E-01
1.765000E+02 1.230707E-01
1.767500E+02 1.202832E-01
1.770000E+02 1.174675E-01
1.772500E+02 1.149297E-01
1.775000E+02 1.125845E-01
1.777500E+02 1.099810E-01
1.780000E+02 1.077307E-01
1.782500E+02 1.054480E-01
1.785000E+02 1.031801E-01
1.787500E+02 1.009624E-01
1.790000E+02 9.904839E-02
1.792500E+02 9.683860E-02
1.795000E+02 9.474101E-02
1.797500E+02 9.284494E-02
1.800000E+02 9.093240E-02
1.802500E+02 8.918494E-02
1.805000E+02 8.739079E-02
1.807500E+02 8.566949E-02
1.810000E+02 8.370471E-02
1.812500E+02 8.201914E-02
1.815000E+02 8.022238E-02
1.817500E+02 7.856607E-02
1.820000E+02 7.698786E-02
1.822500E+02 7.543292E-02
1.825000E+02 7.380588E-02
1.827500E+02 7.240974E-02
1.830000E+02 7.075093E-02
1.832500E+02 6.935844E-02
1.835000E+02 6.782946E-02
1.837500E+02 6.648929E-02
1.840000E+02 6.499571E-02
1.842500E+02 6.356897E-02
1.845000E+02 6.222342E-02
1.847500E+02 6.097247E-02
1.850000E+02 5.955807E-02
1.852500E+02 5.829735E-02
1.855000E+02 5.715177E-02
1.857500E+02 5.590172E-02
1.860000E+02 5.465410E-02
1.862500E+02 5.350350E-02
1.865000E+02 5.239154E-02
1.867500E+02 5.111883E-02
1.870000E+02 4.996323E-02
1.872500E+02 4.890437E-02
1.875000E+02 4.780832E-02
1.877500E+02 4.672501E-02
1.880000E+02 4.568229E-02
1.882500E+02 4.457068E-02
1.885000E+02 4.353103E-02
1.887500E+02 4.260402E-02
1.890000E+02 4.165299E-02
1.892500E+02 4.063127E-02
1.895000E+02 3.972935E-02
1.897500E+02 3.881194E-02
1.900000E+02 3.787001E-02
1.902500E+02 3.698452E-02
1.905000E+02 3.606222E-02
1.907500E+02 3.530947E-02
1.910000E+02 3.439721E-02
1.912500E+02 3.346477E-02
1.915000E+02 3.264989E-02
1.917500E+02 3.186551E-02
1.920000E+02 3.113310E-02
1.922500E+02 3.037355E-02
1.925000E+02 2.956780E-02
1.927500E+02 2.882957E-02
1.930000E+02 2.804227E-02
1.932500E+02 2.733538E-02
1.935000E+02 2.660727E-02
1.937500E+02 2.588456E-02
1.940000E+02 2.519749E-02
1.942500E+02 2.447647E-02
1.945000E+02 2.389148E-02
1.947500E+02 2.325500E-02
1.950000E+02 2.251842E-02
1.952500E+02 2.191374E-02
1.955000E+02 2.134000E-02
1.957500E+02 2.080628E-02
1.960000E+02 2.012622E-02
1.962500E+02 1.955979E-02
1.965000E+02 1.896090E-02
1.967500E+02 1.842354E-02
1.970000E+02 1.792464E-02
1.972500E+02 1.738799E-02
1.975000E+02 1.684496E-02
1.977500E+02 1.636854E-02
1.980000E+02 1.579002E-02
1.982500E+02 1.530479E-02
1.985000E+02 1.487402E-02
1.987500E+02 1.434393E-02
1.990000E+02 1.392554E-02
1.992500E+02 1.343822E-02
1.995000E+02 1.302855E-02
1.997500E+02 1.259170E-02
2.000000E+02 1.216527E-02
2.002500E+02 1.171900E-02
2.005000E+02 1.132018E-02
2.007500E+02 1.094773E-02
2.010000E+02 1.055194E-02
2.012500E+02 1.013825E-02
2.015000E+02 9.781105E-03
2.017500E+02 9.425611E-03
2.020000E+02 9.085413E-03
2.022500E+02 8.743859E-03
2.025000E+02 8.380231E-03
2.027500E+02 8.064088E-03
2.030000E+02 7.722964E-03
2.032500E+02 7.388703E-03
2.035000E+02 7.079648E-03
2.037500E+02 6.779930E-03
2.040000E+02 6.496872E-03
2.042500E+02 6.249607E-03
2.045000E+02 5.912135E-03
2.047500E+02 5.642740E-03
2.050000E+02 5.394871E-03
2.052500E+02 5.159657E-03
2.055000E+02 4.870144E-03
2.057500E+02 4.650176E-03
2.060000E+02 4.416555E-03
2.062500E+02 4.196597E-03
2.065000E+02 3.977139E-03
2.067500E+02 3.785601E-03
2.070000E+02 3.568085E-03
2.072500E+02 3.360914E-03
2.075000E+02 3.147421E-03
2.077500E+02 2.966881E-03
2.080000E+02 2.796733E-03
2.082500E+02 2.623346E-03
2.085000E+02 2.466221E-03
2.087500E+02 2.305481E-03
2.090000E+02 2.126163E-03
2.092500E+02 1.998428E-03
2.095000E+02 1.848092E-03
2.097500E+02 1.703031E-03
2.100000E+02 1.566202E-03
2.102500E+02 1.444833E-03
2.105000E+02 1.334077E-03
2.107500E+02 1.217856E-03
2.110000E+02 1.100394E-03
2.112500E+02 1.003752E-03
2.115000E+02 9.013351E-04
2.117500E+02 8.104128E-04
2.120000E+02 7.210838E-04
2.122500E+02 6.300451E-04
2.125000E+02 5.565778E-04
2.127500E+02 4.942842E-04
2.130000E+02 4.256629E-04
2.132500E+02 3.652775E-04
2.135000E+02 3.125153E-04
2.137500E+02 2.506947E-04
2.140000E+02 2.059491E-04
2.142500E+02 1.648006E-04
2.145000E+02 1.332003E-04
2.147500E+02 9.511781E-05
2.150000E+02 6.730820E-05
2.152500E+02 4.563989E-05
2.155000E+02 2.675954E-05
2.157500E+02 1.500038E-05
2.160000E+02 5.466735E-06
2.162500E+02 7.736316E-07
