2.500000E-01 0.000000E+00
5.000000E-01 0.000000E+00
7.500000E-01 0.000000E+00
1.000000E+00 0.000000E+00
1.250000E+00 0.000000E+00
1.500000E+00 0.000000E+00
1.750000E+00 0.000000E+00
2.000000E+00 0.000000E+00
2.250000E+00 0.000000E+00
2.500000E+00 0.000000E+00
2.750000E+00 0.000000E+00
3.000000E+00 0.000000E+00
3.250000E+00 0.000000E+00
3.500000E+00 4.681842E-03
3.750000E+00 4.396040E-01
4.000000E+00 4.076312E+00
4.250000E+00 1.005233E+01
4.500000E+00 1.241705E+01
4.750000E+00 1.112794E+01
5.000000E+00 8.819552E+00
5.250000E+00 6.757308E+00
5.500000E+00 5.203646E+00
5.750000E+00 4.201578E+00
6.000000E+00 3.566708E+00
6.250000E+00 3.200885E+00
6.500000E+00 2.884357E+00
6.750000E+00 2.553870E+00
7.000000E+00 2.229213E+00
7.250000E+00 1.956068E+00
7.500000E+00 1.757994E+00
7.750000E+00 1.632220E+00
8.000000E+00 1.570460E+00
8.250000E+00 1.553857E+00
8.500000E+00 1.551217E+00
8.750000E+00 1.536681E+00
9.000000E+00 1.495044E+00
9.250000E+00 1.440137E+00
9.500000E+00 1.381977E+00
9.750000E+00 1.323824E+00
1.000000E+01 1.279295E+00
1.025000E+01 1.238898E+00
1.050000E+01 1.207539E+00
1.075000E+01 1.181070E+00
1.100000E+01 1.157878E+00
1.125000E+01 1.137230E+00
1.150000E+01 1.117228E+00
1.175000E+01 1.101724E+00
1.200000E+01 1.087593E+00
1.225000E+01 1.078905E+00
1.250000E+01 1.070124E+00
1.275000E+01 1.065954E+00
1.300000E+01 1.062154E+00
1.325000E+01 1.056718E+00
1.350000E+01 1.053483E+00
1.375000E+01 1.049840E+00
1.400000E+01 1.046325E+00
1.425000E+01 1.042507E+00
1.450000E+01 1.037520E+00
1.475000E+01 1.036247E+00
1.500000E+01 1.032575E+00
1.525000E+01 1.030274E+00
1.550000E+01 1.029131E+00
1.575000E+01 1.026035E+00
1.600000E+01 1.025760E+00
1.625000E+01 1.023395E+00
1.650000E+01 1.022283E+00
1.675000E+01 1.021319E+00
1.700000E+01 1.019877E+00
1.725000E+01 1.018676E+00
1.750000E+01 1.017170E+00
1.775000E+01 1.017790E+00
1.800000E+01 1.016040E+00
1.825000E+01 1.016940E+00
1.850000E+01 1.016107E+00
1.875000E+01 1.016154E+00
1.900000E+01 1.014978E+00
1.925000E+01 1.013716E+00
1.950000E+01 1.014406E+00
1.975000E+01 1.013866E+00
2.000000E+01 1.013344E+00
2.025000E+01 1.012651E+00
2.050000E+01 1.012447E+00
2.075000E+01 1.012921E+00
2.100000E+01 1.012845E+00
2.125000E+01 1.011883E+00
2.150000E+01 1.011726E+00
2.175000E+01 1.011736E+00
2.200000E+01 1.011555E+00
2.225000E+01 1.011888E+00
2.250000E+01 1.010722E+00
2.275000E+01 1.011013E+00
2.300000E+01 1.011305E+00
2.325000E+01 1.010529E+00
2.350000E+01 1.010633E+00
2.375000E+01 1.009780E+00
2.400000E+01 1.009770E+00
2.425000E+01 1.010704E+00
2.450000E+01 1.010064E+00
2.475000E+01 1.009732E+00
2.500000E+01 1.010100E+00
2.525000E+01 1.009526E+00
2.550000E+01 1.009656E+00
2.575000E+01 1.010077E+00
2.600000E+01 1.009397E+00
2.625000E+01 1.009532E+00
2.650000E+01 1.009468E+00
2.675000E+01 1.009182E+00
2.700000E+01 1.008928E+00
2.725000E+01 1.008039E+00
2.750000E+01 1.008621E+00
2.775000E+01 1.009112E+00
2.800000E+01 1.008226E+00
2.825000E+01 1.008974E+00
2.850000E+01 1.008191E+00
2.875000E+01 1.007846E+00
2.900000E+01 1.008367E+00
2.925000E+01 1.008394E+00
2.950000E+01 1.008136E+00
2.975000E+01 1.007848E+00
3.000000E+01 1.008287E+00
3.025000E+01 1.007816E+00
3.050000E+01 1.006913E+00
3.075000E+01 1.007471E+00
3.100000E+01 1.007351E+00
3.125000E+01 1.007763E+00
3.150000E+01 1.006858E+00
3.175000E+01 1.006948E+00
3.200000E+01 1.007942E+00
3.225000E+01 1.007483E+00
3.250000E+01 1.007203E+00
3.275000E+01 1.006902E+00
3.300000E+01 1.007152E+00
3.325000E+01 1.007395E+00
3.350000E+01 1.006842E+00
3.375000E+01 1.006907E+00
3.400000E+01 1.006441E+00
3.425000E+01 1.006345E+00
3.450000E+01 1.006878E+00
3.475000E+01 1.006558E+00
3.500000E+01 1.006625E+00
3.525000E+01 1.006149E+00
3.550000E+01 1.006922E+00
3.575000E+01 1.006435E+00
3.600000E+01 1.006035E+00
3.625000E+01 1.006086E+00
3.650000E+01 1.005918E+00
3.675000E+01 1.006332E+00
3.700000E+01 1.006235E+00
3.725000E+01 1.006136E+00
3.750000E+01 1.006315E+00
3.775000E+01 1.005756E+00
3.800000E+01 1.006233E+00
3.825000E+01 1.005866E+00
3.850000E+01 1.005954E+00
3.875000E+01 1.006102E+00
3.900000E+01 1.005265E+00
3.925000E+01 1.006010E+00
3.950000E+01 1.005319E+00
3.975000E+01 1.005684E+00
4.000000E+01 1.005477E+00
4.025000E+01 1.005500E+00
4.050000E+01 1.005643E+00
4.075000E+01 1.005691E+00
4.100000E+01 1.005724E+00
4.125000E+01 1.005841E+00
4.150000E+01 1.005128E+00
4.175000E+01 1.005532E+00
4.200000E+01 1.005281E+00
4.225000E+01 1.005290E+00
4.250000E+01 1.005448E+00
4.275000E+01 1.005080E+00
4.300000E+01 1.005260E+00
4.325000E+01 1.005224E+00
4.350000E+01 1.005407E+00
4.375000E+01 1.005825E+00
4.400000E+01 1.005215E+00
4.425000E+01 1.005553E+00
4.450000E+01 1.005150E+00
4.475000E+01 1.005321E+00
4.500000E+01 1.004901E+00
4.525000E+01 1.004723E+00
4.550000E+01 1.004738E+00
4.575000E+01 1.005120E+00
4.600000E+01 1.004548E+00
4.625000E+01 1.004836E+00
4.650000E+01 1.004736E+00
4.675000E+01 1.004777E+00
4.700000E+01 1.004858E+00
4.725000E+01 1.004475E+00
4.750000E+01 1.004383E+00
4.775000E+01 1.004695E+00
4.800000E+01 1.004276E+00
4.825000E+01 1.004790E+00
4.850000E+01 1.004831E+00
4.875000E+01 1.005021E+00
4.900000E+01 1.004703E+00
4.925000E+01 1.004182E+00
4.950000E+01 1.004344E+00
4.975000E+01 1.004394E+00
5.000000E+01 1.004445E+00
5.025000E+01 1.004655E+00
5.050000E+01 1.004594E+00
5.075000E+01 1.004354E+00
5.100000E+01 1.004509E+00
5.125000E+01 1.004543E+00
5.150000E+01 1.004460E+00
5.175000E+01 1.004363E+00
5.200000E+01 1.004615E+00
5.225000E+01 1.004037E+00
5.250000E+01 1.004512E+00
5.275000E+01 1.004284E+00
5.300000E+01 1.004164E+00
5.325000E+01 1.004118E+00
5.350000E+01 1.004245E+00
5.375000E+01 1.004090E+00
5.400000E+01 1.004189E+00
5.425000E+01 1.003977E+00
5.450000E+01 1.004047E+00
5.475000E+01 1.004163E+00
5.500000E+01 1.004072E+00
5.525000E+01 1.003926E+00
5.550000E+01 1.004276E+00
5.575000E+01 1.003891E+00
5.600000E+01 1.003966E+00
5.625000E+01 1.004067E+00
5.650000E+01 1.003669E+00
5.675000E+01 1.004056E+00
5.700000E+01 1.003705E+00
5.725000E+01 1.003728E+00
5.750000E+01 1.003635E+00
5.775000E+01 1.003897E+00
5.800000E+01 1.003886E+00
5.825000E+01 1.004093E+00
5.850000E+01 1.004125E+00
5.875000E+01 1.003927E+00
5.900000E+01 1.003489E+00
5.925000E+01 1.003665E+00
5.950000E+01 1.003824E+00
5.975000E+01 1.003785E+00
6.000000E+01 1.003676E+00
6.025000E+01 1.003428E+00
6.050000E+01 1.003378E+00
6.075000E+01 1.003706E+00
6.100000E+01 1.003841E+00
6.125000E+01 1.003312E+00
6.150000E+01 1.003739E+00
6.175000E+01 1.003649E+00
6.200000E+01 1.003627E+00
6.225000E+01 1.003517E+00
6.250000E+01 1.003680E+00
6.275000E+01 1.003560E+00
6.300000E+01 1.003662E+00
6.325000E+01 1.003553E+00
6.350000E+01 1.003335E+00
6.375000E+01 1.003751E+00
6.400000E+01 1.003653E+00
6.425000E+01 1.003237E+00
6.450000E+01 1.003707E+00
6.475000E+01 1.003589E+00
6.500000E+01 1.003533E+00
6.525000E+01 1.003334E+00
6.550000E+01 1.003453E+00
6.575000E+01 1.003593E+00
6.600000E+01 1.003503E+00
6.625000E+01 1.003537E+00
6.650000E+01 1.003367E+00
6.675000E+01 1.003168E+00
6.700000E+01 1.003266E+00
6.725000E+01 1.003480E+00
6.750000E+01 1.003085E+00
6.775000E+01 1.003244E+00
6.800000E+01 1.003348E+00
6.825000E+01 1.003515E+00
6.850000E+01 1.003074E+00
6.875000E+01 1.003185E+00
6.900000E+01 1.003302E+00
6.925000E+01 1.003288E+00
6.950000E+01 1.003247E+00
6.975000E+01 1.003282E+00
7.000000E+01 1.003403E+00
7.025000E+01 1.003099E+00
7.050000E+01 1.003075E+00
7.075000E+01 1.003018E+00
7.100000E+01 1.003165E+00
7.125000E+01 1.003069E+00
7.150000E+01 1.003186E+00
7.175000E+01 1.003272E+00
7.200000E+01 1.002960E+00
7.225000E+01 1.003035E+00
7.250000E+01 1.002917E+00
7.275000E+01 1.003033E+00
7.300000E+01 1.003082E+00
7.325000E+01 1.002861E+00
7.350000E+01 1.003009E+00
7.375000E+01 1.002841E+00
7.400000E+01 1.002870E+00
7.425000E+01 1.002853E+00
7.450000E+01 1.003099E+00
7.475000E+01 1.002813E+00
7.500000E+01 1.002766E+00
7.525000E+01 1.002954E+00
7.550000E+01 1.003037E+00
7.575000E+01 1.002731E+00
7.600000E+01 1.002927E+00
7.625000E+01 1.002951E+00
7.650000E+01 1.002976E+00
7.675000E+01 1.002909E+00
7.700000E+01 1.002688E+00
7.725000E+01 1.002733E+00
7.750000E+01 1.002404E+00
7.775000E+01 1.002725E+00
7.800000E+01 1.002884E+00
7.825000E+01 1.002929E+00
7.850000E+01 1.002748E+00
7.875000E+01 1.002464E+00
7.900000E+01 1.002648E+00
7.925000E+01 1.002651E+00
7.950000E+01 1.002901E+00
7.975000E+01 1.002683E+00
8.000000E+01 1.002582E+00
8.025000E+01 1.002604E+00
8.050000E+01 1.002763E+00
8.075000E+01 1.002548E+00
8.100000E+01 1.002451E+00
8.125000E+01 1.002713E+00
8.150000E+01 1.002642E+00
8.175000E+01 1.002812E+00
8.200000E+01 1.002637E+00
8.225000E+01 1.002547E+00
8.250000E+01 1.002575E+00
8.275000E+01 1.002733E+00
8.300000E+01 1.002859E+00
8.325000E+01 1.002612E+00
8.350000E+01 1.002495E+00
8.375000E+01 1.002844E+00
8.400000E+01 1.002642E+00
8.425000E+01 1.002311E+00
8.450000E+01 1.002568E+00
8.475000E+01 1.002477E+00
8.500000E+01 1.002520E+00
8.525000E+01 1.002541E+00
8.550000E+01 1.002650E+00
8.575000E+01 1.002730E+00
8.600000E+01 1.002412E+00
8.625000E+01 1.002527E+00
8.650000E+01 1.002449E+00
8.675000E+01 1.002614E+00
8.700000E+01 1.002341E+00
8.725000E+01 1.002549E+00
8.750000E+01 1.002364E+00
8.775000E+01 1.002282E+00
8.800000E+01 1.002407E+00
8.825000E+01 1.002260E+00
8.850000E+01 1.002399E+00
8.875000E+01 1.002547E+00
8.900000E+01 1.002684E+00
8.925000E+01 1.002588E+00
8.950000E+01 1.002159E+00
8.975000E+01 1.002364E+00
9.000000E+01 1.002469E+00
9.025000E+01 1.002176E+00
9.050000E+01 1.002473E+00
9.075000E+01 1.002387E+00
9.100000E+01 1.002305E+00
9.125000E+01 1.002311E+00
9.150000E+01 1.002238E+00
9.175000E+01 1.002541E+00
9.200000E+01 1.002288E+00
9.225000E+01 1.002432E+00
9.250000E+01 1.002096E+00
9.275000E+01 1.002378E+00
9.300000E+01 1.002170E+00
9.325000E+01 1.002270E+00
9.350000E+01 1.002430E+00
9.375000E+01 1.002310E+00
9.400000E+01 1.002346E+00
9.425000E+01 1.002161E+00
9.450000E+01 1.002458E+00
9.475000E+01 1.002038E+00
9.500000E+01 1.002203E+00
9.525000E+01 1.002062E+00
9.550000E+01 1.002147E+00
9.575000E+01 1.002037E+00
9.600000E+01 1.002464E+00
9.625000E+01 1.002085E+00
9.650000E+01 1.002160E+00
9.675000E+01 1.002199E+00
9.700000E+01 1.002030E+00
9.725000E+01 1.002366E+00
9.750000E+01 1.002152E+00
9.775000E+01 1.002063E+00
9.800000E+01 1.002147E+00
9.825000E+01 1.002286E+00
9.850000E+01 1.002001E+00
9.875000E+01 1.002238E+00
9.900000E+01 1.001927E+00
9.925000E+01 1.001880E+00
9.950000E+01 1.002168E+00
9.975000E+01 1.001874E+00
1.000000E+02 1.002038E+00
1.002500E+02 1.002041E+00
1.005000E+02 1.001993E+00
1.007500E+02 1.002071E+00
1.010000E+02 1.001807E+00
1.012500E+02 1.001948E+00
1.015000E+02 1.002175E+00
1.017500E+02 1.001948E+00
1.020000E+02 1.001995E+00
1.022500E+02 1.002046E+00
1.025000E+02 1.002015E+00
1.027500E+02 1.002017E+00
1.030000E+02 1.001803E+00
1.032500E+02 1.002028E+00
1.035000E+02 1.001959E+00
1.037500E+02 1.001830E+00
1.040000E+02 1.001992E+00
1.042500E+02 1.001774E+00
1.045000E+02 1.001813E+00
1.047500E+02 1.001805E+00
1.050000E+02 1.002011E+00
1.052500E+02 1.001956E+00
1.055000E+02 1.002033E+00
1.057500E+02 1.001909E+00
1.060000E+02 1.001954E+00
1.062500E+02 1.001946E+00
1.065000E+02 1.002020E+00
1.067500E+02 1.001697E+00
1.070000E+02 1.001919E+00
1.072500E+02 1.001925E+00
1.075000E+02 1.001842E+00
1.077500E+02 1.001804E+00
1.080000E+02 1.001779E+00
1.082500E+02 1.001813E+00
1.085000E+02 1.001914E+00
1.087500E+02 1.001895E+00
1.090000E+02 1.001907E+00
1.092500E+02 1.001866E+00
1.095000E+02 1.001627E+00
1.097500E+02 1.001779E+00
1.100000E+02 1.001709E+00
1.102500E+02 1.001878E+00
1.105000E+02 1.001924E+00
1.107500E+02 1.001699E+00
1.110000E+02 1.001695E+00
1.112500E+02 1.001821E+00
1.115000E+02 1.001599E+00
1.117500E+02 1.001657E+00
1.120000E+02 1.001878E+00
1.122500E+02 1.001712E+00
1.125000E+02 1.001809E+00
1.127500E+02 1.001572E+00
1.130000E+02 1.001786E+00
1.132500E+02 1.001648E+00
1.135000E+02 1.001702E+00
1.137500E+02 1.001789E+00
1.140000E+02 1.001731E+00
1.142500E+02 1.001656E+00
1.145000E+02 1.001815E+00
1.147500E+02 1.001678E+00
1.150000E+02 1.001585E+00
1.152500E+02 1.001783E+00
1.155000E+02 1.001726E+00
1.157500E+02 1.001745E+00
1.160000E+02 1.001621E+00
1.162500E+02 1.001665E+00
1.165000E+02 1.001757E+00
1.167500E+02 1.001791E+00
1.170000E+02 1.001666E+00
1.172500E+02 1.001709E+00
1.175000E+02 1.001607E+00
1.177500E+02 1.001657E+00
1.180000E+02 1.001677E+00
1.182500E+02 1.001696E+00
1.185000E+02 1.001697E+00
1.187500E+02 1.001628E+00
1.190000E+02 1.001597E+00
1.192500E+02 1.001675E+00
1.195000E+02 1.001710E+00
1.197500E+02 1.001551E+00
1.200000E+02 1.001512E+00
1.202500E+02 1.001812E+00
1.205000E+02 1.001745E+00
1.207500E+02 1.001699E+00
1.210000E+02 1.001607E+00
1.212500E+02 1.001568E+00
1.215000E+02 1.001544E+00
1.217500E+02 1.001718E+00
1.220000E+02 1.001570E+00
1.222500E+02 1.001780E+00
1.225000E+02 1.001567E+00
1.227500E+02 1.001527E+00
1.230000E+02 1.001584E+00
1.232500E+02 1.001478E+00
1.235000E+02 1.001754E+00
1.237500E+02 1.001537E+00
1.240000E+02 1.001564E+00
1.242500E+02 1.001531E+00
1.245000E+02 1.001684E+00
1.247500E+02 1.001455E+00
1.250000E+02 9.985392E-01
1.252500E+02 9.925257E-01
1.255000E+02 9.864289E-01
1.257500E+02 9.807277E-01
1.260000E+02 9.747646E-01
1.262500E+02 9.689207E-01
1.265000E+02 9.630119E-01
1.267500E+02 9.570619E-01
1.270000E+02 9.513038E-01
1.272500E+02 9.453917E-01
1.275000E+02 9.397666E-01
1.277500E+02 9.338691E-01
1.280000E+02 9.282858E-01
1.282500E+02 9.224805E-01
1.285000E+02 9.168280E-01
1.287500E+02 9.111305E-01
1.290000E+02 9.054857E-01
1.292500E+02 8.998526E-01
1.295000E+02 8.943284E-01
1.297500E+02 8.887101E-01
1.300000E+02 8.832030E-01
1.302500E+02 8.775291E-01
1.305000E+02 8.720988E-01
1.307500E+02 8.664359E-01
1.310000E+02 8.610175E-01
1.312500E+02 8.555667E-01
1.315000E+02 8.501570E-01
1.317500E+02 8.447895E-01
1.320000E+02 8.393409E-01
1.322500E+02 8.340691E-01
1.325000E+02 8.286617E-01
1.327500E+02 8.233761E-01
1.330000E+02 8.180784E-01
1.332500E+02 8.127200E-01
1.335000E+02 8.074504E-01
1.337500E+02 8.023013E-01
1.340000E+02 7.970768E-01
1.342500E+02 7.919461E-01
1.345000E+02 7.865714E-01
1.347500E+02 7.815469E-01
1.350000E+02 7.761914E-01
1.352500E+02 7.711613E-01
1.355000E+02 7.660375E-01
1.357500E+02 7.610198E-01
1.360000E+02 7.558406E-01
1.362500E+02 7.507241E-01
1.365000E+02 7.457484E-01
1.367500E+02 7.407278E-01
1.370000E+02 7.357383E-01
1.372500E+02 7.308334E-01
1.375000E+02 7.257923E-01
1.377500E+02 7.209562E-01
1.380000E+02 7.158118E-01
1.382500E+02 7.110449E-01
1.385000E+02 7.060729E-01
1.387500E+02 7.013147E-01
1.390000E+02 6.963368E-01
1.392500E+02 6.915832E-01
1.395000E+02 6.866776E-01
1.397500E+02 6.819500E-01
1.400000E+02 6.771096E-01
1.402500E+02 6.722136E-01
1.405000E+02 6.675322E-01
1.407500E+02 6.627618E-01
1.410000E+02 6.581436E-01
1.412500E+02 6.533576E-01
1.415000E+02 6.485964E-01
1.417500E+02 6.439655E-01
1.420000E+02 6.392616E-01
1.422500E+02 6.347393E-01
1.425000E+02 6.300408E-01
1.427500E+02 6.254398E-01
1.430000E+02 6.208915E-01
1.432500E+02 6.163977E-01
1.435000E+02 6.117817E-01
1.437500E+02 6.072284E-01
1.440000E+02 6.027852E-01
1.442500E+02 5.981837E-01
1.445000E+02 5.936184E-01
1.447500E+02 5.892287E-01
1.450000E+02 5.847539E-01
1.452500E+02 5.803674E-01
1.455000E+02 5.758912E-01
1.457500E+02 5.713624E-01
1.460000E+02 5.670018E-01
1.462500E+02 5.625631E-01
1.465000E+02 5.582374E-01
1.467500E+02 5.539495E-01
1.470000E+02 5.495959E-01
1.472500E+02 5.452098E-01
1.475000E+02 5.409033E-01
1.477500E+02 5.366811E-01
1.480000E+02 5.323139E-01
1.482500E+02 5.280502E-01
1.485000E+02 5.238833E-01
1.487500E+02 5.195957E-01
1.490000E+02 5.152359E-01
1.492500E+02 5.110532E-01
1.495000E+02 5.069029E-01
1.497500E+02 5.027036E-01
1.500000E+02 4.985454E-01
1.502500E+02 4.942948E-01
1.505000E+02 4.902089E-01
1.507500E+02 4.860883E-01
1.510000E+02 4.819499E-01
1.512500E+02 4.779041E-01
1.515000E+02 4.737530E-01
1.517500E+02 4.696433E-01
1.520000E+02 4.656438E-01
1.522500E+02 4.615933E-01
1.525000E+02 4.575230E-01
1.527500E+02 4.535213E-01
1.530000E+02 4.494529E-01
1.532500E+02 4.455440E-01
1.535000E+02 4.415265E-01
1.537500E+02 4.375191E-01
1.540000E+02 4.335924E-01
1.542500E+02 4.297015E-01
1.545000E+02 4.257228E-01
1.547500E+02 4.218316E-01
1.550000E+02 4.179203E-01
1.552500E+02 4.140684E-01
1.555000E+02 4.100948E-01
1.557500E+02 4.062514E-01
1.560000E+02 4.023678E-01
1.562500E+02 3.985455E-01
1.565000E+02 3.947106E-01
1.567500E+02 3.908987E-01
1.570000E+02 3.870475E-01
1.572500E+02 3.832649E-01
1.575000E+02 3.794969E-01
1.577500E+02 3.757552E-01
1.580000E+02 3.718994E-01
1.582500E+02 3.681745E-01
1.585000E+02 3.645071E-01
1.587500E+02 3.608313E-01
1.590000E+02 3.570342E-01
1.592500E+02 3.532916E-01
1.595000E+02 3.496045E-01
1.597500E+02 3.459458E-01
1.600000E+02 3.422725E-01
1.602500E+02 3.386400E-01
1.605000E+02 3.349834E-01
1.607500E+02 3.313196E-01
1.610000E+02 3.276914E-01
1.612500E+02 3.241572E-01
1.615000E+02 3.205438E-01
1.617500E+02 3.169218E-01
1.620000E+02 3.133741E-01
1.622500E+02 3.097296E-01
1.625000E+02 3.062407E-01
1.627500E+02 3.027470E-01
1.630000E+02 2.991315E-01
1.632500E+02 2.956500E-01
1.635000E+02 2.921433E-01
1.637500E+02 2.886559E-01
1.640000E+02 2.851504E-01
1.642500E+02 2.816422E-01
1.645000E+02 2.782354E-01
1.647500E+02 2.747340E-01
1.650000E+02 2.712226E-01
1.652500E+02 2.678535E-01
1.655000E+02 2.644222E-01
1.657500E+02 2.610575E-01
1.660000E+02 2.576589E-01
1.662500E+02 2.542769E-01
1.665000E+02 2.508028E-01
1.667500E+02 2.474491E-01
1.670000E+02 2.440597E-01
1.672500E+02 2.407511E-01
1.675000E+02 2.373929E-01
1.677500E+02 2.340209E-01
1.680000E+02 2.306971E-01
1.682500E+02 2.273938E-01
1.685000E+02 2.240987E-01
1.687500E+02 2.207654E-01
1.690000E+02 2.175190E-01
1.692500E+02 2.142205E-01
1.695000E+02 2.109327E-01
1.697500E+02 2.077366E-01
1.700000E+02 2.044823E-01
1.702500E+02 2.012048E-01
1.705000E+02 1.980261E-01
1.707500E+02 1.947910E-01
1.710000E+02 1.915749E-01
1.712500E+02 1.884007E-01
1.715000E+02 1.851606E-01
1.717500E+02 1.819703E-01
1.720000E+02 1.788637E-01
1.722500E+02 1.756211E-01
1.725000E+02 1.725054E-01
1.727500E+02 1.693508E-01
1.730000E+02 1.662377E-01
1.732500E+02 1.630580E-01
1.735000E+02 1.600527E-01
1.737500E+02 1.568896E-01
1.740000E+02 1.537763E-01
1.742500E+02 1.506663E-01
1.745000E+02 1.476159E-01
1.747500E+02 1.445518E-01
1.750000E+02 1.414739E-01
1.752500E+02 1.384261E-01
1.755000E+02 1.353566E-01
1.757500E+02 1.323341E-01
1.760000E+02 1.293021E-01
1.762500E+02 1.262804E-01
1.765000E+02 1.232633E-01
1.767500E+02 1.203276E-01
1.770000E+02 1.175959E-01
1.772500E+02 1.149870E-01
1.775000E+02 1.124971E-01
1.777500E+02 1.100676E-01
1.780000E+02 1.077489E-01
1.782500E+02 1.054620E-01
1.785000E+02 1.032516E-01
1.787500E+02 1.010992E-01
1.790000E+02 9.899568E-02
1.792500E+02 9.693472E-02
1.795000E+02 9.494260E-02
1.797500E+02 9.295071E-02
1.800000E+02 9.102850E-02
1.802500E+02 8.917645E-02
1.805000E+02 8.734392E-02
1.807500E+02 8.555566E-02
1.810000E+02 8.378842E-02
1.812500E+02 8.204391E-02
1.815000E+02 8.036503E-02
1.817500E+02 7.868223E-02
1.820000E+02 7.706290E-02
1.822500E+02 7.548504E-02
1.825000E+02 7.387452E-02
1.827500E+02 7.230962E-02
1.830000E+02 7.082832E-02
1.832500E+02 6.934298E-02
1.835000E+02 6.790033E-02
1.837500E+02 6.647770E-02
1.840000E+02 6.505614E-02
1.842500E+02 6.368294E-02
1.845000E+02 6.232371E-02
1.847500E+02 6.097936E-02
1.850000E+02 5.968996E-02
1.852500E+02 5.840346E-02
1.855000E+02 5.713387E-02
1.857500E+02 5.594108E-02
1.860000E+02 5.470677E-02
1.862500E+02 5.351676E-02
1.865000E+02 5.231262E-02
1.867500E+02 5.116886E-02
1.870000E+02 5.003939E-02
1.872500E+02 4.891896E-02
1.875000E+02 4.785681E-02
1.877500E+02 4.676066E-02
1.880000E+02 4.569070E-02
1.882500E+02 4.467182E-02
1.885000E+02 4.365060E-02
1.887500E+02 4.263743E-02
1.890000E+02 4.165708E-02
1.892500E+02 4.070028E-02
1.895000E+02 3.975617E-02
1.897500E+02 3.881147E-02
1.900000E+02 3.790041E-02
1.902500E+02 3.700154E-02
1.905000E+02 3.611445E-02
1.907500E+02 3.524170E-02
1.910000E+02 3.438432E-02
1.912500E+02 3.354624E-02
1.915000E+02 3.271135E-02
1.917500E+02 3.192149E-02
1.920000E+02 3.111320E-02
1.922500E+02 3.033029E-02
1.925000E+02 2.956230E-02
1.927500E+02 2.880947E-02
1.930000E+02 2.807735E-02
1.932500E+02 2.734899E-02
1.935000E+02 2.663738E-02
1.937500E+02 2.592765E-02
1.940000E+02 2.524858E-02
1.942500E+02 2.457318E-02
1.945000E+02 2.392130E-02
1.947500E+02 2.324676E-02
1.950000E+02 2.260601E-02
1.952500E+02 2.198865E-02
1.955000E+02 2.137496E-02
1.957500E+02 2.076774E-02
1.960000E+02 2.017307E-02
1.962500E+02 1.960312E-02
1.965000E+02 1.902465E-02
1.967500E+02 1.845046E-02
1.970000E+02 1.792152E-02
1.972500E+02 1.738829E-02
1.975000E+02 1.686742E-02
1.977500E+02 1.635600E-02
1.980000E+02 1.583070E-02
1.982500E+02 1.535245E-02
1.985000E+02 1.486443E-02
1.987500E+02 1.440654E-02
1.990000E+02 1.394175E-02
1.992500E+02 1.347287E-02
1.995000E+02 1.301507E-02
1.997500E+02 1.259131E-02
2.000000E+02 1.215859E-02
2.002500E+02 1.174184E-02
2.005000E+02 1.132329E-02
2.007500E+02 1.093766E-02
2.010000E+02 1.054104E-02
2.012500E+02 1.016938E-02
2.015000E+02 9.795301E-03
2.017500E+02 9.420842E-03
2.020000E+02 9.061308E-03
2.022500E+02 8.718336E-03
2.025000E+02 8.383513E-03
2.027500E+02 8.045084E-03
2.030000E+02 7.719814E-03
2.032500E+02 7.402927E-03
2.035000E+02 7.103108E-03
2.037500E+02 6.801102E-03
2.040000E+02 6.513904E-03
2.042500E+02 6.222198E-03
2.045000E+02 5.945096E-03
2.047500E+02 5.676160E-03
2.050000E+02 5.407913E-03
2.052500E+02 5.151053E-03
2.055000E+02 4.906483E-03
2.057500E+02 4.666175E-03
2.060000E+02 4.434775E-03
2.062500E+02 4.196930E-03
2.065000E+02 3.991150E-03
2.067500E+02 3.772992E-03
2.070000E+02 3.559351E-03
2.072500E+02 3.356472E-03
2.075000E+02 3.171353E-03
2.077500E+02 2.979444E-03
2.080000E+02 2.802817E-03
2.082500E+02 2.623342E-03
2.085000E+02 2.457739E-03
2.087500E+02 2.291623E-03
2.090000E+02 2.140719E-03
2.092500E+02 1.989592E-03
2.095000E+02 1.846159E-03
2.097500E+02 1.706734E-03
2.100000E+02 1.576891E-03
2.102500E+02 1.445777E-03
2.105000E+02 1.329072E-03
2.107500E+02 1.212190E-03
2.110000E+02 1.105161E-03
2.112500E+02 1.001283E-03
2.115000E+02 9.042738E-04
2.117500E+02 8.061217E-04
2.120000E+02 7.219414E-04
2.122500E+02 6.397777E-04
2.125000E+02 5.621325E-04
2.127500E+02 4.911088E-04
2.130000E+02 4.229426E-04
2.132500E+02 3.625997E-04
2.135000E+02 3.058613E-04
2.137500E+02 2.529955E-04
2.140000E+02 2.067210E-04
2.142500E+02 1.655957E-04
2.145000E+02 1.286675E-04
2.147500E+02 9.596087E-05
2.150000E+02 6.894302E-05
2.152500E+02 4.621776E-05
2.155000E+02 2.813080E-05
2.157500E+02 1.445198E-05
2.160000E+02 5.235221E-06
2.162500E+02 8.055922E-07
