2.500000E-01 0.000000E+00
5.000000E-01 0.000000E+00
7.500000E-01 0.000000E+00
1.000000E+00 0.000000E+00
1.250000E+00 0.000000E+00
1.500000E+00 0.000000E+00
1.750000E+00 0.000000E+00
2.000000E+00 0.000000E+00
2.250000E+00 0.000000E+00
2.500000E+00 0.000000E+00
2.750000E+00 0.000000E+00
3.000000E+00 0.000000E+00
3.250000E+00 0.000000E+00
3.500000E+00 5.999242E-02
3.750000E+00 4.954459E+00
4.000000E+00 3.694214E+01
4.250000E+00 7.381720E+01
4.500000E+00 7.436741E+01
4.750000E+00 5.519879E+01
5.000000E+00 3.675170E+01
5.250000E+00 2.406519E+01
5.500000E+00 1.596860E+01
5.750000E+00 1.121154E+01
6.000000E+00 8.410203E+00
6.250000E+00 6.817909E+00
6.500000E+00 5.439967E+00
6.750000E+00 4.429961E+00
7.000000E+00 3.595134E+00
7.250000E+00 2.942713E+00
7.500000E+00 2.519883E+00
7.750000E+00 2.326104E+00
8.000000E+00 2.340040E+00
8.250000E+00 2.483856E+00
8.500000E+00 2.635374E+00
8.750000E+00 2.559959E+00
9.000000E+00 2.332365E+00
9.250000E+00 2.073516E+00
9.500000E+00 1.808069E+00
9.750000E+00 1.616718E+00
1.000000E+01 1.484368E+00
1.025000E+01 1.374439E+00
1.050000E+01 1.294608E+00
1.075000E+01 1.259284E+00
1.100000E+01 1.194239E+00
1.125000E+01 1.130024E+00
1.150000E+01 1.128988E+00
1.175000E+01 1.105515E+00
1.200000E+01 1.087450E+00
1.225000E+01 1.087065E+00
1.250000E+01 1.097784E+00
1.275000E+01 1.084142E+00
1.300000E+01 1.082579E+00
1.325000E+01 1.076709E+00
1.350000E+01 1.056018E+00
1.375000E+01 1.043499E+00
1.400000E+01 1.062807E+00
1.425000E+01 1.041490E+00
1.450000E+01 1.033918E+00
1.475000E+01 1.039370E+00
1.500000E+01 1.026692E+00
1.525000E+01 1.028562E+00
1.550000E+01 1.033077E+00
1.575000E+01 1.024707E+00
1.600000E+01 1.022290E+00
1.625000E+01 1.020299E+00
1.650000E+01 1.019388E+00
1.675000E+01 1.012144E+00
1.700000E+01 1.014006E+00
1.725000E+01 1.017274E+00
1.750000E+01 1.021565E+00
1.775000E+01 1.020776E+00
1.800000E+01 1.015857E+00
1.825000E+01 1.018587E+00
1.850000E+01 1.013980E+00
1.875000E+01 1.016386E+00
1.900000E+01 1.016540E+00
1.925000E+01 1.013426E+00
1.950000E+01 1.020425E+00
1.975000E+01 1.015276E+00
2.000000E+01 1.012317E+00
2.025000E+01 1.011933E+00
2.050000E+01 1.010771E+00
2.075000E+01 1.009604E+00
2.100000E+01 1.010493E+00
2.125000E+01 1.015832E+00
2.150000E+01 1.010520E+00
2.175000E+01 1.008121E+00
2.200000E+01 1.014383E+00
2.225000E+01 1.007244E+00
2.250000E+01 1.021690E+00
2.275000E+01 1.003869E+00
2.300000E+01 1.009990E+00
2.325000E+01 1.005301E+00
2.350000E+01 1.013354E+00
2.375000E+01 1.009798E+00
2.400000E+01 1.010410E+00
2.425000E+01 1.012804E+00
2.450000E+01 1.010473E+00
2.475000E+01 1.011145E+00
2.500000E+01 1.005376E+00
2.525000E+01 1.012338E+00
2.550000E+01 1.013494E+00
2.575000E+01 1.003037E+00
2.600000E+01 1.005733E+00
2.625000E+01 1.013163E+00
2.650000E+01 1.011199E+00
2.675000E+01 1.005497E+00
2.700000E+01 1.011720E+00
2.725000E+01 1.006428E+00
2.750000E+01 1.007934E+00
2.775000E+01 1.014368E+00
2.800000E+01 1.006408E+00
2.825000E+01 1.009800E+00
2.850000E+01 1.011038E+00
2.875000E+01 1.000644E+00
2.900000E+01 1.008233E+00
2.925000E+01 1.008673E+00
2.950000E+01 1.006038E+00
2.975000E+01 1.007143E+00
3.000000E+01 1.005878E+00
3.025000E+01 1.003273E+00
3.050000E+01 1.005908E+00
3.075000E+01 1.005391E+00
3.100000E+01 1.002691E+00
3.125000E+01 1.002788E+00
3.150000E+01 1.007571E+00
3.175000E+01 1.006268E+00
3.200000E+01 1.012038E+00
3.225000E+01 1.004327E+00
3.250000E+01 1.006056E+00
3.275000E+01 1.008442E+00
3.300000E+01 1.004660E+00
3.325000E+01 1.006521E+00
3.350000E+01 1.007804E+00
3.375000E+01 1.011500E+00
3.400000E+01 1.004813E+00
3.425000E+01 1.004779E+00
3.450000E+01 1.007564E+00
3.475000E+01 1.005714E+00
3.500000E+01 1.009043E+00
3.525000E+01 1.008912E+00
3.550000E+01 1.008467E+00
3.575000E+01 1.002919E+00
3.600000E+01 1.004821E+00
3.625000E+01 1.003291E+00
3.650000E+01 1.004867E+00
3.675000E+01 1.001762E+00
3.700000E+01 1.003617E+00
3.725000E+01 1.007456E+00
3.750000E+01 1.007308E+00
3.775000E+01 1.006200E+00
3.800000E+01 1.007274E+00
3.825000E+01 1.008062E+00
3.850000E+01 1.009979E+00
3.875000E+01 1.007541E+00
3.900000E+01 1.006958E+00
3.925000E+01 1.006195E+00
3.950000E+01 1.007121E+00
3.975000E+01 1.007042E+00
4.000000E+01 1.005391E+00
4.025000E+01 1.003734E+00
4.050000E+01 1.005208E+00
4.075000E+01 1.006168E+00
4.100000E+01 1.004071E+00
4.125000E+01 1.005695E+00
4.150000E+01 1.007341E+00
4.175000E+01 1.006771E+00
4.200000E+01 1.005212E+00
4.225000E+01 1.005181E+00
4.250000E+01 1.004460E+00
4.275000E+01 1.006044E+00
4.300000E+01 1.004827E+00
4.325000E+01 1.005092E+00
4.350000E+01 1.005574E+00
4.375000E+01 1.007014E+00
4.400000E+01 1.003322E+00
4.425000E+01 1.002927E+00
4.450000E+01 1.007372E+00
4.475000E+01 1.004297E+00
4.500000E+01 1.006049E+00
4.525000E+01 1.005115E+00
4.550000E+01 1.002042E+00
4.575000E+01 1.009186E+00
4.600000E+01 1.002730E+00
4.625000E+01 1.001714E+00
4.650000E+01 1.002082E+00
4.675000E+01 1.004873E+00
4.700000E+01 1.004991E+00
4.725000E+01 1.005005E+00
4.750000E+01 1.003689E+00
4.775000E+01 1.000478E+00
4.800000E+01 1.003949E+00
4.825000E+01 1.003033E+00
4.850000E+01 1.000950E+00
4.875000E+01 1.003749E+00
4.900000E+01 1.002538E+00
4.925000E+01 1.001208E+00
4.950000E+01 1.005450E+00
4.975000E+01 1.004065E+00
5.000000E+01 1.005045E+00
5.025000E+01 1.004502E+00
5.050000E+01 1.003328E+00
5.075000E+01 1.004115E+00
5.100000E+01 1.002591E+00
5.125000E+01 1.003027E+00
5.150000E+01 1.003440E+00
5.175000E+01 1.002366E+00
5.200000E+01 1.001976E+00
5.225000E+01 1.001157E+00
5.250000E+01 1.004686E+00
5.275000E+01 1.005615E+00
5.300000E+01 1.002868E+00
5.325000E+01 1.003104E+00
5.350000E+01 1.001268E+00
5.375000E+01 1.002776E+00
5.400000E+01 1.002726E+00
5.425000E+01 1.005306E+00
5.450000E+01 1.003782E+00
5.475000E+01 1.003983E+00
5.500000E+01 9.999357E-01
5.525000E+01 1.003067E+00
5.550000E+01 1.001372E+00
5.575000E+01 1.003161E+00
5.600000E+01 1.001801E+00
5.625000E+01 1.005176E+00
5.650000E+01 1.001871E+00
5.675000E+01 1.004012E+00
5.700000E+01 1.002192E+00
5.725000E+01 1.002401E+00
5.750000E+01 1.002431E+00
5.775000E+01 1.003414E+00
5.800000E+01 1.002067E+00
5.825000E+01 1.004556E+00
5.850000E+01 1.002026E+00
5.875000E+01 1.004244E+00
5.900000E+01 9.998746E-01
5.925000E+01 9.998755E-01
5.950000E+01 1.003527E+00
5.975000E+01 1.001829E+00
6.000000E+01 1.002982E+00
6.025000E+01 1.003151E+00
6.050000E+01 1.007562E+00
6.075000E+01 1.002627E+00
6.100000E+01 1.000827E+00
6.125000E+01 9.991400E-01
6.150000E+01 1.001735E+00
6.175000E+01 1.002884E+00
6.200000E+01 1.002492E+00
6.225000E+01 1.002527E+00
6.250000E+01 1.001178E+00
6.275000E+01 1.000689E+00
6.300000E+01 1.000425E+00
6.325000E+01 1.003232E+00
6.350000E+01 1.002596E+00
6.375000E+01 1.002453E+00
6.400000E+01 1.002909E+00
6.425000E+01 1.002129E+00
6.450000E+01 1.000490E+00
6.475000E+01 1.003476E+00
6.500000E+01 1.001674E+00
6.525000E+01 1.004772E+00
6.550000E+01 1.002879E+00
6.575000E+01 1.002423E+00
6.600000E+01 1.001632E+00
6.625000E+01 1.000324E+00
6.650000E+01 1.001001E+00
6.675000E+01 1.002479E+00
6.700000E+01 1.002300E+00
6.725000E+01 1.002088E+00
6.750000E+01 1.002028E+00
6.775000E+01 1.001391E+00
6.800000E+01 1.003721E+00
6.825000E+01 1.001196E+00
6.850000E+01 1.000946E+00
6.875000E+01 1.001526E+00
6.900000E+01 1.002590E+00
6.925000E+01 1.000806E+00
6.950000E+01 1.002628E+00
6.975000E+01 1.003084E+00
7.000000E+01 1.002244E+00
7.025000E+01 1.002021E+00
7.050000E+01 1.001154E+00
7.075000E+01 1.001747E+00
7.100000E+01 1.001958E+00
7.125000E+01 1.001018E+00
7.150000E+01 1.002905E+00
7.175000E+01 1.002421E+00
7.200000E+01 1.003693E+00
7.225000E+01 9.999166E-01
7.250000E+01 1.001347E+00
7.275000E+01 1.001728E+00
7.300000E+01 1.001045E+00
7.325000E+01 1.002972E+00
7.350000E+01 1.002993E+00
7.375000E+01 1.001281E+00
7.400000E+01 1.000190E+00
7.425000E+01 1.003343E+00
7.450000E+01 1.000494E+00
7.475000E+01 9.998132E-01
7.500000E+01 1.001550E+00
7.525000E+01 9.998431E-01
7.550000E+01 1.002194E+00
7.575000E+01 1.002642E+00
7.600000E+01 1.002477E+00
7.625000E+01 1.002112E+00
7.650000E+01 1.002625E+00
7.675000E+01 1.001875E+00
7.700000E+01 1.000814E+00
7.725000E+01 1.002279E+00
7.750000E+01 1.002023E+00
7.775000E+01 1.000885E+00
7.800000E+01 1.002459E+00
7.825000E+01 9.997770E-01
7.850000E+01 1.002820E+00
7.875000E+01 1.001095E+00
7.900000E+01 1.000060E+00
7.925000E+01 1.003052E+00
7.950000E+01 1.001697E+00
7.975000E+01 1.001208E+00
8.000000E+01 1.001668E+00
8.025000E+01 1.000354E+00
8.050000E+01 1.001628E+00
8.075000E+01 1.001429E+00
8.100000E+01 1.000972E+00
8.125000E+01 1.002890E+00
8.150000E+01 1.000512E+00
8.175000E+01 1.003132E+00
8.200000E+01 1.001306E+00
8.225000E+01 1.000608E+00
8.250000E+01 1.000385E+00
8.275000E+01 1.001258E+00
8.300000E+01 1.000563E+00
8.325000E+01 1.000618E+00
8.350000E+01 1.001150E+00
8.375000E+01 9.996547E-01
8.400000E+01 1.000570E+00
8.425000E+01 1.001280E+00
8.450000E+01 1.001239E+00
8.475000E+01 1.001868E+00
8.500000E+01 1.000497E+00
8.525000E+01 1.001107E+00
8.550000E+01 1.001246E+00
8.575000E+01 1.000777E+00
8.600000E+01 9.994073E-01
8.625000E+01 1.000547E+00
8.650000E+01 1.000161E+00
8.675000E+01 9.995560E-01
8.700000E+01 9.999128E-01
8.725000E+01 9.999037E-01
8.750000E+01 1.000576E+00
8.775000E+01 1.000449E+00
8.800000E+01 1.001087E+00
8.825000E+01 1.002710E+00
8.850000E+01 1.000706E+00
8.875000E+01 1.000672E+00
8.900000E+01 1.002110E+00
8.925000E+01 1.001341E+00
8.950000E+01 1.000616E+00
8.975000E+01 1.001871E+00
9.000000E+01 1.001339E+00
9.025000E+01 1.002476E+00
9.050000E+01 1.001690E+00
9.075000E+01 1.001221E+00
9.100000E+01 9.992646E-01
9.125000E+01 1.001994E+00
9.150000E+01 1.001472E+00
9.175000E+01 1.002120E+00
9.200000E+01 1.001269E+00
9.225000E+01 1.001443E+00
9.250000E+01 1.001711E+00
9.275000E+01 1.001289E+00
9.300000E+01 1.002236E+00
9.325000E+01 1.000330E+00
9.350000E+01 1.003088E+00
9.375000E+01 1.002310E+00
9.400000E+01 1.000990E+00
9.425000E+01 1.000256E+00
9.450000E+01 1.002024E+00
9.475000E+01 1.002123E+00
9.500000E+01 1.000637E+00
9.525000E+01 1.000450E+00
9.550000E+01 1.002865E+00
9.575000E+01 1.002327E+00
9.600000E+01 1.000692E+00
9.625000E+01 1.000468E+00
9.650000E+01 1.001963E+00
9.675000E+01 9.996544E-01
9.700000E+01 1.002054E+00
9.725000E+01 1.001532E+00
9.750000E+01 1.000532E+00
9.775000E+01 1.001607E+00
9.800000E+01 1.000672E+00
9.825000E+01 1.001856E+00
9.850000E+01 1.002120E+00
9.875000E+01 1.000099E+00
9.900000E+01 1.001381E+00
9.925000E+01 1.001175E+00
9.950000E+01 1.000292E+00
9.975000E+01 1.002619E+00
1.000000E+02 1.001619E+00
1.002500E+02 1.001217E+00
1.005000E+02 1.001889E+00
1.007500E+02 1.000198E+00
1.010000E+02 9.992210E-01
1.012500E+02 1.001265E+00
1.015000E+02 9.999240E-01
1.017500E+02 1.001086E+00
1.020000E+02 1.000927E+00
1.022500E+02 1.000702E+00
1.025000E+02 1.000154E+00
1.027500E+02 1.000533E+00
1.030000E+02 1.001206E+00
1.032500E+02 1.002393E+00
1.035000E+02 1.002900E+00
1.037500E+02 1.000792E+00
1.040000E+02 1.000175E+00
1.042500E+02 1.000897E+00
1.045000E+02 1.000759E+00
1.047500E+02 1.000882E+00
1.050000E+02 1.000953E+00
1.052500E+02 1.001110E+00
1.055000E+02 1.002091E+00
1.057500E+02 9.994180E-01
1.060000E+02 1.001735E+00
1.062500E+02 1.001320E+00
1.065000E+02 9.998161E-01
1.067500E+02 1.000390E+00
1.070000E+02 1.002049E+00
1.072500E+02 1.001493E+00
1.075000E+02 1.000890E+00
1.077500E+02 1.001717E+00
1.080000E+02 1.001997E+00
1.082500E+02 1.000728E+00
1.085000E+02 1.000177E+00
1.087500E+02 1.000619E+00
1.090000E+02 1.000257E+00
1.092500E+02 1.000189E+00
1.095000E+02 1.001168E+00
1.097500E+02 1.000689E+00
1.100000E+02 1.000487E+00
1.102500E+02 1.000232E+00
1.105000E+02 9.996342E-01
1.107500E+02 1.001803E+00
1.110000E+02 1.000022E+00
1.112500E+02 1.000497E+00
1.115000E+02 9.999769E-01
1.117500E+02 1.000094E+00
1.120000E+02 1.000005E+00
1.122500E+02 1.001143E+00
1.125000E+02 1.000002E+00
1.127500E+02 1.000912E+00
1.130000E+02 1.001893E+00
1.132500E+02 9.998675E-01
1.135000E+02 9.992747E-01
1.137500E+02 9.997806E-01
1.140000E+02 1.000429E+00
1.142500E+02 1.000414E+00
1.145000E+02 1.000134E+00
1.147500E+02 9.999884E-01
1.150000E+02 1.000013E+00
1.152500E+02 1.000351E+00
1.155000E+02 9.997472E-01
1.157500E+02 9.993031E-01
1.160000E+02 1.000439E+00
1.162500E+02 1.001286E+00
1.165000E+02 1.000499E+00
1.167500E+02 1.001316E+00
1.170000E+02 9.996163E-01
1.172500E+02 1.000389E+00
1.175000E+02 1.000379E+00
1.177500E+02 1.000904E+00
1.180000E+02 9.997545E-01
1.182500E+02 1.001645E+00
1.185000E+02 9.996836E-01
1.187500E+02 1.000729E+00
1.190000E+02 1.000555E+00
1.192500E+02 9.998236E-01
1.195000E+02 1.001246E+00
1.197500E+02 1.001939E+00
1.200000E+02 1.000225E+00
1.202500E+02 1.001017E+00
1.205000E+02 1.000978E+00
1.207500E+02 1.000190E+00
1.210000E+02 1.001467E+00
1.212500E+02 9.995772E-01
1.215000E+02 1.002085E+00
1.217500E+02 1.001111E+00
1.220000E+02 1.000923E+00
1.222500E+02 1.000362E+00
1.225000E+02 1.000524E+00
1.227500E+02 1.001103E+00
1.230000E+02 1.000465E+00
1.232500E+02 9.987229E-01
1.235000E+02 9.993333E-01
1.237500E+02 1.000758E+00
1.240000E+02 1.000175E+00
1.242500E+02 1.000603E+00
1.245000E+02 1.000374E+00
1.247500E+02 1.000760E+00
1.250000E+02 9.972714E-01
1.252500E+02 9.913349E-01
1.255000E+02 9.849584E-01
1.257500E+02 9.801940E-01
1.260000E+02 9.750461E-01
1.262500E+02 9.673248E-01
1.265000E+02 9.606573E-01
1.267500E+02 9.554176E-01
1.270000E+02 9.492971E-01
1.272500E+02 9.449683E-01
1.275000E+02 9.389269E-01
1.277500E+02 9.322562E-01
1.280000E+02 9.265262E-01
1.282500E+02 9.213853E-01
1.285000E+02 9.146310E-01
1.287500E+02 9.107078E-01
1.290000E+02 9.040865E-01
1.292500E+02 9.000697E-01
1.295000E+02 8.926840E-01
1.297500E+02 8.882617E-01
1.300000E+02 8.824564E-01
1.302500E+02 8.766416E-01
1.305000E+02 8.714127E-01
1.307500E+02 8.650815E-01
1.310000E+02 8.603159E-01
1.312500E+02 8.550545E-01
1.315000E+02 8.498156E-01
1.317500E+02 8.424382E-01
1.320000E+02 8.381858E-01
1.322500E+02 8.332176E-01
1.325000E+02 8.278619E-01
1.327500E+02 8.228913E-01
1.330000E+02 8.171837E-01
1.332500E+02 8.111717E-01
1.335000E+02 8.068950E-01
1.337500E+02 8.004031E-01
1.340000E+02 7.960182E-01
1.342500E+02 7.901140E-01
1.345000E+02 7.840713E-01
1.347500E+02 7.797512E-01
1.350000E+02 7.754700E-01
1.352500E+02 7.702556E-01
1.355000E+02 7.645689E-01
1.357500E+02 7.592344E-01
1.360000E+02 7.546740E-01
1.362500E+02 7.495396E-01
1.365000E+02 7.439950E-01
1.367500E+02 7.395982E-01
1.370000E+02 7.347682E-01
1.372500E+02 7.294696E-01
1.375000E+02 7.250767E-01
1.377500E+02 7.203118E-01
1.380000E+02 7.155043E-01
1.382500E+02 7.103827E-01
1.385000E+02 7.043495E-01
1.387500E+02 7.000392E-01
1.390000E+02 6.952102E-01
1.392500E+02 6.898885E-01
1.395000E+02 6.856087E-01
1.397500E+02 6.808046E-01
1.400000E+02 6.757124E-01
1.402500E+02 6.705049E-01
1.405000E+02 6.657667E-01
1.407500E+02 6.608204E-01
1.410000E+02 6.568926E-01
1.412500E+02 6.520866E-01
1.415000E+02 6.477323E-01
1.417500E+02 6.423313E-01
1.420000E+02 6.376725E-01
1.422500E+02 6.342360E-01
1.425000E+02 6.295824E-01
1.427500E+02 6.241348E-01
1.430000E+02 6.199746E-01
1.432500E+02 6.157649E-01
1.435000E+02 6.104400E-01
1.437500E+02 6.056126E-01
1.440000E+02 6.012611E-01
1.442500E+02 5.961785E-01
1.445000E+02 5.922868E-01
1.447500E+02 5.879208E-01
1.450000E+02 5.835726E-01
1.452500E+02 5.797623E-01
1.455000E+02 5.753733E-01
1.457500E+02 5.699908E-01
1.460000E+02 5.666144E-01
1.462500E+02 5.612390E-01
1.465000E+02 5.568000E-01
1.467500E+02 5.528078E-01
1.470000E+02 5.483141E-01
1.472500E+02 5.443643E-01
1.475000E+02 5.400898E-01
1.477500E+02 5.356266E-01
1.480000E+02 5.315331E-01
1.482500E+02 5.267548E-01
1.485000E+02 5.228835E-01
1.487500E+02 5.188594E-01
1.490000E+02 5.146961E-01
1.492500E+02 5.108262E-01
1.495000E+02 5.059694E-01
1.497500E+02 5.020288E-01
1.500000E+02 4.966995E-01
1.502500E+02 4.939862E-01
1.505000E+02 4.891247E-01
1.507500E+02 4.855302E-01
1.510000E+02 4.812975E-01
1.512500E+02 4.772339E-01
1.515000E+02 4.732857E-01
1.517500E+02 4.687374E-01
1.520000E+02 4.648158E-01
1.522500E+02 4.608689E-01
1.525000E+02 4.564277E-01
1.527500E+02 4.526517E-01
1.530000E+02 4.485186E-01
1.532500E+02 4.445243E-01
1.535000E+02 4.412618E-01
1.537500E+02 4.370025E-01
1.540000E+02 4.325286E-01
1.542500E+02 4.288114E-01
1.545000E+02 4.255042E-01
1.547500E+02 4.210181E-01
1.550000E+02 4.174733E-01
1.552500E+02 4.134012E-01
1.555000E+02 4.095156E-01
1.557500E+02 4.059405E-01
1.560000E+02 4.018963E-01
1.562500E+02 3.975397E-01
1.565000E+02 3.944249E-01
1.567500E+02 3.897217E-01
1.570000E+02 3.857593E-01
1.572500E+02 3.822269E-01
1.575000E+02 3.788846E-01
1.577500E+02 3.757485E-01
1.580000E+02 3.713623E-01
1.582500E+02 3.673709E-01
1.585000E+02 3.641176E-01
1.587500E+02 3.601756E-01
1.590000E+02 3.560668E-01
1.592500E+02 3.527000E-01
1.595000E+02 3.498316E-01
1.597500E+02 3.453161E-01
1.600000E+02 3.411948E-01
1.602500E+02 3.377625E-01
1.605000E+02 3.343153E-01
1.607500E+02 3.304768E-01
1.610000E+02 3.272565E-01
1.612500E+02 3.236010E-01
1.615000E+02 3.201878E-01
1.617500E+02 3.163590E-01
1.620000E+02 3.128911E-01
1.622500E+02 3.094731E-01
1.625000E+02 3.057530E-01
1.627500E+02 3.023698E-01
1.630000E+02 2.990127E-01
1.632500E+02 2.953830E-01
1.635000E+02 2.913787E-01
1.637500E+02 2.885085E-01
1.640000E+02 2.846834E-01
1.642500E+02 2.810432E-01
1.645000E+02 2.784262E-01
1.647500E+02 2.738321E-01
1.650000E+02 2.708122E-01
1.652500E+02 2.673837E-01
1.655000E+02 2.640399E-01
1.657500E+02 2.604114E-01
1.660000E+02 2.570030E-01
1.662500E+02 2.537602E-01
1.665000E+02 2.507480E-01
1.667500E+02 2.476348E-01
1.670000E+02 2.437763E-01
1.672500E+02 2.403214E-01
1.675000E+02 2.372940E-01
1.677500E+02 2.333174E-01
1.680000E+02 2.298586E-01
1.682500E+02 2.274331E-01
1.685000E+02 2.239208E-01
1.687500E+02 2.199798E-01
1.690000E+02 2.174047E-01
1.692500E+02 2.135381E-01
1.695000E+02 2.105313E-01
1.697500E+02 2.074047E-01
1.700000E+02 2.038197E-01
1.702500E+02 2.011564E-01
1.705000E+02 1.975169E-01
1.707500E+02 1.942767E-01
1.710000E+02 1.913320E-01
1.712500E+02 1.879701E-01
1.715000E+02 1.845760E-01
1.717500E+02 1.817008E-01
1.720000E+02 1.788291E-01
1.722500E+02 1.756212E-01
1.725000E+02 1.722125E-01
1.727500E+02 1.691029E-01
1.730000E+02 1.656323E-01
1.732500E+02 1.626567E-01
1.735000E+02 1.597084E-01
1.737500E+02 1.565916E-01
1.740000E+02 1.533786E-01
1.742500E+02 1.503597E-01
1.745000E+02 1.471851E-01
1.747500E+02 1.441751E-01
1.750000E+02 1.409297E-01
1.752500E+02 1.380546E-01
1.755000E+02 1.351569E-01
1.757500E+02 1.320713E-01
1.760000E+02 1.289391E-01
1.762500E+02 1.260269E-01
1.765000E+02 1.231029E-01
1.767500E+02 1.197657E-01
1.770000E+02 1.170373E-01
1.772500E+02 1.148165E-01
1.775000E+02 1.123247E-01
1.777500E+02 1.097537E-01
1.780000E+02 1.075525E-01
1.782500E+02 1.053276E-01
1.785000E+02 1.029680E-01
1.787500E+02 1.005636E-01
1.790000E+02 9.875833E-02
1.792500E+02 9.672365E-02
1.795000E+02 9.456866E-02
1.797500E+02 9.243776E-02
1.800000E+02 9.090984E-02
1.802500E+02 8.887844E-02
1.805000E+02 8.699019E-02
1.807500E+02 8.534205E-02
1.810000E+02 8.349815E-02
1.812500E+02 8.189766E-02
1.815000E+02 8.011101E-02
1.817500E+02 7.861612E-02
1.820000E+02 7.706627E-02
1.822500E+02 7.533200E-02
1.825000E+02 7.362099E-02
1.827500E+02 7.229466E-02
1.830000E+02 7.031953E-02
1.832500E+02 6.916121E-02
1.835000E+02 6.780095E-02
1.837500E+02 6.653746E-02
1.840000E+02 6.510395E-02
1.842500E+02 6.339973E-02
1.845000E+02 6.219619E-02
1.847500E+02 6.074013E-02
1.850000E+02 5.957822E-02
1.852500E+02 5.842929E-02
1.855000E+02 5.701790E-02
1.857500E+02 5.560011E-02
1.860000E+02 5.464333E-02
1.862500E+02 5.328832E-02
1.865000E+02 5.207731E-02
1.867500E+02 5.113268E-02
1.870000E+02 4.972562E-02
1.872500E+02 4.852849E-02
1.875000E+02 4.776549E-02
1.877500E+02 4.682794E-02
1.880000E+02 4.562836E-02
1.882500E+02 4.469665E-02
1.885000E+02 4.362899E-02
1.887500E+02 4.254599E-02
1.890000E+02 4.164446E-02
1.892500E+02 4.057936E-02
1.895000E+02 3.969569E-02
1.897500E+02 3.882093E-02
1.900000E+02 3.778439E-02
1.902500E+02 3.681029E-02
1.905000E+02 3.595790E-02
1.907500E+02 3.509045E-02
1.910000E+02 3.416876E-02
1.912500E+02 3.331184E-02
1.915000E+02 3.266518E-02
1.917500E+02 3.193967E-02
1.920000E+02 3.103001E-02
1.922500E+02 3.015634E-02
1.925000E+02 2.968337E-02
1.927500E+02 2.869572E-02
1.930000E+02 2.807732E-02
1.932500E+02 2.734105E-02
1.935000E+02 2.647341E-02
1.937500E+02 2.581724E-02
1.940000E+02 2.525511E-02
1.942500E+02 2.448365E-02
1.945000E+02 2.387738E-02
1.947500E+02 2.317099E-02
1.950000E+02 2.252518E-02
1.952500E+02 2.196896E-02
1.955000E+02 2.133351E-02
1.957500E+02 2.067924E-02
1.960000E+02 2.021484E-02
1.962500E+02 1.949646E-02
1.965000E+02 1.896658E-02
1.967500E+02 1.831071E-02
1.970000E+02 1.789036E-02
1.972500E+02 1.727690E-02
1.975000E+02 1.686432E-02
1.977500E+02 1.621296E-02
1.980000E+02 1.584840E-02
1.982500E+02 1.532706E-02
1.985000E+02 1.475253E-02
1.987500E+02 1.427732E-02
1.990000E+02 1.386722E-02
1.992500E+02 1.341449E-02
1.995000E+02 1.302951E-02
1.997500E+02 1.255054E-02
2.000000E+02 1.206545E-02
2.002500E+02 1.176762E-02
2.005000E+02 1.127930E-02
2.007500E+02 1.080784E-02
2.010000E+02 1.052506E-02
2.012500E+02 1.018566E-02
2.015000E+02 9.772665E-03
2.017500E+02 9.318850E-03
2.020000E+02 8.997916E-03
2.022500E+02 8.647714E-03
2.025000E+02 8.332598E-03
2.027500E+02 8.002532E-03
2.030000E+02 7.688928E-03
2.032500E+02 7.394980E-03
2.035000E+02 7.035296E-03
2.037500E+02 6.773677E-03
2.040000E+02 6.387279E-03
2.042500E+02 6.245923E-03
2.045000E+02 5.902287E-03
2.047500E+02 5.667381E-03
2.050000E+02 5.349767E-03
2.052500E+02 5.118682E-03
2.055000E+02 4.843323E-03
2.057500E+02 4.645194E-03
2.060000E+02 4.383494E-03
2.062500E+02 4.174538E-03
2.065000E+02 3.937012E-03
2.067500E+02 3.779505E-03
2.070000E+02 3.508407E-03
2.072500E+02 3.321638E-03
2.075000E+02 3.165042E-03
2.077500E+02 2.954435E-03
2.080000E+02 2.760651E-03
2.082500E+02 2.616467E-03
2.085000E+02 2.449597E-03
2.087500E+02 2.273598E-03
2.090000E+02 2.141978E-03
2.092500E+02 1.944996E-03
2.095000E+02 1.825939E-03
2.097500E+02 1.692048E-03
2.100000E+02 1.536080E-03
2.102500E+02 1.457780E-03
2.105000E+02 1.320498E-03
2.107500E+02 1.202841E-03
2.110000E+02 1.081531E-03
2.112500E+02 1.014069E-03
2.115000E+02 9.219581E-04
2.117500E+02 7.984623E-04
2.120000E+02 7.292501E-04
2.122500E+02 6.446881E-04
2.125000E+02 5.732864E-04
2.127500E+02 4.799328E-04
2.130000E+02 4.141719E-04
2.132500E+02 3.537879E-04
2.135000E+02 2.979531E-04
2.137500E+02 2.504209E-04
2.140000E+02 2.083017E-04
2.142500E+02 1.560188E-04
2.145000E+02 1.268419E-04
2.147500E+02 9.420702E-05
2.150000E+02 6.577605E-05
2.152500E+02 4.602965E-05
2.155000E+02 2.963269E-05
2.157500E+02 1.207328E-05
2.160000E+02 4.169544E-06
2.162500E+02 4.622121E-07
