2.500000E-01 0.000000E+00
5.000000E-01 0.000000E+00
7.500000E-01 0.000000E+00
1.000000E+00 0.000000E+00
1.250000E+00 0.000000E+00
1.500000E+00 0.000000E+00
1.750000E+00 0.000000E+00
2.000000E+00 0.000000E+00
2.250000E+00 0.000000E+00
2.500000E+00 0.000000E+00
2.750000E+00 0.000000E+00
3.000000E+00 0.000000E+00
3.250000E+00 0.000000E+00
3.500000E+00 1.735075E-01
3.750000E+00 1.306706E+01
4.000000E+00 8.777727E+01
4.250000E+00 1.570905E+02
4.500000E+00 1.437550E+02
4.750000E+00 9.788255E+01
5.000000E+00 6.033904E+01
5.250000E+00 3.667824E+01
5.500000E+00 2.320573E+01
5.750000E+00 1.571376E+01
6.000000E+00 1.160020E+01
6.250000E+00 9.229004E+00
6.500000E+00 7.549958E+00
6.750000E+00 6.042451E+00
7.000000E+00 4.872031E+00
7.250000E+00 4.025737E+00
7.500000E+00 3.582248E+00
7.750000E+00 3.729971E+00
8.000000E+00 4.537444E+00
8.250000E+00 5.597568E+00
8.500000E+00 6.139533E+00
8.750000E+00 5.902689E+00
9.000000E+00 5.016617E+00
9.250000E+00 4.026448E+00
9.500000E+00 3.258004E+00
9.750000E+00 2.631875E+00
1.000000E+01 2.219636E+00
1.025000E+01 1.933144E+00
1.050000E+01 1.735794E+00
1.075000E+01 1.574697E+00
1.100000E+01 1.459513E+00
1.125000E+01 1.372481E+00
1.150000E+01 1.336066E+00
1.175000E+01 1.300535E+00
1.200000E+01 1.303099E+00
1.225000E+01 1.335053E+00
1.250000E+01 1.336920E+00
1.275000E+01 1.337704E+00
1.300000E+01 1.307212E+00
1.325000E+01 1.265859E+00
1.350000E+01 1.217591E+00
1.375000E+01 1.192619E+00
1.400000E+01 1.157023E+00
1.425000E+01 1.121181E+00
1.450000E+01 1.109137E+00
1.475000E+01 1.077057E+00
1.500000E+01 1.062173E+00
1.525000E+01 1.045819E+00
1.550000E+01 1.042734E+00
1.575000E+01 1.043935E+00
1.600000E+01 1.040077E+00
1.625000E+01 1.043410E+00
1.650000E+01 1.036378E+00
1.675000E+01 1.044912E+00
1.700000E+01 1.030186E+00
1.725000E+01 1.041511E+00
1.750000E+01 1.031964E+00
1.775000E+01 1.024229E+00
1.800000E+01 1.021260E+00
1.825000E+01 1.024904E+00
1.850000E+01 1.027348E+00
1.875000E+01 1.020752E+00
1.900000E+01 1.017498E+00
1.925000E+01 1.020328E+00
1.950000E+01 1.017526E+00
1.975000E+01 1.014094E+00
2.000000E+01 1.007903E+00
2.025000E+01 1.008771E+00
2.050000E+01 1.017765E+00
2.075000E+01 1.012147E+00
2.100000E+01 1.018335E+00
2.125000E+01 1.002414E+00
2.150000E+01 1.012047E+00
2.175000E+01 1.008578E+00
2.200000E+01 9.998387E-01
2.225000E+01 1.004625E+00
2.250000E+01 1.003017E+00
2.275000E+01 1.012027E+00
2.300000E+01 1.005604E+00
2.325000E+01 1.002035E+00
2.350000E+01 1.002838E+00
2.375000E+01 1.009440E+00
2.400000E+01 1.000678E+00
2.425000E+01 1.003578E+00
2.450000E+01 1.001134E+00
2.475000E+01 1.004065E+00
2.500000E+01 1.008177E+00
2.525000E+01 9.998051E-01
2.550000E+01 1.011089E+00
2.575000E+01 1.004048E+00
2.600000E+01 1.003847E+00
2.625000E+01 1.005436E+00
2.650000E+01 9.989800E-01
2.675000E+01 1.005829E+00
2.700000E+01 1.005049E+00
2.725000E+01 1.005244E+00
2.750000E+01 1.008115E+00
2.775000E+01 1.003468E+00
2.800000E+01 1.009771E+00
2.825000E+01 1.005195E+00
2.850000E+01 1.000438E+00
2.875000E+01 1.008071E+00
2.900000E+01 1.002810E+00
2.925000E+01 1.003014E+00
2.950000E+01 1.003844E+00
2.975000E+01 1.000940E+00
3.000000E+01 1.003556E+00
3.025000E+01 1.007997E+00
3.050000E+01 1.006977E+00
3.075000E+01 1.006862E+00
3.100000E+01 1.006229E+00
3.125000E+01 1.003091E+00
3.150000E+01 1.007498E+00
3.175000E+01 1.001329E+00
3.200000E+01 1.006916E+00
3.225000E+01 1.001521E+00
3.250000E+01 1.003444E+00
3.275000E+01 1.005211E+00
3.300000E+01 1.002067E+00
3.325000E+01 1.004038E+00
3.350000E+01 9.997721E-01
3.375000E+01 9.995448E-01
3.400000E+01 1.001080E+00
3.425000E+01 1.003440E+00
3.450000E+01 1.007195E+00
3.475000E+01 1.002116E+00
3.500000E+01 1.002956E+00
3.525000E+01 1.003160E+00
3.550000E+01 1.004151E+00
3.575000E+01 1.000213E+00
3.600000E+01 1.001636E+00
3.625000E+01 1.002014E+00
3.650000E+01 9.993075E-01
3.675000E+01 1.008399E+00
3.700000E+01 1.004265E+00
3.725000E+01 1.002934E+00
3.750000E+01 9.940325E-01
3.775000E+01 1.005047E+00
3.800000E+01 1.003552E+00
3.825000E+01 1.001877E+00
3.850000E+01 1.001026E+00
3.875000E+01 1.000862E+00
3.900000E+01 9.995442E-01
3.925000E+01 1.003730E+00
3.950000E+01 1.003598E+00
3.975000E+01 1.003399E+00
4.000000E+01 1.005364E+00
4.025000E+01 1.004276E+00
4.050000E+01 1.001251E+00
4.075000E+01 1.003104E+00
4.100000E+01 9.978736E-01
4.125000E+01 1.001384E+00
4.150000E+01 1.003546E+00
4.175000E+01 1.006258E+00
4.200000E+01 9.989710E-01
4.225000E+01 1.002441E+00
4.250000E+01 1.001101E+00
4.275000E+01 1.000252E+00
4.300000E+01 9.994258E-01
4.325000E+01 1.004187E+00
4.350000E+01 1.003769E+00
4.375000E+01 9.997682E-01
4.400000E+01 9.991353E-01
4.425000E+01 1.000576E+00
4.450000E+01 1.001303E+00
4.475000E+01 1.002253E+00
4.500000E+01 1.000982E+00
4.525000E+01 1.002648E+00
4.550000E+01 1.002985E+00
4.575000E+01 1.004015E+00
4.600000E+01 1.001038E+00
4.625000E+01 9.998854E-01
4.650000E+01 1.003471E+00
4.675000E+01 9.979861E-01
4.700000E+01 1.004277E+00
4.725000E+01 9.972305E-01
4.750000E+01 1.001096E+00
4.775000E+01 1.003704E+00
4.800000E+01 1.000550E+00
4.825000E+01 9.987624E-01
4.850000E+01 1.002300E+00
4.875000E+01 1.001533E+00
4.900000E+01 1.004201E+00
4.925000E+01 1.000475E+00
4.950000E+01 1.002456E+00
4.975000E+01 1.001556E+00
5.000000E+01 1.003872E+00
5.025000E+01 9.999083E-01
5.050000E+01 1.002893E+00
5.075000E+01 1.000151E+00
5.100000E+01 1.001211E+00
5.125000E+01 1.000931E+00
5.150000E+01 9.997830E-01
5.175000E+01 1.001309E+00
5.200000E+01 9.998817E-01
5.225000E+01 9.995442E-01
5.250000E+01 1.000187E+00
5.275000E+01 1.001460E+00
5.300000E+01 1.003394E+00
5.325000E+01 1.001806E+00
5.350000E+01 1.001265E+00
5.375000E+01 1.002083E+00
5.400000E+01 1.000406E+00
5.425000E+01 1.003541E+00
5.450000E+01 1.001873E+00
5.475000E+01 1.001351E+00
5.500000E+01 1.004728E+00
5.525000E+01 1.000941E+00
5.550000E+01 1.001885E+00
5.575000E+01 1.000187E+00
5.600000E+01 1.001284E+00
5.625000E+01 9.977322E-01
5.650000E+01 1.003336E+00
5.675000E+01 9.988530E-01
5.700000E+01 9.991094E-01
5.725000E+01 9.988439E-01
5.750000E+01 9.999422E-01
5.775000E+01 1.001025E+00
5.800000E+01 9.996984E-01
5.825000E+01 1.001621E+00
5.850000E+01 1.002203E+00
5.875000E+01 9.990484E-01
5.900000E+01 1.001110E+00
5.925000E+01 1.001714E+00
5.950000E+01 9.996538E-01
5.975000E+01 1.001112E+00
6.000000E+01 9.996718E-01
6.025000E+01 1.001968E+00
6.050000E+01 9.986354E-01
6.075000E+01 9.994877E-01
6.100000E+01 1.001040E+00
6.125000E+01 1.000492E+00
6.150000E+01 9.971654E-01
6.175000E+01 1.003190E+00
6.200000E+01 1.001255E+00
6.225000E+01 9.976726E-01
6.250000E+01 1.002486E+00
6.275000E+01 9.988320E-01
6.300000E+01 1.000536E+00
6.325000E+01 1.001581E+00
6.350000E+01 1.001399E+00
6.375000E+01 1.001383E+00
6.400000E+01 9.984620E-01
6.425000E+01 1.001436E+00
6.450000E+01 1.001834E+00
6.475000E+01 9.980692E-01
6.500000E+01 9.999460E-01
6.525000E+01 1.001851E+00
6.550000E+01 1.002343E+00
6.575000E+01 1.001808E+00
6.600000E+01 1.000135E+00
6.625000E+01 1.001941E+00
6.650000E+01 9.988325E-01
6.675000E+01 1.000909E+00
6.700000E+01 1.000579E+00
6.725000E+01 1.000181E+00
6.750000E+01 9.991448E-01
6.775000E+01 1.000903E+00
6.800000E+01 1.000446E+00
6.825000E+01 1.000874E+00
6.850000E+01 1.001312E+00
6.875000E+01 1.000576E+00
6.900000E+01 1.000391E+00
6.925000E+01 1.002487E+00
6.950000E+01 1.001122E+00
6.975000E+01 1.001075E+00
7.000000E+01 1.000518E+00
7.025000E+01 1.001410E+00
7.050000E+01 1.000633E+00
7.075000E+01 9.986998E-01
7.100000E+01 1.000458E+00
7.125000E+01 9.986409E-01
7.150000E+01 9.981766E-01
7.175000E+01 9.989359E-01
7.200000E+01 9.999734E-01
7.225000E+01 1.000389E+00
7.250000E+01 9.987006E-01
7.275000E+01 1.000756E+00
7.300000E+01 1.002821E+00
7.325000E+01 9.993947E-01
7.350000E+01 9.994575E-01
7.375000E+01 1.000857E+00
7.400000E+01 9.997240E-01
7.425000E+01 9.992632E-01
7.450000E+01 1.000432E+00
7.475000E+01 1.001744E+00
7.500000E+01 9.972987E-01
7.525000E+01 9.994474E-01
7.550000E+01 9.997471E-01
7.575000E+01 1.000022E+00
7.600000E+01 9.972087E-01
7.625000E+01 1.001242E+00
7.650000E+01 9.993504E-01
7.675000E+01 1.000038E+00
7.700000E+01 9.976911E-01
7.725000E+01 9.999672E-01
7.750000E+01 9.984156E-01
7.775000E+01 9.991136E-01
7.800000E+01 9.974007E-01
7.825000E+01 9.981802E-01
7.850000E+01 9.993423E-01
7.875000E+01 9.978265E-01
7.900000E+01 9.990136E-01
7.925000E+01 1.000035E+00
7.950000E+01 9.998486E-01
7.975000E+01 9.998635E-01
8.000000E+01 9.987498E-01
8.025000E+01 9.990793E-01
8.050000E+01 9.996702E-01
8.075000E+01 9.992091E-01
8.100000E+01 9.985096E-01
8.125000E+01 9.984338E-01
8.150000E+01 9.991451E-01
8.175000E+01 9.995843E-01
8.200000E+01 1.000217E+00
8.225000E+01 9.988320E-01
8.250000E+01 9.976571E-01
8.275000E+01 9.990877E-01
8.300000E+01 1.000278E+00
8.325000E+01 1.000174E+00
8.350000E+01 9.988882E-01
8.375000E+01 1.000107E+00
8.400000E+01 9.986381E-01
8.425000E+01 9.973895E-01
8.450000E+01 1.000011E+00
8.475000E+01 9.986741E-01
8.500000E+01 1.000716E+00
8.525000E+01 1.001196E+00
8.550000E+01 9.976918E-01
8.575000E+01 9.997629E-01
8.600000E+01 9.984400E-01
8.625000E+01 9.991727E-01
8.650000E+01 9.985091E-01
8.675000E+01 1.000577E+00
8.700000E+01 9.994883E-01
8.725000E+01 9.997560E-01
8.750000E+01 9.976781E-01
8.775000E+01 9.993673E-01
8.800000E+01 9.986227E-01
8.825000E+01 9.981442E-01
8.850000E+01 9.993865E-01
8.875000E+01 9.991675E-01
8.900000E+01 1.000129E+00
8.925000E+01 9.998338E-01
8.950000E+01 9.980032E-01
8.975000E+01 9.993053E-01
9.000000E+01 1.000575E+00
9.025000E+01 9.970658E-01
9.050000E+01 9.983543E-01
9.075000E+01 9.988619E-01
9.100000E+01 1.001027E+00
9.125000E+01 1.000233E+00
9.150000E+01 9.979905E-01
9.175000E+01 9.988971E-01
9.200000E+01 9.995094E-01
9.225000E+01 1.000214E+00
9.250000E+01 9.999562E-01
9.275000E+01 9.984481E-01
9.300000E+01 9.984438E-01
9.325000E+01 9.974292E-01
9.350000E+01 9.996518E-01
9.375000E+01 9.983975E-01
9.400000E+01 9.980965E-01
9.425000E+01 9.986030E-01
9.450000E+01 1.000130E+00
9.475000E+01 9.978241E-01
9.500000E+01 9.991096E-01
9.525000E+01 1.000209E+00
9.550000E+01 9.986915E-01
9.575000E+01 9.995070E-01
9.600000E+01 9.982060E-01
9.625000E+01 9.974938E-01
9.650000E+01 9.986432E-01
9.675000E+01 9.996351E-01
9.700000E+01 9.984472E-01
9.725000E+01 9.988665E-01
9.750000E+01 9.991576E-01
9.775000E+01 9.972701E-01
9.800000E+01 9.981639E-01
9.825000E+01 1.000430E+00
9.850000E+01 9.987956E-01
9.875000E+01 9.981823E-01
9.900000E+01 9.999657E-01
9.925000E+01 9.981432E-01
9.950000E+01 9.992570E-01
9.975000E+01 9.972719E-01
1.000000E+02 9.976321E-01
1.002500E+02 9.985219E-01
1.005000E+02 9.990766E-01
1.007500E+02 9.988923E-01
1.010000E+02 9.982562E-01
1.012500E+02 9.994190E-01
1.015000E+02 9.974629E-01
1.017500E+02 9.994961E-01
1.020000E+02 9.973990E-01
1.022500E+02 1.000686E+00
1.025000E+02 9.978395E-01
1.027500E+02 9.973935E-01
1.030000E+02 9.980492E-01
1.032500E+02 9.991538E-01
1.035000E+02 9.986637E-01
1.037500E+02 9.983118E-01
1.040000E+02 1.000497E+00
1.042500E+02 9.988395E-01
1.045000E+02 9.983091E-01
1.047500E+02 9.989872E-01
1.050000E+02 9.981686E-01
1.052500E+02 9.995761E-01
1.055000E+02 9.995330E-01
1.057500E+02 9.976733E-01
1.060000E+02 9.982054E-01
1.062500E+02 9.981099E-01
1.065000E+02 9.989287E-01
1.067500E+02 1.000501E+00
1.070000E+02 9.990059E-01
1.072500E+02 9.983565E-01
1.075000E+02 9.996539E-01
1.077500E+02 9.983164E-01
1.080000E+02 9.981159E-01
1.082500E+02 9.978052E-01
1.085000E+02 9.978429E-01
1.087500E+02 9.995713E-01
1.090000E+02 9.980599E-01
1.092500E+02 9.979741E-01
1.095000E+02 9.989224E-01
1.097500E+02 9.985064E-01
1.100000E+02 9.992879E-01
1.102500E+02 9.996122E-01
1.105000E+02 9.978487E-01
1.107500E+02 9.974114E-01
1.110000E+02 9.987929E-01
1.112500E+02 9.976441E-01
1.115000E+02 9.977949E-01
1.117500E+02 9.988079E-01
1.120000E+02 9.981287E-01
1.122500E+02 9.979734E-01
1.125000E+02 9.988645E-01
1.127500E+02 9.992086E-01
1.130000E+02 9.980288E-01
1.132500E+02 9.973142E-01
1.135000E+02 9.982434E-01
1.137500E+02 9.995323E-01
1.140000E+02 9.980798E-01
1.142500E+02 9.990167E-01
1.145000E+02 9.984906E-01
1.147500E+02 9.988054E-01
1.150000E+02 9.979886E-01
1.152500E+02 9.981474E-01
1.155000E+02 9.975415E-01
1.157500E+02 9.982270E-01
1.160000E+02 9.998826E-01
1.162500E+02 9.985189E-01
1.165000E+02 9.995870E-01
1.167500E+02 9.994168E-01
1.170000E+02 9.987010E-01
1.172500E+02 9.989035E-01
1.175000E+02 9.987472E-01
1.177500E+02 9.984528E-01
1.180000E+02 9.982782E-01
1.182500E+02 9.980910E-01
1.185000E+02 9.979857E-01
1.187500E+02 9.988765E-01
1.190000E+02 9.981905E-01
1.192500E+02 9.986542E-01
1.195000E+02 9.990114E-01
1.197500E+02 9.974848E-01
1.200000E+02 9.996218E-01
1.202500E+02 9.973342E-01
1.205000E+02 9.989447E-01
1.207500E+02 9.973989E-01
1.210000E+02 9.967092E-01
1.212500E+02 9.975336E-01
1.215000E+02 9.978312E-01
1.217500E+02 9.983765E-01
1.220000E+02 9.980469E-01
1.222500E+02 9.991068E-01
1.225000E+02 9.973265E-01
1.227500E+02 9.984283E-01
1.230000E+02 9.992704E-01
1.232500E+02 9.985308E-01
1.235000E+02 9.981656E-01
1.237500E+02 9.977598E-01
1.240000E+02 9.990052E-01
1.242500E+02 9.966109E-01
1.245000E+02 9.985451E-01
1.247500E+02 9.969812E-01
1.250000E+02 9.940417E-01
1.252500E+02 9.896893E-01
1.255000E+02 9.831126E-01
1.257500E+02 9.765307E-01
1.260000E+02 9.716011E-01
1.262500E+02 9.666300E-01
1.265000E+02 9.588343E-01
1.267500E+02 9.526689E-01
1.270000E+02 9.464342E-01
1.272500E+02 9.417446E-01
1.275000E+02 9.362463E-01
1.277500E+02 9.304020E-01
1.280000E+02 9.248626E-01
1.282500E+02 9.199239E-01
1.285000E+02 9.138233E-01
1.287500E+02 9.083059E-01
1.290000E+02 9.022520E-01
1.292500E+02 8.965952E-01
1.295000E+02 8.904950E-01
1.297500E+02 8.851999E-01
1.300000E+02 8.815360E-01
1.302500E+02 8.752800E-01
1.305000E+02 8.693599E-01
1.307500E+02 8.652260E-01
1.310000E+02 8.586113E-01
1.312500E+02 8.529599E-01
1.315000E+02 8.483586E-01
1.317500E+02 8.413113E-01
1.320000E+02 8.362142E-01
1.322500E+02 8.313420E-01
1.325000E+02 8.249419E-01
1.327500E+02 8.204840E-01
1.330000E+02 8.150986E-01
1.332500E+02 8.100420E-01
1.335000E+02 8.040287E-01
1.337500E+02 7.994406E-01
1.340000E+02 7.943875E-01
1.342500E+02 7.900764E-01
1.345000E+02 7.836519E-01
1.347500E+02 7.789120E-01
1.350000E+02 7.741816E-01
1.352500E+02 7.690118E-01
1.355000E+02 7.635526E-01
1.357500E+02 7.579790E-01
1.360000E+02 7.530493E-01
1.362500E+02 7.484347E-01
1.365000E+02 7.441191E-01
1.367500E+02 7.382219E-01
1.370000E+02 7.328998E-01
1.372500E+02 7.286619E-01
1.375000E+02 7.233477E-01
1.377500E+02 7.176227E-01
1.380000E+02 7.135589E-01
1.382500E+02 7.083795E-01
1.385000E+02 7.043855E-01
1.387500E+02 6.987439E-01
1.390000E+02 6.937984E-01
1.392500E+02 6.896318E-01
1.395000E+02 6.843976E-01
1.397500E+02 6.798649E-01
1.400000E+02 6.744964E-01
1.402500E+02 6.705987E-01
1.405000E+02 6.653897E-01
1.407500E+02 6.605029E-01
1.410000E+02 6.561725E-01
1.412500E+02 6.512835E-01
1.415000E+02 6.463076E-01
1.417500E+02 6.407908E-01
1.420000E+02 6.374167E-01
1.422500E+02 6.325347E-01
1.425000E+02 6.281671E-01
1.427500E+02 6.232781E-01
1.430000E+02 6.190733E-01
1.432500E+02 6.147997E-01
1.435000E+02 6.093491E-01
1.437500E+02 6.056485E-01
1.440000E+02 6.008128E-01
1.442500E+02 5.962242E-01
1.445000E+02 5.908962E-01
1.447500E+02 5.876880E-01
1.450000E+02 5.829454E-01
1.452500E+02 5.786035E-01
1.455000E+02 5.740600E-01
1.457500E+02 5.699376E-01
1.460000E+02 5.645218E-01
1.462500E+02 5.600031E-01
1.465000E+02 5.560671E-01
1.467500E+02 5.525151E-01
1.470000E+02 5.476182E-01
1.472500E+02 5.427992E-01
1.475000E+02 5.388592E-01
1.477500E+02 5.347737E-01
1.480000E+02 5.306134E-01
1.482500E+02 5.255484E-01
1.485000E+02 5.225388E-01
1.487500E+02 5.179984E-01
1.490000E+02 5.130179E-01
1.492500E+02 5.092339E-01
1.495000E+02 5.054152E-01
1.497500E+02 5.011244E-01
1.500000E+02 4.974460E-01
1.502500E+02 4.921813E-01
1.505000E+02 4.883107E-01
1.507500E+02 4.845511E-01
1.510000E+02 4.801044E-01
1.512500E+02 4.771810E-01
1.515000E+02 4.722812E-01
1.517500E+02 4.679733E-01
1.520000E+02 4.644612E-01
1.522500E+02 4.601416E-01
1.525000E+02 4.559760E-01
1.527500E+02 4.519806E-01
1.530000E+02 4.483380E-01
1.532500E+02 4.440249E-01
1.535000E+02 4.403469E-01
1.537500E+02 4.364938E-01
1.540000E+02 4.322053E-01
1.542500E+02 4.276044E-01
1.545000E+02 4.245401E-01
1.547500E+02 4.209185E-01
1.550000E+02 4.167029E-01
1.552500E+02 4.126796E-01
1.555000E+02 4.087704E-01
1.557500E+02 4.051300E-01
1.560000E+02 4.018521E-01
1.562500E+02 3.976822E-01
1.565000E+02 3.938648E-01
1.567500E+02 3.894314E-01
1.570000E+02 3.856877E-01
1.572500E+02 3.820183E-01
1.575000E+02 3.783379E-01
1.577500E+02 3.746776E-01
1.580000E+02 3.710477E-01
1.582500E+02 3.665562E-01
1.585000E+02 3.639954E-01
1.587500E+02 3.599950E-01
1.590000E+02 3.562019E-01
1.592500E+02 3.523892E-01
1.595000E+02 3.490052E-01
1.597500E+02 3.446475E-01
1.600000E+02 3.417183E-01
1.602500E+02 3.381837E-01
1.605000E+02 3.347116E-01
1.607500E+02 3.309773E-01
1.610000E+02 3.267390E-01
1.612500E+02 3.236248E-01
1.615000E+02 3.193082E-01
1.617500E+02 3.158308E-01
1.620000E+02 3.125496E-01
1.622500E+02 3.085215E-01
1.625000E+02 3.052155E-01
1.627500E+02 3.017442E-01
1.630000E+02 2.984497E-01
1.632500E+02 2.951356E-01
1.635000E+02 2.910302E-01
1.637500E+02 2.878913E-01
1.640000E+02 2.840684E-01
1.642500E+02 2.805555E-01
1.645000E+02 2.772440E-01
1.647500E+02 2.742292E-01
1.650000E+02 2.707410E-01
1.652500E+02 2.668442E-01
1.655000E+02 2.633476E-01
1.657500E+02 2.605224E-01
1.660000E+02 2.571777E-01
1.662500E+02 2.533595E-01
1.665000E+02 2.501409E-01
1.667500E+02 2.465882E-01
1.670000E+02 2.435859E-01
1.672500E+02 2.395288E-01
1.675000E+02 2.367242E-01
1.677500E+02 2.332621E-01
1.680000E+02 2.299602E-01
1.682500E+02 2.267723E-01
1.685000E+02 2.232613E-01
1.687500E+02 2.203396E-01
1.690000E+02 2.166951E-01
1.692500E+02 2.133042E-01
1.695000E+02 2.107053E-01
1.697500E+02 2.072697E-01
1.700000E+02 2.040116E-01
1.702500E+02 2.008098E-01
1.705000E+02 1.974869E-01
1.707500E+02 1.941297E-01
1.710000E+02 1.905482E-01
1.712500E+02 1.877669E-01
1.715000E+02 1.850644E-01
1.717500E+02 1.818960E-01
1.720000E+02 1.781302E-01
1.722500E+02 1.754702E-01
1.725000E+02 1.720421E-01
1.727500E+02 1.688875E-01
1.730000E+02 1.653330E-01
1.732500E+02 1.626325E-01
1.735000E+02 1.597570E-01
1.737500E+02 1.564453E-01
1.740000E+02 1.535038E-01
1.742500E+02 1.500835E-01
1.745000E+02 1.473091E-01
1.747500E+02 1.440732E-01
1.750000E+02 1.411215E-01
1.752500E+02 1.380410E-01
1.755000E+02 1.349394E-01
1.757500E+02 1.320510E-01
1.760000E+02 1.288473E-01
1.762500E+02 1.259798E-01
1.765000E+02 1.228203E-01
1.767500E+02 1.200395E-01
1.770000E+02 1.177396E-01
1.772500E+02 1.149722E-01
1.775000E+02 1.119234E-01
1.777500E+02 1.094262E-01
1.780000E+02 1.076882E-01
1.782500E+02 1.052634E-01
1.785000E+02 1.029397E-01
1.787500E+02 1.010485E-01
1.790000E+02 9.871515E-02
1.792500E+02 9.667387E-02
1.795000E+02 9.474777E-02
1.797500E+02 9.280525E-02
1.800000E+02 9.082245E-02
1.802500E+02 8.906805E-02
1.805000E+02 8.717330E-02
1.807500E+02 8.537954E-02
1.810000E+02 8.369322E-02
1.812500E+02 8.202267E-02
1.815000E+02 8.011845E-02
1.817500E+02 7.837641E-02
1.820000E+02 7.688160E-02
1.822500E+02 7.511920E-02
1.825000E+02 7.374387E-02
1.827500E+02 7.207029E-02
1.830000E+02 7.067516E-02
1.832500E+02 6.911422E-02
1.835000E+02 6.778640E-02
1.837500E+02 6.617555E-02
1.840000E+02 6.475728E-02
1.842500E+02 6.353386E-02
1.845000E+02 6.224995E-02
1.847500E+02 6.077876E-02
1.850000E+02 5.931655E-02
1.852500E+02 5.814859E-02
1.855000E+02 5.701141E-02
1.857500E+02 5.580831E-02
1.860000E+02 5.438696E-02
1.862500E+02 5.314044E-02
1.865000E+02 5.209119E-02
1.867500E+02 5.097650E-02
1.870000E+02 4.995926E-02
1.872500E+02 4.863411E-02
1.875000E+02 4.755830E-02
1.877500E+02 4.672472E-02
1.880000E+02 4.553724E-02
1.882500E+02 4.456693E-02
1.885000E+02 4.352091E-02
1.887500E+02 4.248371E-02
1.890000E+02 4.159686E-02
1.892500E+02 4.070388E-02
1.895000E+02 3.974464E-02
1.897500E+02 3.872728E-02
1.900000E+02 3.789635E-02
1.902500E+02 3.696356E-02
1.905000E+02 3.591244E-02
1.907500E+02 3.515699E-02
1.910000E+02 3.433900E-02
1.912500E+02 3.362328E-02
1.915000E+02 3.259760E-02
1.917500E+02 3.174901E-02
1.920000E+02 3.114043E-02
1.922500E+02 3.013217E-02
1.925000E+02 2.959295E-02
1.927500E+02 2.876728E-02
1.930000E+02 2.813303E-02
1.932500E+02 2.741340E-02
1.935000E+02 2.667507E-02
1.937500E+02 2.576542E-02
1.940000E+02 2.529015E-02
1.942500E+02 2.468166E-02
1.945000E+02 2.394899E-02
1.947500E+02 2.319227E-02
1.950000E+02 2.268131E-02
1.952500E+02 2.201923E-02
1.955000E+02 2.148376E-02
1.957500E+02 2.087460E-02
1.960000E+02 2.010325E-02
1.962500E+02 1.960664E-02
1.965000E+02 1.905390E-02
1.967500E+02 1.837306E-02
1.970000E+02 1.794532E-02
1.972500E+02 1.733820E-02
1.975000E+02 1.680632E-02
1.977500E+02 1.636257E-02
1.980000E+02 1.584785E-02
1.982500E+02 1.531001E-02
1.985000E+02 1.483481E-02
1.987500E+02 1.433933E-02
1.990000E+02 1.391762E-02
1.992500E+02 1.342919E-02
1.995000E+02 1.303150E-02
1.997500E+02 1.258304E-02
2.000000E+02 1.206058E-02
2.002500E+02 1.172019E-02
2.005000E+02 1.140637E-02
2.007500E+02 1.090617E-02
2.010000E+02 1.051079E-02
2.012500E+02 1.013745E-02
2.015000E+02 9.806381E-03
2.017500E+02 9.377795E-03
2.020000E+02 9.077904E-03
2.022500E+02 8.701965E-03
2.025000E+02 8.365454E-03
2.027500E+02 7.997800E-03
2.030000E+02 7.727218E-03
2.032500E+02 7.440501E-03
2.035000E+02 7.072528E-03
2.037500E+02 6.708941E-03
2.040000E+02 6.481808E-03
2.042500E+02 6.243850E-03
2.045000E+02 5.917620E-03
2.047500E+02 5.634040E-03
2.050000E+02 5.425717E-03
2.052500E+02 5.184528E-03
2.055000E+02 4.933406E-03
2.057500E+02 4.639918E-03
2.060000E+02 4.449710E-03
2.062500E+02 4.160650E-03
2.065000E+02 3.946643E-03
2.067500E+02 3.769223E-03
2.070000E+02 3.579029E-03
2.072500E+02 3.316773E-03
2.075000E+02 3.141447E-03
2.077500E+02 3.019874E-03
2.080000E+02 2.805616E-03
2.082500E+02 2.602345E-03
2.085000E+02 2.486722E-03
2.087500E+02 2.283518E-03
2.090000E+02 2.124164E-03
2.092500E+02 2.002754E-03
2.095000E+02 1.841862E-03
2.097500E+02 1.701383E-03
2.100000E+02 1.584930E-03
2.102500E+02 1.438547E-03
2.105000E+02 1.313668E-03
2.107500E+02 1.181591E-03
2.110000E+02 1.111470E-03
2.112500E+02 1.008741E-03
2.115000E+02 9.140657E-04
2.117500E+02 8.166202E-04
2.120000E+02 7.165856E-04
2.122500E+02 6.346124E-04
2.125000E+02 5.442471E-04
2.127500E+02 4.839124E-04
2.130000E+02 4.001968E-04
2.132500E+02 3.659874E-04
2.135000E+02 3.011144E-04
2.137500E+02 2.655597E-04
2.140000E+02 2.034245E-04
2.142500E+02 1.608846E-04
2.145000E+02 1.268419E-04
2.147500E+02 9.811278E-05
2.150000E+02 7.123141E-05
2.152500E+02 4.307504E-05
2.155000E+02 2.497834E-05
2.157500E+02 1.501421E-05
2.160000E+02 4.941682E-06
2.162500E+02 7.703535E-07
