2.500000E-01 0.000000E+00
5.000000E-01 0.000000E+00
7.500000E-01 0.000000E+00
1.000000E+00 0.000000E+00
1.250000E+00 0.000000E+00
1.500000E+00 0.000000E+00
1.750000E+00 0.000000E+00
2.000000E+00 0.000000E+00
2.250000E+00 0.000000E+00
2.500000E+00 0.000000E+00
2.750000E+00 0.000000E+00
3.000000E+00 0.000000E+00
3.250000E+00 0.000000E+00
3.500000E+00 4.872976E-03
3.750000E+00 5.425759E-01
4.000000E+00 5.201062E+00
4.250000E+00 1.280361E+01
4.500000E+00 1.582969E+01
4.750000E+00 1.423002E+01
5.000000E+00 1.111494E+01
5.250000E+00 8.457518E+00
5.500000E+00 6.442522E+00
5.750000E+00 5.060127E+00
6.000000E+00 4.196666E+00
6.250000E+00 3.650555E+00
6.500000E+00 3.200161E+00
6.750000E+00 2.776735E+00
7.000000E+00 2.383365E+00
7.250000E+00 2.036852E+00
7.500000E+00 1.800740E+00
7.750000E+00 1.631352E+00
8.000000E+00 1.523666E+00
8.250000E+00 1.441332E+00
8.500000E+00 1.378550E+00
8.750000E+00 1.332963E+00
9.000000E+00 1.282359E+00
9.250000E+00 1.233746E+00
9.500000E+00 1.187786E+00
9.750000E+00 1.156997E+00
1.000000E+01 1.121125E+00
1.025000E+01 1.111403E+00
1.050000E+01 1.095550E+00
1.075000E+01 1.078669E+00
1.100000E+01 1.071322E+00
1.125000E+01 1.060854E+00
1.150000E+01 1.051464E+00
1.175000E+01 1.046844E+00
1.200000E+01 1.039745E+00
1.225000E+01 1.033035E+00
1.250000E+01 1.035147E+00
1.275000E+01 1.029613E+00
1.300000E+01 1.023349E+00
1.325000E+01 1.029752E+00
1.350000E+01 1.024869E+00
1.375000E+01 1.024958E+00
1.400000E+01 1.023030E+00
1.425000E+01 1.020382E+00
1.450000E+01 1.017867E+00
1.475000E+01 1.021752E+00
1.500000E+01 1.014958E+00
1.525000E+01 1.017694E+00
1.550000E+01 1.016964E+00
1.575000E+01 1.016919E+00
1.600000E+01 1.016670E+00
1.625000E+01 1.018243E+00
1.650000E+01 1.011467E+00
1.675000E+01 1.017869E+00
1.700000E+01 1.013151E+00
1.725000E+01 1.015469E+00
1.750000E+01 1.015646E+00
1.775000E+01 1.013936E+00
1.800000E+01 1.015506E+00
1.825000E+01 1.014433E+00
1.850000E+01 1.010055E+00
1.875000E+01 1.014527E+00
1.900000E+01 1.014041E+00
1.925000E+01 1.008649E+00
1.950000E+01 1.011761E+00
1.975000E+01 1.011797E+00
2.000000E+01 1.008787E+00
2.025000E+01 1.012882E+00
2.050000E+01 1.014839E+00
2.075000E+01 1.013056E+00
2.100000E+01 1.010757E+00
2.125000E+01 1.011274E+00
2.150000E+01 1.011642E+00
2.175000E+01 1.010415E+00
2.200000E+01 1.010152E+00
2.225000E+01 1.010453E+00
2.250000E+01 1.010405E+00
2.275000E+01 1.011080E+00
2.300000E+01 1.010656E+00
2.325000E+01 1.005188E+00
2.350000E+01 1.009261E+00
2.375000E+01 1.007556E+00
2.400000E+01 1.011515E+00
2.425000E+01 1.008273E+00
2.450000E+01 1.009444E+00
2.475000E+01 1.006199E+00
2.500000E+01 1.008395E+00
2.525000E+01 1.008795E+00
2.550000E+01 1.006484E+00
2.575000E+01 1.010596E+00
2.600000E+01 1.009397E+00
2.625000E+01 1.009733E+00
2.650000E+01 1.010016E+00
2.675000E+01 1.009014E+00
2.700000E+01 1.005055E+00
2.725000E+01 1.008884E+00
2.750000E+01 1.008697E+00
2.775000E+01 1.010221E+00
2.800000E+01 1.007774E+00
2.825000E+01 1.007879E+00
2.850000E+01 1.007684E+00
2.875000E+01 1.010384E+00
2.900000E+01 1.011003E+00
2.925000E+01 1.008783E+00
2.950000E+01 1.009049E+00
2.975000E+01 1.008455E+00
3.000000E+01 1.007596E+00
3.025000E+01 1.009859E+00
3.050000E+01 1.007163E+00
3.075000E+01 1.006979E+00
3.100000E+01 1.006197E+00
3.125000E+01 1.006974E+00
3.150000E+01 1.009038E+00
3.175000E+01 1.006166E+00
3.200000E+01 1.008441E+00
3.225000E+01 1.008543E+00
3.250000E+01 1.007409E+00
3.275000E+01 1.008536E+00
3.300000E+01 1.007209E+00
3.325000E+01 1.007160E+00
3.350000E+01 1.007210E+00
3.375000E+01 1.005571E+00
3.400000E+01 1.004948E+00
3.425000E+01 1.006609E+00
3.450000E+01 1.008204E+00
3.475000E+01 1.007431E+00
3.500000E+01 1.005788E+00
3.525000E+01 1.004642E+00
3.550000E+01 1.005727E+00
3.575000E+01 1.005344E+00
3.600000E+01 1.005947E+00
3.625000E+01 1.007505E+00
3.650000E+01 1.004626E+00
3.675000E+01 1.005020E+00
3.700000E+01 1.006330E+00
3.725000E+01 1.007506E+00
3.750000E+01 1.006437E+00
3.775000E+01 1.007182E+00
3.800000E+01 1.006162E+00
3.825000E+01 1.007411E+00
3.850000E+01 1.006596E+00
3.875000E+01 1.008690E+00
3.900000E+01 1.005514E+00
3.925000E+01 1.004849E+00
3.950000E+01 1.005535E+00
3.975000E+01 1.006923E+00
4.000000E+01 1.005106E+00
4.025000E+01 1.005326E+00
4.050000E+01 1.005271E+00
4.075000E+01 1.005773E+00
4.100000E+01 1.005003E+00
4.125000E+01 1.005640E+00
4.150000E+01 1.002832E+00
4.175000E+01 1.006712E+00
4.200000E+01 1.004831E+00
4.225000E+01 1.004779E+00
4.250000E+01 1.006768E+00
4.275000E+01 1.004597E+00
4.300000E+01 1.005125E+00
4.325000E+01 1.005031E+00
4.350000E+01 1.005760E+00
4.375000E+01 1.006863E+00
4.400000E+01 1.004533E+00
4.425000E+01 1.003984E+00
4.450000E+01 1.005175E+00
4.475000E+01 1.006028E+00
4.500000E+01 1.007078E+00
4.525000E+01 1.006643E+00
4.550000E+01 1.004431E+00
4.575000E+01 1.006629E+00
4.600000E+01 1.003878E+00
4.625000E+01 1.004941E+00
4.650000E+01 1.003807E+00
4.675000E+01 1.004765E+00
4.700000E+01 1.004386E+00
4.725000E+01 1.005854E+00
4.750000E+01 1.004709E+00
4.775000E+01 1.005743E+00
4.800000E+01 1.005209E+00
4.825000E+01 1.004484E+00
4.850000E+01 1.004316E+00
4.875000E+01 1.004586E+00
4.900000E+01 1.005376E+00
4.925000E+01 1.004068E+00
4.950000E+01 1.003909E+00
4.975000E+01 1.005588E+00
5.000000E+01 1.005620E+00
5.025000E+01 1.005429E+00
5.050000E+01 1.005869E+00
5.075000E+01 1.003871E+00
5.100000E+01 1.004130E+00
5.125000E+01 1.005452E+00
5.150000E+01 1.005330E+00
5.175000E+01 1.005101E+00
5.200000E+01 1.003954E+00
5.225000E+01 1.005852E+00
5.250000E+01 1.004333E+00
5.275000E+01 1.005309E+00
5.300000E+01 1.004248E+00
5.325000E+01 1.004214E+00
5.350000E+01 1.005896E+00
5.375000E+01 1.005044E+00
5.400000E+01 1.003181E+00
5.425000E+01 1.004386E+00
5.450000E+01 1.003588E+00
5.475000E+01 1.003859E+00
5.500000E+01 1.003658E+00
5.525000E+01 1.003195E+00
5.550000E+01 1.003025E+00
5.575000E+01 1.003205E+00
5.600000E+01 1.005399E+00
5.625000E+01 1.002944E+00
5.650000E+01 1.005173E+00
5.675000E+01 1.003516E+00
5.700000E+01 1.001736E+00
5.725000E+01 1.003879E+00
5.750000E+01 1.004280E+00
5.775000E+01 1.004426E+00
5.800000E+01 1.004550E+00
5.825000E+01 1.003142E+00
5.850000E+01 1.004908E+00
5.875000E+01 1.004205E+00
5.900000E+01 1.004976E+00
5.925000E+01 1.004097E+00
5.950000E+01 1.004338E+00
5.975000E+01 1.003927E+00
6.000000E+01 1.003718E+00
6.025000E+01 1.003650E+00
6.050000E+01 1.003666E+00
6.075000E+01 1.004057E+00
6.100000E+01 1.003620E+00
6.125000E+01 1.003029E+00
6.150000E+01 1.003132E+00
6.175000E+01 1.002525E+00
6.200000E+01 1.003953E+00
6.225000E+01 1.003927E+00
6.250000E+01 1.003523E+00
6.275000E+01 1.003132E+00
6.300000E+01 1.003325E+00
6.325000E+01 1.004508E+00
6.350000E+01 1.003666E+00
6.375000E+01 1.003848E+00
6.400000E+01 1.003739E+00
6.425000E+01 1.002705E+00
6.450000E+01 1.003939E+00
6.475000E+01 1.004002E+00
6.500000E+01 1.003194E+00
6.525000E+01 1.003327E+00
6.550000E+01 1.005207E+00
6.575000E+01 1.003433E+00
6.600000E+01 1.002830E+00
6.625000E+01 1.003238E+00
6.650000E+01 1.003545E+00
6.675000E+01 1.002852E+00
6.700000E+01 1.003066E+00
6.725000E+01 1.003415E+00
6.750000E+01 1.001837E+00
6.775000E+01 1.003537E+00
6.800000E+01 1.003860E+00
6.825000E+01 1.002518E+00
6.850000E+01 1.003536E+00
6.875000E+01 1.002704E+00
6.900000E+01 1.002819E+00
6.925000E+01 1.002785E+00
6.950000E+01 1.002580E+00
6.975000E+01 1.001855E+00
7.000000E+01 1.003388E+00
7.025000E+01 1.003947E+00
7.050000E+01 1.003999E+00
7.075000E+01 1.004344E+00
7.100000E+01 1.003425E+00
7.125000E+01 1.004059E+00
7.150000E+01 1.003732E+00
7.175000E+01 1.003517E+00
7.200000E+01 1.002807E+00
7.225000E+01 1.002861E+00
7.250000E+01 1.003027E+00
7.275000E+01 1.002617E+00
7.300000E+01 1.003047E+00
7.325000E+01 1.002809E+00
7.350000E+01 1.003325E+00
7.375000E+01 1.002322E+00
7.400000E+01 1.002615E+00
7.425000E+01 1.003275E+00
7.450000E+01 1.003303E+00
7.475000E+01 1.003551E+00
7.500000E+01 1.003049E+00
7.525000E+01 1.003324E+00
7.550000E+01 1.003595E+00
7.575000E+01 1.003187E+00
7.600000E+01 1.002546E+00
7.625000E+01 1.002627E+00
7.650000E+01 1.002384E+00
7.675000E+01 1.003543E+00
7.700000E+01 1.002765E+00
7.725000E+01 1.002162E+00
7.750000E+01 1.001754E+00
7.775000E+01 1.004126E+00
7.800000E+01 1.002778E+00
7.825000E+01 1.003405E+00
7.850000E+01 1.002674E+00
7.875000E+01 1.001965E+00
7.900000E+01 1.002851E+00
7.925000E+01 1.002998E+00
7.950000E+01 1.002745E+00
7.975000E+01 1.003737E+00
8.000000E+01 1.002644E+00
8.025000E+01 1.001315E+00
8.050000E+01 1.003213E+00
8.075000E+01 1.002554E+00
8.100000E+01 1.002575E+00
8.125000E+01 1.002398E+00
8.150000E+01 1.002198E+00
8.175000E+01 1.001980E+00
8.200000E+01 1.002506E+00
8.225000E+01 1.002635E+00
8.250000E+01 1.002618E+00
8.275000E+01 1.002588E+00
8.300000E+01 1.002557E+00
8.325000E+01 1.002524E+00
8.350000E+01 1.002788E+00
8.375000E+01 1.001964E+00
8.400000E+01 1.003013E+00
8.425000E+01 1.003223E+00
8.450000E+01 1.002079E+00
8.475000E+01 1.002488E+00
8.500000E+01 1.002541E+00
8.525000E+01 1.002670E+00
8.550000E+01 1.002121E+00
8.575000E+01 1.001548E+00
8.600000E+01 1.003055E+00
8.625000E+01 1.002091E+00
8.650000E+01 1.002574E+00
8.675000E+01 1.001524E+00
8.700000E+01 1.002470E+00
8.725000E+01 1.003083E+00
8.750000E+01 1.001911E+00
8.775000E+01 1.001044E+00
8.800000E+01 1.002234E+00
8.825000E+01 1.002586E+00
8.850000E+01 1.003354E+00
8.875000E+01 1.002408E+00
8.900000E+01 1.001338E+00
8.925000E+01 1.001654E+00
8.950000E+01 1.003074E+00
8.975000E+01 1.002181E+00
9.000000E+01 1.002793E+00
9.025000E+01 1.001948E+00
9.050000E+01 1.002561E+00
9.075000E+01 1.002022E+00
9.100000E+01 1.002469E+00
9.125000E+01 1.002279E+00
9.150000E+01 1.002356E+00
9.175000E+01 1.002976E+00
9.200000E+01 1.001658E+00
9.225000E+01 1.002992E+00
9.250000E+01 1.002931E+00
9.275000E+01 1.002015E+00
9.300000E+01 1.002438E+00
9.325000E+01 1.002498E+00
9.350000E+01 1.002194E+00
9.375000E+01 1.002093E+00
9.400000E+01 1.002779E+00
9.425000E+01 1.002111E+00
9.450000E+01 1.002326E+00
9.475000E+01 1.001961E+00
9.500000E+01 1.002110E+00
9.525000E+01 1.002208E+00
9.550000E+01 1.002613E+00
9.575000E+01 1.002176E+00
9.600000E+01 1.001655E+00
9.625000E+01 1.002321E+00
9.650000E+01 1.001798E+00
9.675000E+01 1.002358E+00
9.700000E+01 1.001240E+00
9.725000E+01 1.002273E+00
9.750000E+01 1.002429E+00
9.775000E+01 1.001551E+00
9.800000E+01 1.001708E+00
9.825000E+01 1.001470E+00
9.850000E+01 1.002289E+00
9.875000E+01 1.002056E+00
9.900000E+01 1.001080E+00
9.925000E+01 1.001835E+00
9.950000E+01 1.001733E+00
9.975000E+01 1.002292E+00
1.000000E+02 1.001540E+00
1.002500E+02 1.001779E+00
1.005000E+02 1.002155E+00
1.007500E+02 1.001492E+00
1.010000E+02 1.000644E+00
1.012500E+02 1.001912E+00
1.015000E+02 1.001994E+00
1.017500E+02 1.001452E+00
1.020000E+02 1.000909E+00
1.022500E+02 1.001834E+00
1.025000E+02 1.002161E+00
1.027500E+02 1.001568E+00
1.030000E+02 1.002262E+00
1.032500E+02 1.002167E+00
1.035000E+02 1.001428E+00
1.037500E+02 1.002146E+00
1.040000E+02 1.001491E+00
1.042500E+02 1.001038E+00
1.045000E+02 1.002127E+00
1.047500E+02 1.001746E+00
1.050000E+02 1.001886E+00
1.052500E+02 1.001155E+00
1.055000E+02 1.001972E+00
1.057500E+02 1.001496E+00
1.060000E+02 1.001344E+00
1.062500E+02 1.001686E+00
1.065000E+02 1.001043E+00
1.067500E+02 1.002249E+00
1.070000E+02 1.001914E+00
1.072500E+02 1.001649E+00
1.075000E+02 1.001871E+00
1.077500E+02 1.001203E+00
1.080000E+02 1.001209E+00
1.082500E+02 1.001316E+00
1.085000E+02 1.001448E+00
1.087500E+02 1.001060E+00
1.090000E+02 1.001788E+00
1.092500E+02 1.001461E+00
1.095000E+02 1.001815E+00
1.097500E+02 1.001840E+00
1.100000E+02 1.001610E+00
1.102500E+02 1.000544E+00
1.105000E+02 1.001662E+00
1.107500E+02 1.001123E+00
1.110000E+02 1.001150E+00
1.112500E+02 1.001137E+00
1.115000E+02 1.001376E+00
1.117500E+02 1.001051E+00
1.120000E+02 1.001638E+00
1.122500E+02 1.001767E+00
1.125000E+02 1.001222E+00
1.127500E+02 1.001312E+00
1.130000E+02 1.001412E+00
1.132500E+02 1.001777E+00
1.135000E+02 1.001774E+00
1.137500E+02 1.001866E+00
1.140000E+02 1.001320E+00
1.142500E+02 1.001086E+00
1.145000E+02 1.001036E+00
1.147500E+02 1.001779E+00
1.150000E+02 1.001104E+00
1.152500E+02 1.001282E+00
1.155000E+02 1.001484E+00
1.157500E+02 1.001056E+00
1.160000E+02 1.002160E+00
1.162500E+02 1.001138E+00
1.165000E+02 1.000762E+00
1.167500E+02 1.000982E+00
1.170000E+02 1.000686E+00
1.172500E+02 1.001431E+00
1.175000E+02 1.001562E+00
1.177500E+02 1.001262E+00
1.180000E+02 1.001736E+00
1.182500E+02 1.001404E+00
1.185000E+02 1.001351E+00
1.187500E+02 1.002000E+00
1.190000E+02 1.001239E+00
1.192500E+02 1.001684E+00
1.195000E+02 1.001544E+00
1.197500E+02 1.001799E+00
1.200000E+02 1.002038E+00
1.202500E+02 1.000803E+00
1.205000E+02 1.001469E+00
1.207500E+02 1.001600E+00
1.210000E+02 1.001701E+00
1.212500E+02 1.001604E+00
1.215000E+02 1.000573E+00
1.217500E+02 1.001094E+00
1.220000E+02 1.001202E+00
1.222500E+02 1.000559E+00
1.225000E+02 1.001509E+00
1.227500E+02 1.001085E+00
1.230000E+02 1.001500E+00
1.232500E+02 1.001052E+00
1.235000E+02 1.001536E+00
1.237500E+02 1.000472E+00
1.240000E+02 1.001662E+00
1.242500E+02 1.001354E+00
1.245000E+02 1.001160E+00
1.247500E+02 1.001650E+00
1.250000E+02 9.982927E-01
1.252500E+02 9.923739E-01
1.255000E+02 9.864042E-01
1.257500E+02 9.807632E-01
1.260000E+02 9.746311E-01
1.262500E+02 9.685530E-01
1.265000E+02 9.630856E-01
1.267500E+02 9.572767E-01
1.270000E+02 9.509571E-01
1.272500E+02 9.450661E-01
1.275000E+02 9.394800E-01
1.277500E+02 9.336971E-01
1.280000E+02 9.284835E-01
1.282500E+02 9.226359E-01
1.285000E+02 9.159649E-01
1.287500E+02 9.112166E-01
1.290000E+02 9.049601E-01
1.292500E+02 8.993607E-01
1.295000E+02 8.938219E-01
1.297500E+02 8.883138E-01
1.300000E+02 8.831413E-01
1.302500E+02 8.775643E-01
1.305000E+02 8.717691E-01
1.307500E+02 8.664021E-01
1.310000E+02 8.607394E-01
1.312500E+02 8.548640E-01
1.315000E+02 8.502972E-01
1.317500E+02 8.446508E-01
1.320000E+02 8.397654E-01
1.322500E+02 8.338338E-01
1.325000E+02 8.286600E-01
1.327500E+02 8.237056E-01
1.330000E+02 8.176192E-01
1.332500E+02 8.125522E-01
1.335000E+02 8.072169E-01
1.337500E+02 8.021073E-01
1.340000E+02 7.969808E-01
1.342500E+02 7.920203E-01
1.345000E+02 7.869058E-01
1.347500E+02 7.812992E-01
1.350000E+02 7.762539E-01
1.352500E+02 7.710118E-01
1.355000E+02 7.659429E-01
1.357500E+02 7.610661E-01
1.360000E+02 7.557077E-01
1.362500E+02 7.508059E-01
1.365000E+02 7.460731E-01
1.367500E+02 7.408186E-01
1.370000E+02 7.357805E-01
1.372500E+02 7.303861E-01
1.375000E+02 7.258786E-01
1.377500E+02 7.209672E-01
1.380000E+02 7.158837E-01
1.382500E+02 7.107489E-01
1.385000E+02 7.059967E-01
1.387500E+02 7.012318E-01
1.390000E+02 6.961878E-01
1.392500E+02 6.917309E-01
1.395000E+02 6.866912E-01
1.397500E+02 6.818896E-01
1.400000E+02 6.768198E-01
1.402500E+02 6.722517E-01
1.405000E+02 6.674433E-01
1.407500E+02 6.629377E-01
1.410000E+02 6.580588E-01
1.412500E+02 6.532954E-01
1.415000E+02 6.484780E-01
1.417500E+02 6.440235E-01
1.420000E+02 6.394796E-01
1.422500E+02 6.350217E-01
1.425000E+02 6.302484E-01
1.427500E+02 6.252101E-01
1.430000E+02 6.209695E-01
1.432500E+02 6.160982E-01
1.435000E+02 6.118071E-01
1.437500E+02 6.074247E-01
1.440000E+02 6.024482E-01
1.442500E+02 5.982903E-01
1.445000E+02 5.937179E-01
1.447500E+02 5.890713E-01
1.450000E+02 5.846438E-01
1.452500E+02 5.801586E-01
1.455000E+02 5.756634E-01
1.457500E+02 5.716647E-01
1.460000E+02 5.671074E-01
1.462500E+02 5.626905E-01
1.465000E+02 5.586011E-01
1.467500E+02 5.538121E-01
1.470000E+02 5.498447E-01
1.472500E+02 5.454062E-01
1.475000E+02 5.409205E-01
1.477500E+02 5.368291E-01
1.480000E+02 5.327300E-01
1.482500E+02 5.278579E-01
1.485000E+02 5.239731E-01
1.487500E+02 5.194209E-01
1.490000E+02 5.155698E-01
1.492500E+02 5.114557E-01
1.495000E+02 5.069051E-01
1.497500E+02 5.028599E-01
1.500000E+02 4.985131E-01
1.502500E+02 4.948519E-01
1.505000E+02 4.902869E-01
1.507500E+02 4.861134E-01
1.510000E+02 4.819313E-01
1.512500E+02 4.781175E-01
1.515000E+02 4.736697E-01
1.517500E+02 4.701694E-01
1.520000E+02 4.653335E-01
1.522500E+02 4.617452E-01
1.525000E+02 4.576264E-01
1.527500E+02 4.535859E-01
1.530000E+02 4.495275E-01
1.532500E+02 4.457963E-01
1.535000E+02 4.412628E-01
1.537500E+02 4.375044E-01
1.540000E+02 4.335875E-01
1.542500E+02 4.299263E-01
1.545000E+02 4.257248E-01
1.547500E+02 4.218538E-01
1.550000E+02 4.180496E-01
1.552500E+02 4.141385E-01
1.555000E+02 4.101954E-01
1.557500E+02 4.064447E-01
1.560000E+02 4.024458E-01
1.562500E+02 3.985157E-01
1.565000E+02 3.948257E-01
1.567500E+02 3.907403E-01
1.570000E+02 3.873087E-01
1.572500E+02 3.835676E-01
1.575000E+02 3.794327E-01
1.577500E+02 3.756027E-01
1.580000E+02 3.721722E-01
1.582500E+02 3.683051E-01
1.585000E+02 3.646905E-01
1.587500E+02 3.604313E-01
1.590000E+02 3.570784E-01
1.592500E+02 3.533678E-01
1.595000E+02 3.497369E-01
1.597500E+02 3.461583E-01
1.600000E+02 3.424002E-01
1.602500E+02 3.388056E-01
1.605000E+02 3.351464E-01
1.607500E+02 3.314141E-01
1.610000E+02 3.277855E-01
1.612500E+02 3.240631E-01
1.615000E+02 3.207387E-01
1.617500E+02 3.171429E-01
1.620000E+02 3.137073E-01
1.622500E+02 3.101086E-01
1.625000E+02 3.062864E-01
1.627500E+02 3.028258E-01
1.630000E+02 2.994191E-01
1.632500E+02 2.957014E-01
1.635000E+02 2.921698E-01
1.637500E+02 2.889828E-01
1.640000E+02 2.853984E-01
1.642500E+02 2.816797E-01
1.645000E+02 2.782339E-01
1.647500E+02 2.745571E-01
1.650000E+02 2.712164E-01
1.652500E+02 2.679230E-01
1.655000E+02 2.646541E-01
1.657500E+02 2.611984E-01
1.660000E+02 2.575518E-01
1.662500E+02 2.542160E-01
1.665000E+02 2.509811E-01
1.667500E+02 2.476910E-01
1.670000E+02 2.443263E-01
1.672500E+02 2.407974E-01
1.675000E+02 2.374334E-01
1.677500E+02 2.340089E-01
1.680000E+02 2.305933E-01
1.682500E+02 2.276231E-01
1.685000E+02 2.239420E-01
1.687500E+02 2.208844E-01
1.690000E+02 2.176227E-01
1.692500E+02 2.143859E-01
1.695000E+02 2.111130E-01
1.697500E+02 2.076723E-01
1.700000E+02 2.043017E-01
1.702500E+02 2.012322E-01
1.705000E+02 1.981957E-01
1.707500E+02 1.948397E-01
1.710000E+02 1.916645E-01
1.712500E+02 1.882309E-01
1.715000E+02 1.853573E-01
1.717500E+02 1.822003E-01
1.720000E+02 1.788035E-01
1.722500E+02 1.756136E-01
1.725000E+02 1.726283E-01
1.727500E+02 1.695148E-01
1.730000E+02 1.664270E-01
1.732500E+02 1.631447E-01
1.735000E+02 1.600954E-01
1.737500E+02 1.570409E-01
1.740000E+02 1.538585E-01
1.742500E+02 1.507410E-01
1.745000E+02 1.476922E-01
1.747500E+02 1.445677E-01
1.750000E+02 1.413092E-01
1.752500E+02 1.384724E-01
1.755000E+02 1.353488E-01
1.757500E+02 1.324599E-01
1.760000E+02 1.293283E-01
1.762500E+02 1.262864E-01
1.765000E+02 1.231852E-01
1.767500E+02 1.203929E-01
1.770000E+02 1.175176E-01
1.772500E+02 1.151161E-01
1.775000E+02 1.124954E-01
1.777500E+02 1.101558E-01
1.780000E+02 1.077320E-01
1.782500E+02 1.054597E-01
1.785000E+02 1.032570E-01
1.787500E+02 1.010596E-01
1.790000E+02 9.909547E-02
1.792500E+02 9.697755E-02
1.795000E+02 9.503401E-02
1.797500E+02 9.302790E-02
1.800000E+02 9.113344E-02
1.802500E+02 8.919440E-02
1.805000E+02 8.737502E-02
1.807500E+02 8.547404E-02
1.810000E+02 8.387240E-02
1.812500E+02 8.215784E-02
1.815000E+02 8.049853E-02
1.817500E+02 7.870692E-02
1.820000E+02 7.710685E-02
1.822500E+02 7.545427E-02
1.825000E+02 7.392167E-02
1.827500E+02 7.223566E-02
1.830000E+02 7.077243E-02
1.832500E+02 6.935154E-02
1.835000E+02 6.796972E-02
1.837500E+02 6.640293E-02
1.840000E+02 6.510294E-02
1.842500E+02 6.368747E-02
1.845000E+02 6.243194E-02
1.847500E+02 6.101640E-02
1.850000E+02 5.982879E-02
1.852500E+02 5.836983E-02
1.855000E+02 5.719188E-02
1.857500E+02 5.604668E-02
1.860000E+02 5.466184E-02
1.862500E+02 5.359951E-02
1.865000E+02 5.238873E-02
1.867500E+02 5.121193E-02
1.870000E+02 5.020424E-02
1.872500E+02 4.903634E-02
1.875000E+02 4.784881E-02
1.877500E+02 4.674363E-02
1.880000E+02 4.576193E-02
1.882500E+02 4.466879E-02
1.885000E+02 4.370412E-02
1.887500E+02 4.266357E-02
1.890000E+02 4.169988E-02
1.892500E+02 4.079815E-02
1.895000E+02 3.977620E-02
1.897500E+02 3.882827E-02
1.900000E+02 3.791421E-02
1.902500E+02 3.697352E-02
1.905000E+02 3.613334E-02
1.907500E+02 3.525757E-02
1.910000E+02 3.441943E-02
1.912500E+02 3.356591E-02
1.915000E+02 3.276310E-02
1.917500E+02 3.189749E-02
1.920000E+02 3.111754E-02
1.922500E+02 3.037751E-02
1.925000E+02 2.962486E-02
1.927500E+02 2.884047E-02
1.930000E+02 2.810671E-02
1.932500E+02 2.734803E-02
1.935000E+02 2.672786E-02
1.937500E+02 2.595207E-02
1.940000E+02 2.519177E-02
1.942500E+02 2.456813E-02
1.945000E+02 2.392323E-02
1.947500E+02 2.327775E-02
1.950000E+02 2.263245E-02
1.952500E+02 2.202985E-02
1.955000E+02 2.141137E-02
1.957500E+02 2.079740E-02
1.960000E+02 2.020387E-02
1.962500E+02 1.963104E-02
1.965000E+02 1.902639E-02
1.967500E+02 1.845657E-02
1.970000E+02 1.790394E-02
1.972500E+02 1.739464E-02
1.975000E+02 1.685776E-02
1.977500E+02 1.635726E-02
1.980000E+02 1.583417E-02
1.982500E+02 1.539049E-02
1.985000E+02 1.486801E-02
1.987500E+02 1.436463E-02
1.990000E+02 1.393724E-02
1.992500E+02 1.343594E-02
1.995000E+02 1.301692E-02
1.997500E+02 1.260249E-02
2.000000E+02 1.219141E-02
2.002500E+02 1.177687E-02
2.005000E+02 1.133719E-02
2.007500E+02 1.095985E-02
2.010000E+02 1.058695E-02
2.012500E+02 1.016987E-02
2.015000E+02 9.770679E-03
2.017500E+02 9.474053E-03
2.020000E+02 9.090334E-03
2.022500E+02 8.729000E-03
2.025000E+02 8.351513E-03
2.027500E+02 8.038610E-03
2.030000E+02 7.712868E-03
2.032500E+02 7.386163E-03
2.035000E+02 7.051212E-03
2.037500E+02 6.809255E-03
2.040000E+02 6.493134E-03
2.042500E+02 6.217997E-03
2.045000E+02 5.946868E-03
2.047500E+02 5.678294E-03
2.050000E+02 5.408215E-03
2.052500E+02 5.149653E-03
2.055000E+02 4.889034E-03
2.057500E+02 4.664363E-03
2.060000E+02 4.435737E-03
2.062500E+02 4.201275E-03
2.065000E+02 3.998264E-03
2.067500E+02 3.778619E-03
2.070000E+02 3.565637E-03
2.072500E+02 3.360577E-03
2.075000E+02 3.167839E-03
2.077500E+02 2.976940E-03
2.080000E+02 2.794224E-03
2.082500E+02 2.633524E-03
2.085000E+02 2.449327E-03
2.087500E+02 2.309258E-03
2.090000E+02 2.121732E-03
2.092500E+02 1.998056E-03
2.095000E+02 1.856088E-03
2.097500E+02 1.714420E-03
2.100000E+02 1.581666E-03
2.102500E+02 1.445651E-03
2.105000E+02 1.329342E-03
2.107500E+02 1.214069E-03
2.110000E+02 1.106448E-03
2.112500E+02 9.960095E-04
2.115000E+02 9.073200E-04
2.117500E+02 8.202162E-04
2.120000E+02 7.269601E-04
2.122500E+02 6.374333E-04
2.125000E+02 5.628670E-04
2.127500E+02 4.868108E-04
2.130000E+02 4.229517E-04
2.132500E+02 3.693348E-04
2.135000E+02 3.124756E-04
2.137500E+02 2.574648E-04
2.140000E+02 2.066601E-04
2.142500E+02 1.663375E-04
2.145000E+02 1.287184E-04
2.147500E+02 9.535315E-05
2.150000E+02 6.918657E-05
2.152500E+02 4.786528E-05
2.155000E+02 2.746066E-05
2.157500E+02 1.511696E-05
2.160000E+02 5.272879E-06
2.162500E+02 5.802237E-07
