2.500000E-01 0.000000E+00
5.000000E-01 0.000000E+00
7.500000E-01 0.000000E+00
1.000000E+00 0.000000E+00
1.250000E+00 0.000000E+00
1.500000E+00 0.000000E+00
1.750000E+00 0.000000E+00
2.000000E+00 0.000000E+00
2.250000E+00 0.000000E+00
2.500000E+00 0.000000E+00
2.750000E+00 0.000000E+00
3.000000E+00 0.000000E+00
3.250000E+00 0.000000E+00
3.500000E+00 4.094317E-03
3.750000E+00 4.332705E-01
4.000000E+00 4.058200E+00
4.250000E+00 9.993627E+00
4.500000E+00 1.238125E+01
4.750000E+00 1.111657E+01
5.000000E+00 8.802071E+00
5.250000E+00 6.746010E+00
5.500000E+00 5.209089E+00
5.750000E+00 4.202550E+00
6.000000E+00 3.581883E+00
6.250000E+00 3.201141E+00
6.500000E+00 2.888467E+00
6.750000E+00 2.555107E+00
7.000000E+00 2.229071E+00
7.250000E+00 1.961385E+00
7.500000E+00 1.760885E+00
7.750000E+00 1.638526E+00
8.000000E+00 1.573676E+00
8.250000E+00 1.549551E+00
8.500000E+00 1.549062E+00
8.750000E+00 1.536755E+00
9.000000E+00 1.498246E+00
9.250000E+00 1.442064E+00
9.500000E+00 1.380759E+00
9.750000E+00 1.323286E+00
1.000000E+01 1.277185E+00
1.025000E+01 1.242759E+00
1.050000E+01 1.209421E+00
1.075000E+01 1.183124E+00
1.100000E+01 1.158779E+00
1.125000E+01 1.136590E+00
1.150000E+01 1.117185E+00
1.175000E+01 1.100216E+00
1.200000E+01 1.088142E+00
1.225000E+01 1.079587E+00
1.250000E+01 1.072732E+00
1.275000E+01 1.065776E+00
1.300000E+01 1.061655E+00
1.325000E+01 1.058239E+00
1.350000E+01 1.054868E+00
1.375000E+01 1.050408E+00
1.400000E+01 1.046618E+00
1.425000E+01 1.041516E+00
1.450000E+01 1.041011E+00
1.475000E+01 1.036945E+00
1.500000E+01 1.033438E+00
1.525000E+01 1.029848E+00
1.550000E+01 1.027533E+00
1.575000E+01 1.026062E+00
1.600000E+01 1.025449E+00
1.625000E+01 1.022261E+00
1.650000E+01 1.020938E+00
1.675000E+01 1.019724E+00
1.700000E+01 1.019146E+00
1.725000E+01 1.020168E+00
1.750000E+01 1.018815E+00
1.775000E+01 1.016960E+00
1.800000E+01 1.016297E+00
1.825000E+01 1.015377E+00
1.850000E+01 1.016575E+00
1.875000E+01 1.015972E+00
1.900000E+01 1.014505E+00
1.925000E+01 1.014180E+00
1.950000E+01 1.014302E+00
1.975000E+01 1.013532E+00
2.000000E+01 1.012866E+00
2.025000E+01 1.012825E+00
2.050000E+01 1.012361E+00
2.075000E+01 1.012297E+00
2.100000E+01 1.011954E+00
2.125000E+01 1.012543E+00
2.150000E+01 1.011447E+00
2.175000E+01 1.012371E+00
2.200000E+01 1.011540E+00
2.225000E+01 1.011869E+00
2.250000E+01 1.011039E+00
2.275000E+01 1.011787E+00
2.300000E+01 1.011356E+00
2.325000E+01 1.009717E+00
2.350000E+01 1.009916E+00
2.375000E+01 1.009900E+00
2.400000E+01 1.009876E+00
2.425000E+01 1.009953E+00
2.450000E+01 1.009696E+00
2.475000E+01 1.009208E+00
2.500000E+01 1.009296E+00
2.525000E+01 1.009659E+00
2.550000E+01 1.009436E+00
2.575000E+01 1.009218E+00
2.600000E+01 1.010017E+00
2.625000E+01 1.009191E+00
2.650000E+01 1.009014E+00
2.675000E+01 1.008785E+00
2.700000E+01 1.008235E+00
2.725000E+01 1.008122E+00
2.750000E+01 1.008400E+00
2.775000E+01 1.008543E+00
2.800000E+01 1.008730E+00
2.825000E+01 1.007863E+00
2.850000E+01 1.008130E+00
2.875000E+01 1.007937E+00
2.900000E+01 1.007620E+00
2.925000E+01 1.008176E+00
2.950000E+01 1.007655E+00
2.975000E+01 1.007415E+00
3.000000E+01 1.007555E+00
3.025000E+01 1.007320E+00
3.050000E+01 1.008232E+00
3.075000E+01 1.007310E+00
3.100000E+01 1.007752E+00
3.125000E+01 1.006894E+00
3.150000E+01 1.007590E+00
3.175000E+01 1.007395E+00
3.200000E+01 1.007611E+00
3.225000E+01 1.007268E+00
3.250000E+01 1.006490E+00
3.275000E+01 1.006900E+00
3.300000E+01 1.007144E+00
3.325000E+01 1.006932E+00
3.350000E+01 1.006083E+00
3.375000E+01 1.006607E+00
3.400000E+01 1.006732E+00
3.425000E+01 1.006453E+00
3.450000E+01 1.006999E+00
3.475000E+01 1.006324E+00
3.500000E+01 1.006827E+00
3.525000E+01 1.006746E+00
3.550000E+01 1.006325E+00
3.575000E+01 1.005935E+00
3.600000E+01 1.006468E+00
3.625000E+01 1.006056E+00
3.650000E+01 1.005933E+00
3.675000E+01 1.005995E+00
3.700000E+01 1.006092E+00
3.725000E+01 1.006292E+00
3.750000E+01 1.006029E+00
3.775000E+01 1.005790E+00
3.800000E+01 1.005587E+00
3.825000E+01 1.006009E+00
3.850000E+01 1.005893E+00
3.875000E+01 1.006090E+00
3.900000E+01 1.006048E+00
3.925000E+01 1.005987E+00
3.950000E+01 1.005862E+00
3.975000E+01 1.006249E+00
4.000000E+01 1.005797E+00
4.025000E+01 1.005505E+00
4.050000E+01 1.005139E+00
4.075000E+01 1.005381E+00
4.100000E+01 1.005945E+00
4.125000E+01 1.005194E+00
4.150000E+01 1.004832E+00
4.175000E+01 1.004571E+00
4.200000E+01 1.005395E+00
4.225000E+01 1.005255E+00
4.250000E+01 1.005378E+00
4.275000E+01 1.005263E+00
4.300000E+01 1.005094E+00
4.325000E+01 1.005252E+00
4.350000E+01 1.004953E+00
4.375000E+01 1.004953E+00
4.400000E+01 1.005215E+00
4.425000E+01 1.004931E+00
4.450000E+01 1.005148E+00
4.475000E+01 1.005339E+00
4.500000E+01 1.004721E+00
4.525000E+01 1.005079E+00
4.550000E+01 1.004742E+00
4.575000E+01 1.004795E+00
4.600000E+01 1.004303E+00
4.625000E+01 1.004681E+00
4.650000E+01 1.004569E+00
4.675000E+01 1.004318E+00
4.700000E+01 1.004799E+00
4.725000E+01 1.004287E+00
4.750000E+01 1.004373E+00
4.775000E+01 1.004942E+00
4.800000E+01 1.004831E+00
4.825000E+01 1.004363E+00
4.850000E+01 1.004210E+00
4.875000E+01 1.004942E+00
4.900000E+01 1.004165E+00
4.925000E+01 1.004723E+00
4.950000E+01 1.004046E+00
4.975000E+01 1.004276E+00
5.000000E+01 1.004187E+00
5.025000E+01 1.004236E+00
5.050000E+01 1.004078E+00
5.075000E+01 1.004379E+00
5.100000E+01 1.004425E+00
5.125000E+01 1.004683E+00
5.150000E+01 1.003836E+00
5.175000E+01 1.004298E+00
5.200000E+01 1.004306E+00
5.225000E+01 1.004191E+00
5.250000E+01 1.003934E+00
5.275000E+01 1.003977E+00
5.300000E+01 1.004096E+00
5.325000E+01 1.004051E+00
5.350000E+01 1.003857E+00
5.375000E+01 1.003837E+00
5.400000E+01 1.004138E+00
5.425000E+01 1.003845E+00
5.450000E+01 1.003880E+00
5.475000E+01 1.003804E+00
5.500000E+01 1.003683E+00
5.525000E+01 1.003737E+00
5.550000E+01 1.003688E+00
5.575000E+01 1.003757E+00
5.600000E+01 1.004114E+00
5.625000E+01 1.003656E+00
5.650000E+01 1.003740E+00
5.675000E+01 1.003572E+00
5.700000E+01 1.003658E+00
5.725000E+01 1.003776E+00
5.750000E+01 1.003702E+00
5.775000E+01 1.003739E+00
5.800000E+01 1.003293E+00
5.825000E+01 1.003788E+00
5.850000E+01 1.003477E+00
5.875000E+01 1.003512E+00
5.900000E+01 1.003547E+00
5.925000E+01 1.003401E+00
5.950000E+01 1.003263E+00
5.975000E+01 1.003525E+00
6.000000E+01 1.003989E+00
6.025000E+01 1.003299E+00
6.050000E+01 1.003522E+00
6.075000E+01 1.003547E+00
6.100000E+01 1.003670E+00
6.125000E+01 1.003843E+00
6.150000E+01 1.003449E+00
6.175000E+01 1.003618E+00
6.200000E+01 1.003261E+00
6.225000E+01 1.003402E+00
6.250000E+01 1.003140E+00
6.275000E+01 1.003417E+00
6.300000E+01 1.003118E+00
6.325000E+01 1.003238E+00
6.350000E+01 1.003588E+00
6.375000E+01 1.003501E+00
6.400000E+01 1.003211E+00
6.425000E+01 1.003208E+00
6.450000E+01 1.003200E+00
6.475000E+01 1.003280E+00
6.500000E+01 1.003154E+00
6.525000E+01 1.003306E+00
6.550000E+01 1.003238E+00
6.575000E+01 1.003210E+00
6.600000E+01 1.003290E+00
6.625000E+01 1.003189E+00
6.650000E+01 1.003193E+00
6.675000E+01 1.003036E+00
6.700000E+01 1.003234E+00
6.725000E+01 1.003353E+00
6.750000E+01 1.003219E+00
6.775000E+01 1.003113E+00
6.800000E+01 1.002908E+00
6.825000E+01 1.002956E+00
6.850000E+01 1.002854E+00
6.875000E+01 1.003178E+00
6.900000E+01 1.003164E+00
6.925000E+01 1.003185E+00
6.950000E+01 1.003080E+00
6.975000E+01 1.003187E+00
7.000000E+01 1.002856E+00
7.025000E+01 1.003154E+00
7.050000E+01 1.002908E+00
7.075000E+01 1.002968E+00
7.100000E+01 1.002814E+00
7.125000E+01 1.003040E+00
7.150000E+01 1.002779E+00
7.175000E+01 1.003099E+00
7.200000E+01 1.002784E+00
7.225000E+01 1.002840E+00
7.250000E+01 1.003010E+00
7.275000E+01 1.002833E+00
7.300000E+01 1.002882E+00
7.325000E+01 1.002939E+00
7.350000E+01 1.003238E+00
7.375000E+01 1.002663E+00
7.400000E+01 1.002809E+00
7.425000E+01 1.002845E+00
7.450000E+01 1.002818E+00
7.475000E+01 1.002764E+00
7.500000E+01 1.002924E+00
7.525000E+01 1.002809E+00
7.550000E+01 1.002433E+00
7.575000E+01 1.002741E+00
7.600000E+01 1.002600E+00
7.625000E+01 1.002812E+00
7.650000E+01 1.002959E+00
7.675000E+01 1.002687E+00
7.700000E+01 1.002720E+00
7.725000E+01 1.002842E+00
7.750000E+01 1.002565E+00
7.775000E+01 1.002786E+00
7.800000E+01 1.002551E+00
7.825000E+01 1.002947E+00
7.850000E+01 1.002543E+00
7.875000E+01 1.002770E+00
7.900000E+01 1.002849E+00
7.925000E+01 1.002650E+00
7.950000E+01 1.002773E+00
7.975000E+01 1.002458E+00
8.000000E+01 1.002578E+00
8.025000E+01 1.002655E+00
8.050000E+01 1.002690E+00
8.075000E+01 1.002672E+00
8.100000E+01 1.002685E+00
8.125000E+01 1.002648E+00
8.150000E+01 1.002694E+00
8.175000E+01 1.002559E+00
8.200000E+01 1.002427E+00
8.225000E+01 1.002560E+00
8.250000E+01 1.002643E+00
8.275000E+01 1.002389E+00
8.300000E+01 1.002260E+00
8.325000E+01 1.002340E+00
8.350000E+01 1.002545E+00
8.375000E+01 1.002701E+00
8.400000E+01 1.002659E+00
8.425000E+01 1.002438E+00
8.450000E+01 1.002385E+00
8.475000E+01 1.002475E+00
8.500000E+01 1.002336E+00
8.525000E+01 1.002487E+00
8.550000E+01 1.002403E+00
8.575000E+01 1.002476E+00
8.600000E+01 1.002364E+00
8.625000E+01 1.002424E+00
8.650000E+01 1.002513E+00
8.675000E+01 1.002332E+00
8.700000E+01 1.002581E+00
8.725000E+01 1.002586E+00
8.750000E+01 1.002317E+00
8.775000E+01 1.002406E+00
8.800000E+01 1.002200E+00
8.825000E+01 1.002257E+00
8.850000E+01 1.002480E+00
8.875000E+01 1.002524E+00
8.900000E+01 1.002396E+00
8.925000E+01 1.002339E+00
8.950000E+01 1.002450E+00
8.975000E+01 1.002407E+00
9.000000E+01 1.002268E+00
9.025000E+01 1.002352E+00
9.050000E+01 1.002398E+00
9.075000E+01 1.002551E+00
9.100000E+01 1.002114E+00
9.125000E+01 1.002406E+00
9.150000E+01 1.002381E+00
9.175000E+01 1.002442E+00
9.200000E+01 1.002296E+00
9.225000E+01 1.002122E+00
9.250000E+01 1.002153E+00
9.275000E+01 1.002383E+00
9.300000E+01 1.002097E+00
9.325000E+01 1.002287E+00
9.350000E+01 1.002103E+00
9.375000E+01 1.002273E+00
9.400000E+01 1.002150E+00
9.425000E+01 1.002088E+00
9.450000E+01 1.002128E+00
9.475000E+01 1.002159E+00
9.500000E+01 1.002209E+00
9.525000E+01 1.002233E+00
9.550000E+01 1.002281E+00
9.575000E+01 1.002013E+00
9.600000E+01 1.002173E+00
9.625000E+01 1.002034E+00
9.650000E+01 1.002061E+00
9.675000E+01 1.001993E+00
9.700000E+01 1.002055E+00
9.725000E+01 1.001946E+00
9.750000E+01 1.002036E+00
9.775000E+01 1.001955E+00
9.800000E+01 1.002081E+00
9.825000E+01 1.002265E+00
9.850000E+01 1.001936E+00
9.875000E+01 1.002212E+00
9.900000E+01 1.002018E+00
9.925000E+01 1.002034E+00
9.950000E+01 1.002007E+00
9.975000E+01 1.002193E+00
1.000000E+02 1.001939E+00
1.002500E+02 1.002195E+00
1.005000E+02 1.001957E+00
1.007500E+02 1.002068E+00
1.010000E+02 1.002084E+00
1.012500E+02 1.002077E+00
1.015000E+02 1.002074E+00
1.017500E+02 1.002195E+00
1.020000E+02 1.001934E+00
1.022500E+02 1.001916E+00
1.025000E+02 1.002105E+00
1.027500E+02 1.001879E+00
1.030000E+02 1.002074E+00
1.032500E+02 1.002064E+00
1.035000E+02 1.002064E+00
1.037500E+02 1.002153E+00
1.040000E+02 1.001653E+00
1.042500E+02 1.001945E+00
1.045000E+02 1.001920E+00
1.047500E+02 1.001944E+00
1.050000E+02 1.001945E+00
1.052500E+02 1.001783E+00
1.055000E+02 1.001900E+00
1.057500E+02 1.002146E+00
1.060000E+02 1.002013E+00
1.062500E+02 1.001900E+00
1.065000E+02 1.001798E+00
1.067500E+02 1.001788E+00
1.070000E+02 1.001995E+00
1.072500E+02 1.002029E+00
1.075000E+02 1.002005E+00
1.077500E+02 1.001806E+00
1.080000E+02 1.001982E+00
1.082500E+02 1.001963E+00
1.085000E+02 1.001721E+00
1.087500E+02 1.001822E+00
1.090000E+02 1.001855E+00
1.092500E+02 1.001935E+00
1.095000E+02 1.001704E+00
1.097500E+02 1.001859E+00
1.100000E+02 1.001928E+00
1.102500E+02 1.001892E+00
1.105000E+02 1.001811E+00
1.107500E+02 1.001874E+00
1.110000E+02 1.001678E+00
1.112500E+02 1.001699E+00
1.115000E+02 1.001831E+00
1.117500E+02 1.001699E+00
1.120000E+02 1.001745E+00
1.122500E+02 1.001743E+00
1.125000E+02 1.001593E+00
1.127500E+02 1.001700E+00
1.130000E+02 1.001762E+00
1.132500E+02 1.001757E+00
1.135000E+02 1.001739E+00
1.137500E+02 1.001882E+00
1.140000E+02 1.001723E+00
1.142500E+02 1.001665E+00
1.145000E+02 1.001656E+00
1.147500E+02 1.001684E+00
1.150000E+02 1.001680E+00
1.152500E+02 1.001880E+00
1.155000E+02 1.001828E+00
1.157500E+02 1.001683E+00
1.160000E+02 1.001775E+00
1.162500E+02 1.001726E+00
1.165000E+02 1.001730E+00
1.167500E+02 1.001794E+00
1.170000E+02 1.001623E+00
1.172500E+02 1.001706E+00
1.175000E+02 1.001704E+00
1.177500E+02 1.001568E+00
1.180000E+02 1.001766E+00
1.182500E+02 1.001586E+00
1.185000E+02 1.001607E+00
1.187500E+02 1.001642E+00
1.190000E+02 1.001744E+00
1.192500E+02 1.001542E+00
1.195000E+02 1.001767E+00
1.197500E+02 1.001717E+00
1.200000E+02 1.001520E+00
1.202500E+02 1.001525E+00
1.205000E+02 1.001512E+00
1.207500E+02 1.001592E+00
1.210000E+02 1.001529E+00
1.212500E+02 1.001533E+00
1.215000E+02 1.001608E+00
1.217500E+02 1.001520E+00
1.220000E+02 1.001490E+00
1.222500E+02 1.001472E+00
1.225000E+02 1.001573E+00
1.227500E+02 1.001538E+00
1.230000E+02 1.001599E+00
1.232500E+02 1.001605E+00
1.235000E+02 1.001716E+00
1.237500E+02 1.001628E+00
1.240000E+02 1.001560E+00
1.242500E+02 1.001313E+00
1.245000E+02 1.001643E+00
1.247500E+02 1.001500E+00
1.250000E+02 9.984931E-01
1.252500E+02 9.926531E-01
1.255000E+02 9.864681E-01
1.257500E+02 9.804748E-01
1.260000E+02 9.747326E-01
1.262500E+02 9.689226E-01
1.265000E+02 9.629404E-01
1.267500E+02 9.572515E-01
1.270000E+02 9.512032E-01
1.272500E+02 9.454800E-01
1.275000E+02 9.395413E-01
1.277500E+02 9.340041E-01
1.280000E+02 9.282230E-01
1.282500E+02 9.224324E-01
1.285000E+02 9.166876E-01
1.287500E+02 9.112475E-01
1.290000E+02 9.054863E-01
1.292500E+02 8.998455E-01
1.295000E+02 8.942240E-01
1.297500E+02 8.887133E-01
1.300000E+02 8.831685E-01
1.302500E+02 8.774939E-01
1.305000E+02 8.721639E-01
1.307500E+02 8.663466E-01
1.310000E+02 8.611649E-01
1.312500E+02 8.556890E-01
1.315000E+02 8.502560E-01
1.317500E+02 8.447517E-01
1.320000E+02 8.393546E-01
1.322500E+02 8.340757E-01
1.325000E+02 8.286391E-01
1.327500E+02 8.235159E-01
1.330000E+02 8.180823E-01
1.332500E+02 8.127048E-01
1.335000E+02 8.075581E-01
1.337500E+02 8.021272E-01
1.340000E+02 7.971208E-01
1.342500E+02 7.918755E-01
1.345000E+02 7.865811E-01
1.347500E+02 7.814650E-01
1.350000E+02 7.763446E-01
1.352500E+02 7.710668E-01
1.355000E+02 7.660094E-01
1.357500E+02 7.609420E-01
1.360000E+02 7.558603E-01
1.362500E+02 7.507701E-01
1.365000E+02 7.456729E-01
1.367500E+02 7.409338E-01
1.370000E+02 7.357620E-01
1.372500E+02 7.309112E-01
1.375000E+02 7.257506E-01
1.377500E+02 7.209023E-01
1.380000E+02 7.159545E-01
1.382500E+02 7.109273E-01
1.385000E+02 7.060998E-01
1.387500E+02 7.012365E-01
1.390000E+02 6.963446E-01
1.392500E+02 6.914932E-01
1.395000E+02 6.866256E-01
1.397500E+02 6.819011E-01
1.400000E+02 6.770461E-01
1.402500E+02 6.722603E-01
1.405000E+02 6.676844E-01
1.407500E+02 6.629422E-01
1.410000E+02 6.581579E-01
1.412500E+02 6.532992E-01
1.415000E+02 6.487333E-01
1.417500E+02 6.439683E-01
1.420000E+02 6.392704E-01
1.422500E+02 6.347728E-01
1.425000E+02 6.300334E-01
1.427500E+02 6.255693E-01
1.430000E+02 6.209073E-01
1.432500E+02 6.163379E-01
1.435000E+02 6.117689E-01
1.437500E+02 6.072380E-01
1.440000E+02 6.027851E-01
1.442500E+02 5.983001E-01
1.445000E+02 5.937517E-01
1.447500E+02 5.892284E-01
1.450000E+02 5.848534E-01
1.452500E+02 5.802522E-01
1.455000E+02 5.757581E-01
1.457500E+02 5.714195E-01
1.460000E+02 5.670013E-01
1.462500E+02 5.626638E-01
1.465000E+02 5.582761E-01
1.467500E+02 5.539216E-01
1.470000E+02 5.495627E-01
1.472500E+02 5.452704E-01
1.475000E+02 5.409066E-01
1.477500E+02 5.366528E-01
1.480000E+02 5.323655E-01
1.482500E+02 5.281105E-01
1.485000E+02 5.238562E-01
1.487500E+02 5.196101E-01
1.490000E+02 5.153611E-01
1.492500E+02 5.111359E-01
1.495000E+02 5.069331E-01
1.497500E+02 5.026985E-01
1.500000E+02 4.986283E-01
1.502500E+02 4.944137E-01
1.505000E+02 4.902162E-01
1.507500E+02 4.860430E-01
1.510000E+02 4.819620E-01
1.512500E+02 4.778920E-01
1.515000E+02 4.738543E-01
1.517500E+02 4.697991E-01
1.520000E+02 4.656313E-01
1.522500E+02 4.616281E-01
1.525000E+02 4.575972E-01
1.527500E+02 4.536326E-01
1.530000E+02 4.494513E-01
1.532500E+02 4.455506E-01
1.535000E+02 4.415360E-01
1.537500E+02 4.376349E-01
1.540000E+02 4.336018E-01
1.542500E+02 4.296165E-01
1.545000E+02 4.257703E-01
1.547500E+02 4.217296E-01
1.550000E+02 4.179542E-01
1.552500E+02 4.140643E-01
1.555000E+02 4.101684E-01
1.557500E+02 4.062334E-01
1.560000E+02 4.024276E-01
1.562500E+02 3.985439E-01
1.565000E+02 3.947033E-01
1.567500E+02 3.909616E-01
1.570000E+02 3.871683E-01
1.572500E+02 3.833404E-01
1.575000E+02 3.795709E-01
1.577500E+02 3.756928E-01
1.580000E+02 3.720188E-01
1.582500E+02 3.682675E-01
1.585000E+02 3.644764E-01
1.587500E+02 3.607221E-01
1.590000E+02 3.570760E-01
1.592500E+02 3.532969E-01
1.595000E+02 3.496667E-01
1.597500E+02 3.460062E-01
1.600000E+02 3.423477E-01
1.602500E+02 3.387185E-01
1.605000E+02 3.350214E-01
1.607500E+02 3.314366E-01
1.610000E+02 3.277886E-01
1.612500E+02 3.241765E-01
1.615000E+02 3.205908E-01
1.617500E+02 3.169796E-01
1.620000E+02 3.134510E-01
1.622500E+02 3.098359E-01
1.625000E+02 3.063175E-01
1.627500E+02 3.027993E-01
1.630000E+02 2.992379E-01
1.632500E+02 2.957020E-01
1.635000E+02 2.921788E-01
1.637500E+02 2.887476E-01
1.640000E+02 2.852036E-01
1.642500E+02 2.817247E-01
1.645000E+02 2.783147E-01
1.647500E+02 2.747754E-01
1.650000E+02 2.713482E-01
1.652500E+02 2.679070E-01
1.655000E+02 2.643973E-01
1.657500E+02 2.611324E-01
1.660000E+02 2.576432E-01
1.662500E+02 2.542491E-01
1.665000E+02 2.508447E-01
1.667500E+02 2.475030E-01
1.670000E+02 2.440827E-01
1.672500E+02 2.407595E-01
1.675000E+02 2.374136E-01
1.677500E+02 2.341157E-01
1.680000E+02 2.307720E-01
1.682500E+02 2.274007E-01
1.685000E+02 2.240928E-01
1.687500E+02 2.208712E-01
1.690000E+02 2.175555E-01
1.692500E+02 2.142515E-01
1.695000E+02 2.109802E-01
1.697500E+02 2.077379E-01
1.700000E+02 2.045175E-01
1.702500E+02 2.012310E-01
1.705000E+02 1.980204E-01
1.707500E+02 1.948692E-01
1.710000E+02 1.916039E-01
1.712500E+02 1.884256E-01
1.715000E+02 1.852224E-01
1.717500E+02 1.820071E-01
1.720000E+02 1.788370E-01
1.722500E+02 1.756478E-01
1.725000E+02 1.725064E-01
1.727500E+02 1.693909E-01
1.730000E+02 1.662905E-01
1.732500E+02 1.631251E-01
1.735000E+02 1.600200E-01
1.737500E+02 1.568820E-01
1.740000E+02 1.537878E-01
1.742500E+02 1.507465E-01
1.745000E+02 1.476164E-01
1.747500E+02 1.445404E-01
1.750000E+02 1.414655E-01
1.752500E+02 1.384054E-01
1.755000E+02 1.353827E-01
1.757500E+02 1.323441E-01
1.760000E+02 1.293197E-01
1.762500E+02 1.263197E-01
1.765000E+02 1.232593E-01
1.767500E+02 1.203267E-01
1.770000E+02 1.176016E-01
1.772500E+02 1.150203E-01
1.775000E+02 1.125054E-01
1.777500E+02 1.100652E-01
1.780000E+02 1.077602E-01
1.782500E+02 1.054868E-01
1.785000E+02 1.032845E-01
1.787500E+02 1.011310E-01
1.790000E+02 9.898465E-02
1.792500E+02 9.697599E-02
1.795000E+02 9.492354E-02
1.797500E+02 9.298319E-02
1.800000E+02 9.104983E-02
1.802500E+02 8.915914E-02
1.805000E+02 8.732690E-02
1.807500E+02 8.554449E-02
1.810000E+02 8.376772E-02
1.812500E+02 8.206459E-02
1.815000E+02 8.036289E-02
1.817500E+02 7.870830E-02
1.820000E+02 7.704310E-02
1.822500E+02 7.546782E-02
1.825000E+02 7.391032E-02
1.827500E+02 7.236524E-02
1.830000E+02 7.081746E-02
1.832500E+02 6.933194E-02
1.835000E+02 6.792077E-02
1.837500E+02 6.648112E-02
1.840000E+02 6.507253E-02
1.842500E+02 6.372926E-02
1.845000E+02 6.233725E-02
1.847500E+02 6.095890E-02
1.850000E+02 5.965377E-02
1.852500E+02 5.842026E-02
1.855000E+02 5.715523E-02
1.857500E+02 5.592551E-02
1.860000E+02 5.469562E-02
1.862500E+02 5.348997E-02
1.865000E+02 5.230807E-02
1.867500E+02 5.115929E-02
1.870000E+02 5.003862E-02
1.872500E+02 4.893843E-02
1.875000E+02 4.785350E-02
1.877500E+02 4.676111E-02
1.880000E+02 4.569179E-02
1.882500E+02 4.467285E-02
1.885000E+02 4.365066E-02
1.887500E+02 4.266743E-02
1.890000E+02 4.165812E-02
1.892500E+02 4.070084E-02
1.895000E+02 3.975258E-02
1.897500E+02 3.880102E-02
1.900000E+02 3.787088E-02
1.902500E+02 3.701867E-02
1.905000E+02 3.609846E-02
1.907500E+02 3.523715E-02
1.910000E+02 3.436629E-02
1.912500E+02 3.354726E-02
1.915000E+02 3.273679E-02
1.917500E+02 3.191612E-02
1.920000E+02 3.111768E-02
1.922500E+02 3.031721E-02
1.925000E+02 2.953378E-02
1.927500E+02 2.880987E-02
1.930000E+02 2.804880E-02
1.932500E+02 2.734010E-02
1.935000E+02 2.663306E-02
1.937500E+02 2.593386E-02
1.940000E+02 2.524354E-02
1.942500E+02 2.457503E-02
1.945000E+02 2.390069E-02
1.947500E+02 2.324595E-02
1.950000E+02 2.260853E-02
1.952500E+02 2.199101E-02
1.955000E+02 2.135833E-02
1.957500E+02 2.076723E-02
1.960000E+02 2.017748E-02
1.962500E+02 1.961426E-02
1.965000E+02 1.903115E-02
1.967500E+02 1.846865E-02
1.970000E+02 1.793345E-02
1.972500E+02 1.738875E-02
1.975000E+02 1.685864E-02
1.977500E+02 1.634856E-02
1.980000E+02 1.584880E-02
1.982500E+02 1.534012E-02
1.985000E+02 1.485718E-02
1.987500E+02 1.439549E-02
1.990000E+02 1.392970E-02
1.992500E+02 1.345945E-02
1.995000E+02 1.302177E-02
1.997500E+02 1.257050E-02
2.000000E+02 1.215566E-02
2.002500E+02 1.174671E-02
2.005000E+02 1.132603E-02
2.007500E+02 1.092720E-02
2.010000E+02 1.054390E-02
2.012500E+02 1.016579E-02
2.015000E+02 9.784288E-03
2.017500E+02 9.419969E-03
2.020000E+02 9.069972E-03
2.022500E+02 8.716753E-03
2.025000E+02 8.378736E-03
2.027500E+02 8.042512E-03
2.030000E+02 7.714601E-03
2.032500E+02 7.400545E-03
2.035000E+02 7.103122E-03
2.037500E+02 6.793656E-03
2.040000E+02 6.503190E-03
2.042500E+02 6.220174E-03
2.045000E+02 5.938892E-03
2.047500E+02 5.673024E-03
2.050000E+02 5.409775E-03
2.052500E+02 5.148848E-03
2.055000E+02 4.906150E-03
2.057500E+02 4.669432E-03
2.060000E+02 4.432875E-03
2.062500E+02 4.206048E-03
2.065000E+02 3.983278E-03
2.067500E+02 3.774047E-03
2.070000E+02 3.564831E-03
2.072500E+02 3.364821E-03
2.075000E+02 3.165586E-03
2.077500E+02 2.986609E-03
2.080000E+02 2.798599E-03
2.082500E+02 2.626254E-03
2.085000E+02 2.457592E-03
2.087500E+02 2.298371E-03
2.090000E+02 2.141056E-03
2.092500E+02 1.990483E-03
2.095000E+02 1.843663E-03
2.097500E+02 1.712332E-03
2.100000E+02 1.576781E-03
2.102500E+02 1.447283E-03
2.105000E+02 1.328395E-03
2.107500E+02 1.211276E-03
2.110000E+02 1.105174E-03
2.112500E+02 1.002387E-03
2.115000E+02 9.013752E-04
2.117500E+02 8.091339E-04
2.120000E+02 7.205952E-04
2.122500E+02 6.381102E-04
2.125000E+02 5.637936E-04
2.127500E+02 4.917871E-04
2.130000E+02 4.223601E-04
2.132500E+02 3.606337E-04
2.135000E+02 3.058046E-04
2.137500E+02 2.550630E-04
2.140000E+02 2.092699E-04
2.142500E+02 1.662915E-04
2.145000E+02 1.280222E-04
2.147500E+02 9.659487E-05
2.150000E+02 6.855377E-05
2.152500E+02 4.618621E-05
2.155000E+02 2.783295E-05
2.157500E+02 1.464284E-05
2.160000E+02 5.273786E-06
2.162500E+02 8.753300E-07
