2.500000E-01 0.000000E+00
5.000000E-01 0.000000E+00
7.500000E-01 0.000000E+00
1.000000E+00 0.000000E+00
1.250000E+00 0.000000E+00
1.500000E+00 0.000000E+00
1.750000E+00 0.000000E+00
2.000000E+00 0.000000E+00
2.250000E+00 0.000000E+00
2.500000E+00 0.000000E+00
2.750000E+00 0.000000E+00
3.000000E+00 0.000000E+00
3.250000E+00 0.000000E+00
3.500000E+00 9.754642E-02
3.750000E+00 7.258487E+00
4.000000E+00 4.880872E+01
4.250000E+00 8.821252E+01
4.500000E+00 8.139366E+01
4.750000E+00 5.628905E+01
5.000000E+00 3.553389E+01
5.250000E+00 2.251425E+01
5.500000E+00 1.516593E+01
5.750000E+00 1.128579E+01
6.000000E+00 9.467968E+00
6.250000E+00 8.509917E+00
6.500000E+00 7.594052E+00
6.750000E+00 6.538444E+00
7.000000E+00 5.553368E+00
7.250000E+00 4.804912E+00
7.500000E+00 4.533774E+00
7.750000E+00 4.879588E+00
8.000000E+00 6.010967E+00
8.250000E+00 7.484944E+00
8.500000E+00 8.304802E+00
8.750000E+00 8.002514E+00
9.000000E+00 6.965686E+00
9.250000E+00 5.774243E+00
9.500000E+00 4.750394E+00
9.750000E+00 3.980103E+00
1.000000E+01 3.438229E+00
1.025000E+01 3.066100E+00
1.050000E+01 2.764687E+00
1.075000E+01 2.535350E+00
1.100000E+01 2.326628E+00
1.125000E+01 2.179011E+00
1.150000E+01 2.090013E+00
1.175000E+01 2.059389E+00
1.200000E+01 2.096344E+00
1.225000E+01 2.170662E+00
1.250000E+01 2.238930E+00
1.275000E+01 2.241519E+00
1.300000E+01 2.177738E+00
1.325000E+01 2.068672E+00
1.350000E+01 1.929728E+00
1.375000E+01 1.801480E+00
1.400000E+01 1.686912E+00
1.425000E+01 1.584827E+00
1.450000E+01 1.510574E+00
1.475000E+01 1.451153E+00
1.500000E+01 1.401674E+00
1.525000E+01 1.366997E+00
1.550000E+01 1.339898E+00
1.575000E+01 1.321115E+00
1.600000E+01 1.311206E+00
1.625000E+01 1.307751E+00
1.650000E+01 1.305695E+00
1.675000E+01 1.298379E+00
1.700000E+01 1.285822E+00
1.725000E+01 1.269518E+00
1.750000E+01 1.249187E+00
1.775000E+01 1.221350E+00
1.800000E+01 1.200062E+00
1.825000E+01 1.178640E+00
1.850000E+01 1.157492E+00
1.875000E+01 1.142385E+00
1.900000E+01 1.128919E+00
1.925000E+01 1.118559E+00
1.950000E+01 1.109685E+00
1.975000E+01 1.102392E+00
2.000000E+01 1.098190E+00
2.025000E+01 1.093839E+00
2.050000E+01 1.091982E+00
2.075000E+01 1.086440E+00
2.100000E+01 1.081345E+00
2.125000E+01 1.079488E+00
2.150000E+01 1.073999E+00
2.175000E+01 1.068840E+00
2.200000E+01 1.062224E+00
2.225000E+01 1.055516E+00
2.250000E+01 1.052947E+00
2.275000E+01 1.048045E+00
2.300000E+01 1.044898E+00
2.325000E+01 1.040743E+00
2.350000E+01 1.038084E+00
2.375000E+01 1.036650E+00
2.400000E+01 1.035013E+00
2.425000E+01 1.030011E+00
2.450000E+01 1.029451E+00
2.475000E+01 1.029951E+00
2.500000E+01 1.027908E+00
2.525000E+01 1.024710E+00
2.550000E+01 1.024145E+00
2.575000E+01 1.023441E+00
2.600000E+01 1.022716E+00
2.625000E+01 1.020388E+00
2.650000E+01 1.018823E+00
2.675000E+01 1.018479E+00
2.700000E+01 1.017328E+00
2.725000E+01 1.014889E+00
2.750000E+01 1.015751E+00
2.775000E+01 1.015071E+00
2.800000E+01 1.012103E+00
2.825000E+01 1.012693E+00
2.850000E+01 1.011034E+00
2.875000E+01 1.012487E+00
2.900000E+01 1.011741E+00
2.925000E+01 1.009283E+00
2.950000E+01 1.011280E+00
2.975000E+01 1.010569E+00
3.000000E+01 1.008290E+00
3.025000E+01 1.007892E+00
3.050000E+01 1.009229E+00
3.075000E+01 1.007664E+00
3.100000E+01 1.008626E+00
3.125000E+01 1.008720E+00
3.150000E+01 1.007795E+00
3.175000E+01 1.007230E+00
3.200000E+01 1.007994E+00
3.225000E+01 1.005674E+00
3.250000E+01 1.007497E+00
3.275000E+01 1.005819E+00
3.300000E+01 1.006440E+00
3.325000E+01 1.005722E+00
3.350000E+01 1.005884E+00
3.375000E+01 1.005033E+00
3.400000E+01 1.006350E+00
3.425000E+01 1.005019E+00
3.450000E+01 1.005254E+00
3.475000E+01 1.004651E+00
3.500000E+01 1.004698E+00
3.525000E+01 1.005106E+00
3.550000E+01 1.005439E+00
3.575000E+01 1.004608E+00
3.600000E+01 1.003629E+00
3.625000E+01 1.003643E+00
3.650000E+01 1.005004E+00
3.675000E+01 1.004305E+00
3.700000E+01 1.004809E+00
3.725000E+01 1.003733E+00
3.750000E+01 1.003989E+00
3.775000E+01 1.003731E+00
3.800000E+01 1.003300E+00
3.825000E+01 1.004426E+00
3.850000E+01 1.003348E+00
3.875000E+01 1.003805E+00
3.900000E+01 1.003236E+00
3.925000E+01 1.003796E+00
3.950000E+01 1.002994E+00
3.975000E+01 1.002476E+00
4.000000E+01 1.002499E+00
4.025000E+01 1.002709E+00
4.050000E+01 1.002740E+00
4.075000E+01 1.002549E+00
4.100000E+01 1.002817E+00
4.125000E+01 1.002807E+00
4.150000E+01 1.002616E+00
4.175000E+01 1.003235E+00
4.200000E+01 1.002203E+00
4.225000E+01 1.001617E+00
4.250000E+01 1.002780E+00
4.275000E+01 1.001736E+00
4.300000E+01 1.001616E+00
4.325000E+01 1.003399E+00
4.350000E+01 1.002126E+00
4.375000E+01 1.001652E+00
4.400000E+01 1.001694E+00
4.425000E+01 1.001387E+00
4.450000E+01 1.001845E+00
4.475000E+01 1.002582E+00
4.500000E+01 1.001910E+00
4.525000E+01 1.002141E+00
4.550000E+01 1.002302E+00
4.575000E+01 1.001259E+00
4.600000E+01 1.001194E+00
4.625000E+01 1.001265E+00
4.650000E+01 1.001620E+00
4.675000E+01 1.001768E+00
4.700000E+01 1.002203E+00
4.725000E+01 1.001900E+00
4.750000E+01 1.001912E+00
4.775000E+01 1.001646E+00
4.800000E+01 1.001832E+00
4.825000E+01 1.001398E+00
4.850000E+01 1.001543E+00
4.875000E+01 1.001451E+00
4.900000E+01 1.000628E+00
4.925000E+01 1.002096E+00
4.950000E+01 1.001665E+00
4.975000E+01 1.001073E+00
5.000000E+01 1.000644E+00
5.025000E+01 1.001158E+00
5.050000E+01 1.001233E+00
5.075000E+01 1.001957E+00
5.100000E+01 1.001514E+00
5.125000E+01 1.001450E+00
5.150000E+01 1.001175E+00
5.175000E+01 1.000189E+00
5.200000E+01 1.001133E+00
5.225000E+01 1.000717E+00
5.250000E+01 1.001397E+00
5.275000E+01 1.001159E+00
5.300000E+01 1.000186E+00
5.325000E+01 1.000680E+00
5.350000E+01 1.000781E+00
5.375000E+01 1.000663E+00
5.400000E+01 1.001340E+00
5.425000E+01 1.000744E+00
5.450000E+01 1.000982E+00
5.475000E+01 1.000158E+00
5.500000E+01 1.000282E+00
5.525000E+01 1.000561E+00
5.550000E+01 1.000727E+00
5.575000E+01 1.000766E+00
5.600000E+01 1.000062E+00
5.625000E+01 1.000175E+00
5.650000E+01 1.000828E+00
5.675000E+01 1.000380E+00
5.700000E+01 1.000340E+00
5.725000E+01 1.000105E+00
5.750000E+01 1.000916E+00
5.775000E+01 1.000129E+00
5.800000E+01 1.000525E+00
5.825000E+01 1.000066E+00
5.850000E+01 1.000183E+00
5.875000E+01 1.000077E+00
5.900000E+01 1.000443E+00
5.925000E+01 1.000477E+00
5.950000E+01 9.998058E-01
5.975000E+01 1.000697E+00
6.000000E+01 1.000259E+00
6.025000E+01 1.000538E+00
6.050000E+01 1.000485E+00
6.075000E+01 1.000768E+00
6.100000E+01 1.000089E+00
6.125000E+01 1.000298E+00
6.150000E+01 1.000407E+00
6.175000E+01 1.000465E+00
6.200000E+01 9.996433E-01
6.225000E+01 1.000447E+00
6.250000E+01 1.000104E+00
6.275000E+01 1.000072E+00
6.300000E+01 1.000466E+00
6.325000E+01 1.000727E+00
6.350000E+01 9.999617E-01
6.375000E+01 9.993455E-01
6.400000E+01 9.996298E-01
6.425000E+01 9.997299E-01
6.450000E+01 1.000683E+00
6.475000E+01 1.000530E+00
6.500000E+01 9.997441E-01
6.525000E+01 1.000182E+00
6.550000E+01 9.995121E-01
6.575000E+01 9.996606E-01
6.600000E+01 9.998312E-01
6.625000E+01 1.000190E+00
6.650000E+01 9.998058E-01
6.675000E+01 9.996175E-01
6.700000E+01 9.996716E-01
6.725000E+01 1.000050E+00
6.750000E+01 9.992945E-01
6.775000E+01 9.993536E-01
6.800000E+01 9.995529E-01
6.825000E+01 9.991066E-01
6.850000E+01 9.998968E-01
6.875000E+01 1.000195E+00
6.900000E+01 9.998863E-01
6.925000E+01 9.999259E-01
6.950000E+01 9.999779E-01
6.975000E+01 9.998441E-01
7.000000E+01 1.000364E+00
7.025000E+01 9.992826E-01
7.050000E+01 9.998913E-01
7.075000E+01 1.000019E+00
7.100000E+01 9.998915E-01
7.125000E+01 9.992415E-01
7.150000E+01 9.997323E-01
7.175000E+01 9.992950E-01
7.200000E+01 9.995980E-01
7.225000E+01 9.995113E-01
7.250000E+01 9.998559E-01
7.275000E+01 9.992722E-01
7.300000E+01 9.997790E-01
7.325000E+01 9.993135E-01
7.350000E+01 9.995245E-01
7.375000E+01 9.996916E-01
7.400000E+01 9.999588E-01
7.425000E+01 9.993979E-01
7.450000E+01 9.996946E-01
7.475000E+01 9.997116E-01
7.500000E+01 9.994996E-01
7.525000E+01 9.997590E-01
7.550000E+01 9.996306E-01
7.575000E+01 9.993729E-01
7.600000E+01 9.995455E-01
7.625000E+01 9.995261E-01
7.650000E+01 9.994370E-01
7.675000E+01 9.994672E-01
7.700000E+01 9.995633E-01
7.725000E+01 9.997564E-01
7.750000E+01 9.994423E-01
7.775000E+01 9.992428E-01
7.800000E+01 1.000063E+00
7.825000E+01 9.994548E-01
7.850000E+01 9.999957E-01
7.875000E+01 9.992155E-01
7.900000E+01 9.998155E-01
7.925000E+01 9.992385E-01
7.950000E+01 9.993607E-01
7.975000E+01 9.991991E-01
8.000000E+01 9.996781E-01
8.025000E+01 9.990396E-01
8.050000E+01 9.990818E-01
8.075000E+01 9.993821E-01
8.100000E+01 9.997579E-01
8.125000E+01 9.992224E-01
8.150000E+01 9.990173E-01
8.175000E+01 9.995669E-01
8.200000E+01 9.988936E-01
8.225000E+01 9.995342E-01
8.250000E+01 9.998361E-01
8.275000E+01 9.990962E-01
8.300000E+01 9.990759E-01
8.325000E+01 9.991763E-01
8.350000E+01 9.990417E-01
8.375000E+01 9.989238E-01
8.400000E+01 9.989003E-01
8.425000E+01 9.990411E-01
8.450000E+01 9.988628E-01
8.475000E+01 9.994009E-01
8.500000E+01 9.995533E-01
8.525000E+01 9.987079E-01
8.550000E+01 9.990868E-01
8.575000E+01 9.991118E-01
8.600000E+01 9.991749E-01
8.625000E+01 9.990649E-01
8.650000E+01 9.990611E-01
8.675000E+01 9.988190E-01
8.700000E+01 9.993060E-01
8.725000E+01 9.994194E-01
8.750000E+01 9.985138E-01
8.775000E+01 9.989161E-01
8.800000E+01 9.991297E-01
8.825000E+01 9.992001E-01
8.850000E+01 9.991044E-01
8.875000E+01 9.991408E-01
8.900000E+01 9.989406E-01
8.925000E+01 9.990536E-01
8.950000E+01 9.988685E-01
8.975000E+01 9.988636E-01
9.000000E+01 9.984943E-01
9.025000E+01 9.992370E-01
9.050000E+01 9.988265E-01
9.075000E+01 9.993656E-01
9.100000E+01 9.988801E-01
9.125000E+01 9.989563E-01
9.150000E+01 9.991632E-01
9.175000E+01 9.988258E-01
9.200000E+01 9.985734E-01
9.225000E+01 9.988966E-01
9.250000E+01 9.982651E-01
9.275000E+01 9.987920E-01
9.300000E+01 9.986037E-01
9.325000E+01 9.987811E-01
9.350000E+01 9.990316E-01
9.375000E+01 9.988335E-01
9.400000E+01 9.989943E-01
9.425000E+01 9.989657E-01
9.450000E+01 9.984394E-01
9.475000E+01 9.992817E-01
9.500000E+01 9.992449E-01
9.525000E+01 9.986714E-01
9.550000E+01 9.989889E-01
9.575000E+01 9.990369E-01
9.600000E+01 9.988232E-01
9.625000E+01 9.985364E-01
9.650000E+01 9.989919E-01
9.675000E+01 9.986318E-01
9.700000E+01 9.985713E-01
9.725000E+01 9.989236E-01
9.750000E+01 9.988009E-01
9.775000E+01 9.987774E-01
9.800000E+01 9.990334E-01
9.825000E+01 9.986798E-01
9.850000E+01 9.990406E-01
9.875000E+01 9.985068E-01
9.900000E+01 9.989991E-01
9.925000E+01 9.989487E-01
9.950000E+01 9.985347E-01
9.975000E+01 9.988009E-01
1.000000E+02 9.987431E-01
1.002500E+02 9.986709E-01
1.005000E+02 9.989864E-01
1.007500E+02 9.987317E-01
1.010000E+02 9.991950E-01
1.012500E+02 9.990530E-01
1.015000E+02 9.988311E-01
1.017500E+02 9.984846E-01
1.020000E+02 9.986956E-01
1.022500E+02 9.987602E-01
1.025000E+02 9.987949E-01
1.027500E+02 9.983825E-01
1.030000E+02 9.988369E-01
1.032500E+02 9.987539E-01
1.035000E+02 9.986893E-01
1.037500E+02 9.986173E-01
1.040000E+02 9.984940E-01
1.042500E+02 9.985218E-01
1.045000E+02 9.986071E-01
1.047500E+02 9.989601E-01
1.050000E+02 9.988736E-01
1.052500E+02 9.988868E-01
1.055000E+02 9.987830E-01
1.057500E+02 9.987696E-01
1.060000E+02 9.987980E-01
1.062500E+02 9.985333E-01
1.065000E+02 9.987253E-01
1.067500E+02 9.982644E-01
1.070000E+02 9.986360E-01
1.072500E+02 9.985854E-01
1.075000E+02 9.983781E-01
1.077500E+02 9.984407E-01
1.080000E+02 9.984344E-01
1.082500E+02 9.987331E-01
1.085000E+02 9.985893E-01
1.087500E+02 9.988289E-01
1.090000E+02 9.986873E-01
1.092500E+02 9.985703E-01
1.095000E+02 9.985019E-01
1.097500E+02 9.987043E-01
1.100000E+02 9.986823E-01
1.102500E+02 9.985077E-01
1.105000E+02 9.985793E-01
1.107500E+02 9.985717E-01
1.110000E+02 9.985378E-01
1.112500E+02 9.983353E-01
1.115000E+02 9.990028E-01
1.117500E+02 9.988600E-01
1.120000E+02 9.986232E-01
1.122500E+02 9.988649E-01
1.125000E+02 9.985892E-01
1.127500E+02 9.985086E-01
1.130000E+02 9.989040E-01
1.132500E+02 9.985712E-01
1.135000E+02 9.985594E-01
1.137500E+02 9.988758E-01
1.140000E+02 9.986642E-01
1.142500E+02 9.986219E-01
1.145000E+02 9.982964E-01
1.147500E+02 9.983930E-01
1.150000E+02 9.986677E-01
1.152500E+02 9.987679E-01
1.155000E+02 9.984489E-01
1.157500E+02 9.987918E-01
1.160000E+02 9.986340E-01
1.162500E+02 9.983123E-01
1.165000E+02 9.985156E-01
1.167500E+02 9.985032E-01
1.170000E+02 9.986542E-01
1.172500E+02 9.985208E-01
1.175000E+02 9.983989E-01
1.177500E+02 9.987637E-01
1.180000E+02 9.987662E-01
1.182500E+02 9.984630E-01
1.185000E+02 9.984557E-01
1.187500E+02 9.986281E-01
1.190000E+02 9.985993E-01
1.192500E+02 9.983499E-01
1.195000E+02 9.985778E-01
1.197500E+02 9.986151E-01
1.200000E+02 9.982829E-01
1.202500E+02 9.985583E-01
1.205000E+02 9.984492E-01
1.207500E+02 9.984446E-01
1.210000E+02 9.985024E-01
1.212500E+02 9.984284E-01
1.215000E+02 9.989756E-01
1.217500E+02 9.986099E-01
1.220000E+02 9.987230E-01
1.222500E+02 9.986525E-01
1.225000E+02 9.985148E-01
1.227500E+02 9.984708E-01
1.230000E+02 9.983536E-01
1.232500E+02 9.982376E-01
1.235000E+02 9.984567E-01
1.237500E+02 9.984949E-01
1.240000E+02 9.985218E-01
1.242500E+02 9.981959E-01
1.245000E+02 9.983960E-01
1.247500E+02 9.983040E-01
1.250000E+02 9.952633E-01
1.252500E+02 9.891974E-01
1.255000E+02 9.833013E-01
1.257500E+02 9.779219E-01
1.260000E+02 9.714864E-01
1.262500E+02 9.657715E-01
1.265000E+02 9.600416E-01
1.267500E+02 9.539054E-01
1.270000E+02 9.478515E-01
1.272500E+02 9.422358E-01
1.275000E+02 9.367275E-01
1.277500E+02 9.308538E-01
1.280000E+02 9.251612E-01
1.282500E+02 9.191928E-01
1.285000E+02 9.134910E-01
1.287500E+02 9.082535E-01
1.290000E+02 9.025999E-01
1.292500E+02 8.969310E-01
1.295000E+02 8.913002E-01
1.297500E+02 8.857418E-01
1.300000E+02 8.804405E-01
1.302500E+02 8.744193E-01
1.305000E+02 8.690250E-01
1.307500E+02 8.637336E-01
1.310000E+02 8.586223E-01
1.312500E+02 8.527793E-01
1.315000E+02 8.474723E-01
1.317500E+02 8.421414E-01
1.320000E+02 8.364917E-01
1.322500E+02 8.311860E-01
1.325000E+02 8.258836E-01
1.327500E+02 8.207511E-01
1.330000E+02 8.153355E-01
1.332500E+02 8.100617E-01
1.335000E+02 8.049590E-01
1.337500E+02 7.994918E-01
1.340000E+02 7.943718E-01
1.342500E+02 7.894349E-01
1.345000E+02 7.839526E-01
1.347500E+02 7.789636E-01
1.350000E+02 7.736137E-01
1.352500E+02 7.688172E-01
1.355000E+02 7.636504E-01
1.357500E+02 7.585664E-01
1.360000E+02 7.537121E-01
1.362500E+02 7.484599E-01
1.365000E+02 7.435315E-01
1.367500E+02 7.382345E-01
1.370000E+02 7.332319E-01
1.372500E+02 7.283439E-01
1.375000E+02 7.234071E-01
1.377500E+02 7.186163E-01
1.380000E+02 7.136763E-01
1.382500E+02 7.088512E-01
1.385000E+02 7.037426E-01
1.387500E+02 6.988684E-01
1.390000E+02 6.941950E-01
1.392500E+02 6.895030E-01
1.395000E+02 6.846193E-01
1.397500E+02 6.797027E-01
1.400000E+02 6.750140E-01
1.402500E+02 6.698138E-01
1.405000E+02 6.655442E-01
1.407500E+02 6.607284E-01
1.410000E+02 6.558971E-01
1.412500E+02 6.511997E-01
1.415000E+02 6.464379E-01
1.417500E+02 6.420418E-01
1.420000E+02 6.371152E-01
1.422500E+02 6.328397E-01
1.425000E+02 6.280788E-01
1.427500E+02 6.233836E-01
1.430000E+02 6.189661E-01
1.432500E+02 6.143813E-01
1.435000E+02 6.097390E-01
1.437500E+02 6.052876E-01
1.440000E+02 6.008308E-01
1.442500E+02 5.961040E-01
1.445000E+02 5.918355E-01
1.447500E+02 5.873402E-01
1.450000E+02 5.827319E-01
1.452500E+02 5.783539E-01
1.455000E+02 5.741024E-01
1.457500E+02 5.695321E-01
1.460000E+02 5.651038E-01
1.462500E+02 5.606418E-01
1.465000E+02 5.563691E-01
1.467500E+02 5.521709E-01
1.470000E+02 5.477464E-01
1.472500E+02 5.435047E-01
1.475000E+02 5.391717E-01
1.477500E+02 5.349248E-01
1.480000E+02 5.306947E-01
1.482500E+02 5.262993E-01
1.485000E+02 5.221652E-01
1.487500E+02 5.178585E-01
1.490000E+02 5.135561E-01
1.492500E+02 5.094044E-01
1.495000E+02 5.052301E-01
1.497500E+02 5.010481E-01
1.500000E+02 4.968666E-01
1.502500E+02 4.928037E-01
1.505000E+02 4.886175E-01
1.507500E+02 4.844611E-01
1.510000E+02 4.806637E-01
1.512500E+02 4.765108E-01
1.515000E+02 4.722116E-01
1.517500E+02 4.681999E-01
1.520000E+02 4.642091E-01
1.522500E+02 4.600721E-01
1.525000E+02 4.561297E-01
1.527500E+02 4.520144E-01
1.530000E+02 4.480523E-01
1.532500E+02 4.441725E-01
1.535000E+02 4.399230E-01
1.537500E+02 4.362484E-01
1.540000E+02 4.324369E-01
1.542500E+02 4.283342E-01
1.545000E+02 4.241900E-01
1.547500E+02 4.204363E-01
1.550000E+02 4.164981E-01
1.552500E+02 4.127391E-01
1.555000E+02 4.088207E-01
1.557500E+02 4.049355E-01
1.560000E+02 4.012132E-01
1.562500E+02 3.972092E-01
1.565000E+02 3.934102E-01
1.567500E+02 3.895054E-01
1.570000E+02 3.858195E-01
1.572500E+02 3.821394E-01
1.575000E+02 3.782814E-01
1.577500E+02 3.745932E-01
1.580000E+02 3.708913E-01
1.582500E+02 3.669491E-01
1.585000E+02 3.633310E-01
1.587500E+02 3.595389E-01
1.590000E+02 3.558924E-01
1.592500E+02 3.522029E-01
1.595000E+02 3.485439E-01
1.597500E+02 3.448889E-01
1.600000E+02 3.413191E-01
1.602500E+02 3.376411E-01
1.605000E+02 3.338777E-01
1.607500E+02 3.303576E-01
1.610000E+02 3.265853E-01
1.612500E+02 3.231584E-01
1.615000E+02 3.195761E-01
1.617500E+02 3.161207E-01
1.620000E+02 3.122872E-01
1.622500E+02 3.089757E-01
1.625000E+02 3.053156E-01
1.627500E+02 3.018292E-01
1.630000E+02 2.983451E-01
1.632500E+02 2.947442E-01
1.635000E+02 2.912106E-01
1.637500E+02 2.877907E-01
1.640000E+02 2.842885E-01
1.642500E+02 2.808549E-01
1.645000E+02 2.773414E-01
1.647500E+02 2.738578E-01
1.650000E+02 2.705309E-01
1.652500E+02 2.671348E-01
1.655000E+02 2.636367E-01
1.657500E+02 2.603115E-01
1.660000E+02 2.568145E-01
1.662500E+02 2.534596E-01
1.665000E+02 2.501424E-01
1.667500E+02 2.466885E-01
1.670000E+02 2.434579E-01
1.672500E+02 2.400845E-01
1.675000E+02 2.366507E-01
1.677500E+02 2.333234E-01
1.680000E+02 2.300334E-01
1.682500E+02 2.268006E-01
1.685000E+02 2.235443E-01
1.687500E+02 2.202791E-01
1.690000E+02 2.169266E-01
1.692500E+02 2.136243E-01
1.695000E+02 2.103752E-01
1.697500E+02 2.070705E-01
1.700000E+02 2.037919E-01
1.702500E+02 2.006306E-01
1.705000E+02 1.974182E-01
1.707500E+02 1.941686E-01
1.710000E+02 1.910923E-01
1.712500E+02 1.878780E-01
1.715000E+02 1.846543E-01
1.717500E+02 1.815271E-01
1.720000E+02 1.782985E-01
1.722500E+02 1.752281E-01
1.725000E+02 1.719346E-01
1.727500E+02 1.688803E-01
1.730000E+02 1.657124E-01
1.732500E+02 1.625581E-01
1.735000E+02 1.594950E-01
1.737500E+02 1.564515E-01
1.740000E+02 1.532710E-01
1.742500E+02 1.502790E-01
1.745000E+02 1.471460E-01
1.747500E+02 1.441134E-01
1.750000E+02 1.410715E-01
1.752500E+02 1.380458E-01
1.755000E+02 1.350056E-01
1.757500E+02 1.319688E-01
1.760000E+02 1.289100E-01
1.762500E+02 1.259439E-01
1.765000E+02 1.229437E-01
1.767500E+02 1.200078E-01
1.770000E+02 1.172194E-01
1.772500E+02 1.146428E-01
1.775000E+02 1.121582E-01
1.777500E+02 1.097613E-01
1.780000E+02 1.074531E-01
1.782500E+02 1.051608E-01
1.785000E+02 1.030368E-01
1.787500E+02 1.008551E-01
1.790000E+02 9.868896E-02
1.792500E+02 9.670975E-02
1.795000E+02 9.459511E-02
1.797500E+02 9.268318E-02
1.800000E+02 9.082072E-02
1.802500E+02 8.891493E-02
1.805000E+02 8.709438E-02
1.807500E+02 8.527764E-02
1.810000E+02 8.347528E-02
1.812500E+02 8.178279E-02
1.815000E+02 8.015799E-02
1.817500E+02 7.846089E-02
1.820000E+02 7.678272E-02
1.822500E+02 7.525922E-02
1.825000E+02 7.370944E-02
1.827500E+02 7.207408E-02
1.830000E+02 7.061908E-02
1.832500E+02 6.915972E-02
1.835000E+02 6.768979E-02
1.837500E+02 6.627027E-02
1.840000E+02 6.485034E-02
1.842500E+02 6.353441E-02
1.845000E+02 6.216155E-02
1.847500E+02 6.083928E-02
1.850000E+02 5.949328E-02
1.852500E+02 5.824889E-02
1.855000E+02 5.700844E-02
1.857500E+02 5.573974E-02
1.860000E+02 5.449284E-02
1.862500E+02 5.340007E-02
1.865000E+02 5.218538E-02
1.867500E+02 5.106299E-02
1.870000E+02 4.989192E-02
1.872500E+02 4.882678E-02
1.875000E+02 4.776272E-02
1.877500E+02 4.663848E-02
1.880000E+02 4.561662E-02
1.882500E+02 4.454307E-02
1.885000E+02 4.356229E-02
1.887500E+02 4.250579E-02
1.890000E+02 4.154708E-02
1.892500E+02 4.060226E-02
1.895000E+02 3.965170E-02
1.897500E+02 3.869019E-02
1.900000E+02 3.779018E-02
1.902500E+02 3.692082E-02
1.905000E+02 3.599257E-02
1.907500E+02 3.515484E-02
1.910000E+02 3.431273E-02
1.912500E+02 3.341586E-02
1.915000E+02 3.264382E-02
1.917500E+02 3.180595E-02
1.920000E+02 3.104537E-02
1.922500E+02 3.027452E-02
1.925000E+02 2.947910E-02
1.927500E+02 2.873739E-02
1.930000E+02 2.800882E-02
1.932500E+02 2.727567E-02
1.935000E+02 2.654849E-02
1.937500E+02 2.587244E-02
1.940000E+02 2.518941E-02
1.942500E+02 2.452642E-02
1.945000E+02 2.387941E-02
1.947500E+02 2.321543E-02
1.950000E+02 2.258948E-02
1.952500E+02 2.193749E-02
1.955000E+02 2.135038E-02
1.957500E+02 2.073520E-02
1.960000E+02 2.014245E-02
1.962500E+02 1.959306E-02
1.965000E+02 1.901569E-02
1.967500E+02 1.842765E-02
1.970000E+02 1.792875E-02
1.972500E+02 1.736229E-02
1.975000E+02 1.682406E-02
1.977500E+02 1.632195E-02
1.980000E+02 1.583546E-02
1.982500E+02 1.534934E-02
1.985000E+02 1.485642E-02
1.987500E+02 1.438190E-02
1.990000E+02 1.389992E-02
1.992500E+02 1.344852E-02
1.995000E+02 1.300486E-02
1.997500E+02 1.259428E-02
2.000000E+02 1.216070E-02
2.002500E+02 1.173449E-02
2.005000E+02 1.131568E-02
2.007500E+02 1.090131E-02
2.010000E+02 1.053733E-02
2.012500E+02 1.017509E-02
2.015000E+02 9.783723E-03
2.017500E+02 9.412765E-03
2.020000E+02 9.072920E-03
2.022500E+02 8.698496E-03
2.025000E+02 8.388146E-03
2.027500E+02 8.051120E-03
2.030000E+02 7.716265E-03
2.032500E+02 7.403120E-03
2.035000E+02 7.108598E-03
2.037500E+02 6.790736E-03
2.040000E+02 6.502592E-03
2.042500E+02 6.213025E-03
2.045000E+02 5.934145E-03
2.047500E+02 5.680213E-03
2.050000E+02 5.412092E-03
2.052500E+02 5.150734E-03
2.055000E+02 4.899970E-03
2.057500E+02 4.665621E-03
2.060000E+02 4.442815E-03
2.062500E+02 4.194290E-03
2.065000E+02 3.981146E-03
2.067500E+02 3.777107E-03
2.070000E+02 3.559340E-03
2.072500E+02 3.368467E-03
2.075000E+02 3.161378E-03
2.077500E+02 2.974691E-03
2.080000E+02 2.808991E-03
2.082500E+02 2.626306E-03
2.085000E+02 2.453031E-03
2.087500E+02 2.294673E-03
2.090000E+02 2.135804E-03
2.092500E+02 1.982624E-03
2.095000E+02 1.842106E-03
2.097500E+02 1.709606E-03
2.100000E+02 1.569995E-03
2.102500E+02 1.448398E-03
2.105000E+02 1.329685E-03
2.107500E+02 1.212262E-03
2.110000E+02 1.104920E-03
2.112500E+02 1.001359E-03
2.115000E+02 9.015822E-04
2.117500E+02 8.052831E-04
2.120000E+02 7.198074E-04
2.122500E+02 6.354632E-04
2.125000E+02 5.625863E-04
2.127500E+02 4.883949E-04
2.130000E+02 4.244271E-04
2.132500E+02 3.642407E-04
2.135000E+02 3.085423E-04
2.137500E+02 2.545652E-04
2.140000E+02 2.081409E-04
2.142500E+02 1.650784E-04
2.145000E+02 1.266000E-04
2.147500E+02 9.505199E-05
2.150000E+02 6.962478E-05
2.152500E+02 4.735415E-05
2.155000E+02 2.811146E-05
2.157500E+02 1.438672E-05
2.160000E+02 5.184260E-06
2.162500E+02 7.816318E-07
