2.500000E-01 0.000000E+00
5.000000E-01 0.000000E+00
7.500000E-01 0.000000E+00
1.000000E+00 0.000000E+00
1.250000E+00 0.000000E+00
1.500000E+00 0.000000E+00
1.750000E+00 0.000000E+00
2.000000E+00 0.000000E+00
2.250000E+00 0.000000E+00
2.500000E+00 0.000000E+00
2.750000E+00 0.000000E+00
3.000000E+00 0.000000E+00
3.250000E+00 0.000000E+00
3.500000E+00 4.022685E-02
3.750000E+00 3.345810E+00
4.000000E+00 2.493525E+01
4.250000E+00 5.015553E+01
4.500000E+00 5.061307E+01
4.750000E+00 3.809455E+01
5.000000E+00 2.579957E+01
5.250000E+00 1.712976E+01
5.500000E+00 1.176753E+01
5.750000E+00 8.625782E+00
6.000000E+00 6.935983E+00
6.250000E+00 5.962467E+00
6.500000E+00 5.196570E+00
6.750000E+00 4.405661E+00
7.000000E+00 3.709508E+00
7.250000E+00 3.150327E+00
7.500000E+00 2.839682E+00
7.750000E+00 2.798914E+00
8.000000E+00 3.054442E+00
8.250000E+00 3.522451E+00
8.500000E+00 3.845452E+00
8.750000E+00 3.842987E+00
9.000000E+00 3.528646E+00
9.250000E+00 3.100146E+00
9.500000E+00 2.676045E+00
9.750000E+00 2.328247E+00
1.000000E+01 2.067957E+00
1.025000E+01 1.875105E+00
1.050000E+01 1.734609E+00
1.075000E+01 1.617369E+00
1.100000E+01 1.514729E+00
1.125000E+01 1.439445E+00
1.150000E+01 1.380291E+00
1.175000E+01 1.345703E+00
1.200000E+01 1.326151E+00
1.225000E+01 1.325778E+00
1.250000E+01 1.334296E+00
1.275000E+01 1.334300E+00
1.300000E+01 1.321233E+00
1.325000E+01 1.297914E+00
1.350000E+01 1.262533E+00
1.375000E+01 1.231643E+00
1.400000E+01 1.197997E+00
1.425000E+01 1.168564E+00
1.450000E+01 1.143535E+00
1.475000E+01 1.125974E+00
1.500000E+01 1.106388E+00
1.525000E+01 1.095647E+00
1.550000E+01 1.084514E+00
1.575000E+01 1.076660E+00
1.600000E+01 1.072306E+00
1.625000E+01 1.066698E+00
1.650000E+01 1.063813E+00
1.675000E+01 1.061515E+00
1.700000E+01 1.059609E+00
1.725000E+01 1.055371E+00
1.750000E+01 1.052186E+00
1.775000E+01 1.047790E+00
1.800000E+01 1.043014E+00
1.825000E+01 1.038218E+00
1.850000E+01 1.035771E+00
1.875000E+01 1.031888E+00
1.900000E+01 1.029486E+00
1.925000E+01 1.028146E+00
1.950000E+01 1.024871E+00
1.975000E+01 1.024386E+00
2.000000E+01 1.022451E+00
2.025000E+01 1.020508E+00
2.050000E+01 1.020863E+00
2.075000E+01 1.019161E+00
2.100000E+01 1.018929E+00
2.125000E+01 1.019659E+00
2.150000E+01 1.016623E+00
2.175000E+01 1.016417E+00
2.200000E+01 1.017281E+00
2.225000E+01 1.015023E+00
2.250000E+01 1.014579E+00
2.275000E+01 1.014992E+00
2.300000E+01 1.013702E+00
2.325000E+01 1.012797E+00
2.350000E+01 1.012497E+00
2.375000E+01 1.013425E+00
2.400000E+01 1.011190E+00
2.425000E+01 1.011589E+00
2.450000E+01 1.010971E+00
2.475000E+01 1.011390E+00
2.500000E+01 1.010073E+00
2.525000E+01 1.010779E+00
2.550000E+01 1.011010E+00
2.575000E+01 1.009910E+00
2.600000E+01 1.010424E+00
2.625000E+01 1.010033E+00
2.650000E+01 1.010433E+00
2.675000E+01 1.009078E+00
2.700000E+01 1.008289E+00
2.725000E+01 1.009024E+00
2.750000E+01 1.008787E+00
2.775000E+01 1.007651E+00
2.800000E+01 1.008232E+00
2.825000E+01 1.009342E+00
2.850000E+01 1.007690E+00
2.875000E+01 1.007866E+00
2.900000E+01 1.008295E+00
2.925000E+01 1.007595E+00
2.950000E+01 1.007125E+00
2.975000E+01 1.008029E+00
3.000000E+01 1.005623E+00
3.025000E+01 1.006589E+00
3.050000E+01 1.007058E+00
3.075000E+01 1.007947E+00
3.100000E+01 1.006594E+00
3.125000E+01 1.005908E+00
3.150000E+01 1.006697E+00
3.175000E+01 1.005763E+00
3.200000E+01 1.007340E+00
3.225000E+01 1.005891E+00
3.250000E+01 1.006870E+00
3.275000E+01 1.006534E+00
3.300000E+01 1.006492E+00
3.325000E+01 1.006054E+00
3.350000E+01 1.007285E+00
3.375000E+01 1.005621E+00
3.400000E+01 1.006209E+00
3.425000E+01 1.006185E+00
3.450000E+01 1.007771E+00
3.475000E+01 1.005667E+00
3.500000E+01 1.006376E+00
3.525000E+01 1.004960E+00
3.550000E+01 1.006304E+00
3.575000E+01 1.005208E+00
3.600000E+01 1.006588E+00
3.625000E+01 1.005615E+00
3.650000E+01 1.005599E+00
3.675000E+01 1.005655E+00
3.700000E+01 1.005754E+00
3.725000E+01 1.005940E+00
3.750000E+01 1.004477E+00
3.775000E+01 1.005662E+00
3.800000E+01 1.005505E+00
3.825000E+01 1.005829E+00
3.850000E+01 1.005167E+00
3.875000E+01 1.004946E+00
3.900000E+01 1.005084E+00
3.925000E+01 1.006723E+00
3.950000E+01 1.004667E+00
3.975000E+01 1.005583E+00
4.000000E+01 1.004193E+00
4.025000E+01 1.004921E+00
4.050000E+01 1.004693E+00
4.075000E+01 1.004555E+00
4.100000E+01 1.003810E+00
4.125000E+01 1.005100E+00
4.150000E+01 1.005400E+00
4.175000E+01 1.005018E+00
4.200000E+01 1.005051E+00
4.225000E+01 1.004616E+00
4.250000E+01 1.005054E+00
4.275000E+01 1.004921E+00
4.300000E+01 1.005343E+00
4.325000E+01 1.004190E+00
4.350000E+01 1.004548E+00
4.375000E+01 1.004271E+00
4.400000E+01 1.003534E+00
4.425000E+01 1.004790E+00
4.450000E+01 1.004180E+00
4.475000E+01 1.004246E+00
4.500000E+01 1.004435E+00
4.525000E+01 1.004565E+00
4.550000E+01 1.004209E+00
4.575000E+01 1.003721E+00
4.600000E+01 1.003569E+00
4.625000E+01 1.004793E+00
4.650000E+01 1.003690E+00
4.675000E+01 1.004048E+00
4.700000E+01 1.003820E+00
4.725000E+01 1.003960E+00
4.750000E+01 1.003966E+00
4.775000E+01 1.003658E+00
4.800000E+01 1.004117E+00
4.825000E+01 1.002933E+00
4.850000E+01 1.004482E+00
4.875000E+01 1.004191E+00
4.900000E+01 1.003656E+00
4.925000E+01 1.003978E+00
4.950000E+01 1.003975E+00
4.975000E+01 1.002609E+00
5.000000E+01 1.004064E+00
5.025000E+01 1.003318E+00
5.050000E+01 1.003386E+00
5.075000E+01 1.003313E+00
5.100000E+01 1.003447E+00
5.125000E+01 1.004230E+00
5.150000E+01 1.004270E+00
5.175000E+01 1.003962E+00
5.200000E+01 1.003344E+00
5.225000E+01 1.003871E+00
5.250000E+01 1.003527E+00
5.275000E+01 1.003733E+00
5.300000E+01 1.002739E+00
5.325000E+01 1.002741E+00
5.350000E+01 1.003444E+00
5.375000E+01 1.003074E+00
5.400000E+01 1.003408E+00
5.425000E+01 1.003197E+00
5.450000E+01 1.003730E+00
5.475000E+01 1.003495E+00
5.500000E+01 1.002847E+00
5.525000E+01 1.003053E+00
5.550000E+01 1.003742E+00
5.575000E+01 1.003220E+00
5.600000E+01 1.002447E+00
5.625000E+01 1.002901E+00
5.650000E+01 1.003169E+00
5.675000E+01 1.003287E+00
5.700000E+01 1.003316E+00
5.725000E+01 1.003274E+00
5.750000E+01 1.002746E+00
5.775000E+01 1.003254E+00
5.800000E+01 1.003256E+00
5.825000E+01 1.003097E+00
5.850000E+01 1.003219E+00
5.875000E+01 1.003298E+00
5.900000E+01 1.003278E+00
5.925000E+01 1.002373E+00
5.950000E+01 1.002760E+00
5.975000E+01 1.002968E+00
6.000000E+01 1.002800E+00
6.025000E+01 1.002815E+00
6.050000E+01 1.003259E+00
6.075000E+01 1.003213E+00
6.100000E+01 1.002266E+00
6.125000E+01 1.003216E+00
6.150000E+01 1.002560E+00
6.175000E+01 1.003125E+00
6.200000E+01 1.003016E+00
6.225000E+01 1.002523E+00
6.250000E+01 1.002206E+00
6.275000E+01 1.002651E+00
6.300000E+01 1.002431E+00
6.325000E+01 1.002278E+00
6.350000E+01 1.002384E+00
6.375000E+01 1.002705E+00
6.400000E+01 1.002357E+00
6.425000E+01 1.003205E+00
6.450000E+01 1.002164E+00
6.475000E+01 1.002629E+00
6.500000E+01 1.001851E+00
6.525000E+01 1.002538E+00
6.550000E+01 1.001832E+00
6.575000E+01 1.002695E+00
6.600000E+01 1.002068E+00
6.625000E+01 1.002441E+00
6.650000E+01 1.002028E+00
6.675000E+01 1.002707E+00
6.700000E+01 1.001999E+00
6.725000E+01 1.002278E+00
6.750000E+01 1.002431E+00
6.775000E+01 1.002168E+00
6.800000E+01 1.002091E+00
6.825000E+01 1.002473E+00
6.850000E+01 1.001941E+00
6.875000E+01 1.003086E+00
6.900000E+01 1.001669E+00
6.925000E+01 1.002234E+00
6.950000E+01 1.002430E+00
6.975000E+01 1.001506E+00
7.000000E+01 1.002025E+00
7.025000E+01 1.002384E+00
7.050000E+01 1.002172E+00
7.075000E+01 1.001939E+00
7.100000E+01 1.002040E+00
7.125000E+01 1.002172E+00
7.150000E+01 1.002513E+00
7.175000E+01 1.001818E+00
7.200000E+01 1.002072E+00
7.225000E+01 1.001797E+00
7.250000E+01 1.002243E+00
7.275000E+01 1.001939E+00
7.300000E+01 1.001981E+00
7.325000E+01 1.002003E+00
7.350000E+01 1.001885E+00
7.375000E+01 1.001881E+00
7.400000E+01 1.001732E+00
7.425000E+01 1.001861E+00
7.450000E+01 1.002408E+00
7.475000E+01 1.002325E+00
7.500000E+01 1.001907E+00
7.525000E+01 1.002341E+00
7.550000E+01 1.001156E+00
7.575000E+01 1.001733E+00
7.600000E+01 1.001833E+00
7.625000E+01 1.001783E+00
7.650000E+01 1.002311E+00
7.675000E+01 1.001765E+00
7.700000E+01 1.001190E+00
7.725000E+01 1.002137E+00
7.750000E+01 1.001513E+00
7.775000E+01 1.001658E+00
7.800000E+01 1.002326E+00
7.825000E+01 1.001428E+00
7.850000E+01 1.002012E+00
7.875000E+01 1.001790E+00
7.900000E+01 1.001734E+00
7.925000E+01 1.001224E+00
7.950000E+01 1.001517E+00
7.975000E+01 1.001868E+00
8.000000E+01 1.001896E+00
8.025000E+01 1.001946E+00
8.050000E+01 1.001728E+00
8.075000E+01 1.001515E+00
8.100000E+01 1.001488E+00
8.125000E+01 1.001688E+00
8.150000E+01 1.001380E+00
8.175000E+01 1.001360E+00
8.200000E+01 1.001612E+00
8.225000E+01 1.002079E+00
8.250000E+01 1.001504E+00
8.275000E+01 1.001573E+00
8.300000E+01 1.001316E+00
8.325000E+01 1.001348E+00
8.350000E+01 1.001353E+00
8.375000E+01 1.001540E+00
8.400000E+01 1.001152E+00
8.425000E+01 1.001646E+00
8.450000E+01 1.001114E+00
8.475000E+01 1.001466E+00
8.500000E+01 1.001655E+00
8.525000E+01 1.001806E+00
8.550000E+01 1.001621E+00
8.575000E+01 1.001712E+00
8.600000E+01 1.001333E+00
8.625000E+01 1.001417E+00
8.650000E+01 1.001117E+00
8.675000E+01 1.001330E+00
8.700000E+01 1.001421E+00
8.725000E+01 1.001570E+00
8.750000E+01 1.001437E+00
8.775000E+01 1.001244E+00
8.800000E+01 1.001202E+00
8.825000E+01 1.001162E+00
8.850000E+01 1.001174E+00
8.875000E+01 1.001175E+00
8.900000E+01 1.000928E+00
8.925000E+01 1.001332E+00
8.950000E+01 1.000930E+00
8.975000E+01 1.000849E+00
9.000000E+01 1.001340E+00
9.025000E+01 1.001256E+00
9.050000E+01 1.001115E+00
9.075000E+01 1.001303E+00
9.100000E+01 1.000981E+00
9.125000E+01 1.000766E+00
9.150000E+01 1.000806E+00
9.175000E+01 1.001472E+00
9.200000E+01 1.001005E+00
9.225000E+01 1.001572E+00
9.250000E+01 1.000857E+00
9.275000E+01 1.000938E+00
9.300000E+01 1.001416E+00
9.325000E+01 1.001174E+00
9.350000E+01 1.000888E+00
9.375000E+01 1.001187E+00
9.400000E+01 1.001139E+00
9.425000E+01 1.001416E+00
9.450000E+01 1.001021E+00
9.475000E+01 1.000556E+00
9.500000E+01 1.000961E+00
9.525000E+01 1.000978E+00
9.550000E+01 1.001449E+00
9.575000E+01 1.001212E+00
9.600000E+01 1.000848E+00
9.625000E+01 1.001137E+00
9.650000E+01 1.001005E+00
9.675000E+01 1.001061E+00
9.700000E+01 1.001171E+00
9.725000E+01 1.001179E+00
9.750000E+01 1.000949E+00
9.775000E+01 1.001176E+00
9.800000E+01 1.001092E+00
9.825000E+01 1.000919E+00
9.850000E+01 1.000479E+00
9.875000E+01 1.000711E+00
9.900000E+01 1.000410E+00
9.925000E+01 1.000520E+00
9.950000E+01 1.001071E+00
9.975000E+01 1.001304E+00
1.000000E+02 1.000863E+00
1.002500E+02 1.001029E+00
1.005000E+02 1.000607E+00
1.007500E+02 1.000867E+00
1.010000E+02 1.001060E+00
1.012500E+02 1.000885E+00
1.015000E+02 1.000448E+00
1.017500E+02 1.000733E+00
1.020000E+02 1.000801E+00
1.022500E+02 1.000891E+00
1.025000E+02 1.000789E+00
1.027500E+02 1.000848E+00
1.030000E+02 1.001058E+00
1.032500E+02 1.001204E+00
1.035000E+02 1.000827E+00
1.037500E+02 1.000804E+00
1.040000E+02 1.000662E+00
1.042500E+02 1.000850E+00
1.045000E+02 1.000637E+00
1.047500E+02 1.000674E+00
1.050000E+02 1.000944E+00
1.052500E+02 1.000899E+00
1.055000E+02 1.000457E+00
1.057500E+02 1.000604E+00
1.060000E+02 1.000431E+00
1.062500E+02 1.000980E+00
1.065000E+02 1.000665E+00
1.067500E+02 1.000637E+00
1.070000E+02 1.001026E+00
1.072500E+02 1.000350E+00
1.075000E+02 1.000616E+00
1.077500E+02 1.000650E+00
1.080000E+02 1.000350E+00
1.082500E+02 1.000611E+00
1.085000E+02 1.000607E+00
1.087500E+02 1.000681E+00
1.090000E+02 1.000630E+00
1.092500E+02 1.000388E+00
1.095000E+02 1.000392E+00
1.097500E+02 1.000664E+00
1.100000E+02 1.000548E+00
1.102500E+02 1.000905E+00
1.105000E+02 1.000199E+00
1.107500E+02 1.000458E+00
1.110000E+02 1.000318E+00
1.112500E+02 1.000617E+00
1.115000E+02 1.000351E+00
1.117500E+02 1.000244E+00
1.120000E+02 1.000563E+00
1.122500E+02 1.000434E+00
1.125000E+02 1.000584E+00
1.127500E+02 1.000462E+00
1.130000E+02 1.000188E+00
1.132500E+02 1.000456E+00
1.135000E+02 1.000517E+00
1.137500E+02 1.000390E+00
1.140000E+02 1.000603E+00
1.142500E+02 1.000384E+00
1.145000E+02 1.000368E+00
1.147500E+02 1.000747E+00
1.150000E+02 1.000663E+00
1.152500E+02 1.000054E+00
1.155000E+02 1.000424E+00
1.157500E+02 1.000419E+00
1.160000E+02 1.000456E+00
1.162500E+02 1.000291E+00
1.165000E+02 1.000481E+00
1.167500E+02 1.000404E+00
1.170000E+02 1.000642E+00
1.172500E+02 1.000567E+00
1.175000E+02 1.000321E+00
1.177500E+02 1.000342E+00
1.180000E+02 1.000222E+00
1.182500E+02 1.000408E+00
1.185000E+02 1.000167E+00
1.187500E+02 1.000452E+00
1.190000E+02 1.000215E+00
1.192500E+02 1.000316E+00
1.195000E+02 1.000457E+00
1.197500E+02 1.000003E+00
1.200000E+02 1.000082E+00
1.202500E+02 1.000102E+00
1.205000E+02 1.000125E+00
1.207500E+02 1.000204E+00
1.210000E+02 1.000246E+00
1.212500E+02 1.000130E+00
1.215000E+02 9.999294E-01
1.217500E+02 1.000343E+00
1.220000E+02 1.000034E+00
1.222500E+02 1.000365E+00
1.225000E+02 1.000512E+00
1.227500E+02 1.000382E+00
1.230000E+02 1.000266E+00
1.232500E+02 1.000493E+00
1.235000E+02 9.998425E-01
1.237500E+02 1.000290E+00
1.240000E+02 1.000025E+00
1.242500E+02 9.999786E-01
1.245000E+02 1.000165E+00
1.247500E+02 1.000287E+00
1.250000E+02 9.971467E-01
1.252500E+02 9.916057E-01
1.255000E+02 9.850668E-01
1.257500E+02 9.790699E-01
1.260000E+02 9.732595E-01
1.262500E+02 9.673996E-01
1.265000E+02 9.616166E-01
1.267500E+02 9.557982E-01
1.270000E+02 9.501093E-01
1.272500E+02 9.445851E-01
1.275000E+02 9.384239E-01
1.277500E+02 9.329000E-01
1.280000E+02 9.269400E-01
1.282500E+02 9.212002E-01
1.285000E+02 9.154799E-01
1.287500E+02 9.100401E-01
1.290000E+02 9.042537E-01
1.292500E+02 8.986442E-01
1.295000E+02 8.931468E-01
1.297500E+02 8.873624E-01
1.300000E+02 8.819622E-01
1.302500E+02 8.764998E-01
1.305000E+02 8.709894E-01
1.307500E+02 8.655752E-01
1.310000E+02 8.598109E-01
1.312500E+02 8.545191E-01
1.315000E+02 8.489129E-01
1.317500E+02 8.437758E-01
1.320000E+02 8.382810E-01
1.322500E+02 8.328903E-01
1.325000E+02 8.275312E-01
1.327500E+02 8.222643E-01
1.330000E+02 8.169536E-01
1.332500E+02 8.114940E-01
1.335000E+02 8.063249E-01
1.337500E+02 8.012683E-01
1.340000E+02 7.962347E-01
1.342500E+02 7.910934E-01
1.345000E+02 7.857178E-01
1.347500E+02 7.805399E-01
1.350000E+02 7.753083E-01
1.352500E+02 7.699429E-01
1.355000E+02 7.649656E-01
1.357500E+02 7.598400E-01
1.360000E+02 7.547302E-01
1.362500E+02 7.498481E-01
1.365000E+02 7.448431E-01
1.367500E+02 7.399126E-01
1.370000E+02 7.350120E-01
1.372500E+02 7.296444E-01
1.375000E+02 7.248450E-01
1.377500E+02 7.199525E-01
1.380000E+02 7.147646E-01
1.382500E+02 7.097824E-01
1.385000E+02 7.052261E-01
1.387500E+02 7.004075E-01
1.390000E+02 6.955316E-01
1.392500E+02 6.906561E-01
1.395000E+02 6.857163E-01
1.397500E+02 6.808855E-01
1.400000E+02 6.761164E-01
1.402500E+02 6.712791E-01
1.405000E+02 6.666448E-01
1.407500E+02 6.617333E-01
1.410000E+02 6.570312E-01
1.412500E+02 6.524112E-01
1.415000E+02 6.476013E-01
1.417500E+02 6.430585E-01
1.420000E+02 6.384756E-01
1.422500E+02 6.336343E-01
1.425000E+02 6.291786E-01
1.427500E+02 6.244579E-01
1.430000E+02 6.200258E-01
1.432500E+02 6.153566E-01
1.435000E+02 6.108557E-01
1.437500E+02 6.062302E-01
1.440000E+02 6.019629E-01
1.442500E+02 5.974238E-01
1.445000E+02 5.927623E-01
1.447500E+02 5.883770E-01
1.450000E+02 5.837423E-01
1.452500E+02 5.792098E-01
1.455000E+02 5.750320E-01
1.457500E+02 5.706886E-01
1.460000E+02 5.661730E-01
1.462500E+02 5.619040E-01
1.465000E+02 5.573732E-01
1.467500E+02 5.531710E-01
1.470000E+02 5.487912E-01
1.472500E+02 5.443412E-01
1.475000E+02 5.401423E-01
1.477500E+02 5.357063E-01
1.480000E+02 5.315393E-01
1.482500E+02 5.273923E-01
1.485000E+02 5.228801E-01
1.487500E+02 5.188191E-01
1.490000E+02 5.146640E-01
1.492500E+02 5.104329E-01
1.495000E+02 5.060627E-01
1.497500E+02 5.020603E-01
1.500000E+02 4.977969E-01
1.502500E+02 4.938013E-01
1.505000E+02 4.895803E-01
1.507500E+02 4.853469E-01
1.510000E+02 4.812746E-01
1.512500E+02 4.772535E-01
1.515000E+02 4.731322E-01
1.517500E+02 4.690600E-01
1.520000E+02 4.650836E-01
1.522500E+02 4.611039E-01
1.525000E+02 4.568941E-01
1.527500E+02 4.527778E-01
1.530000E+02 4.487836E-01
1.532500E+02 4.450929E-01
1.535000E+02 4.409297E-01
1.537500E+02 4.370279E-01
1.540000E+02 4.329965E-01
1.542500E+02 4.290275E-01
1.545000E+02 4.251690E-01
1.547500E+02 4.211827E-01
1.550000E+02 4.171602E-01
1.552500E+02 4.133407E-01
1.555000E+02 4.095360E-01
1.557500E+02 4.055751E-01
1.560000E+02 4.017321E-01
1.562500E+02 3.980185E-01
1.565000E+02 3.940321E-01
1.567500E+02 3.903832E-01
1.570000E+02 3.865093E-01
1.572500E+02 3.827172E-01
1.575000E+02 3.788964E-01
1.577500E+02 3.751333E-01
1.580000E+02 3.713830E-01
1.582500E+02 3.676022E-01
1.585000E+02 3.639530E-01
1.587500E+02 3.602510E-01
1.590000E+02 3.564550E-01
1.592500E+02 3.529936E-01
1.595000E+02 3.490944E-01
1.597500E+02 3.455071E-01
1.600000E+02 3.418876E-01
1.602500E+02 3.381416E-01
1.605000E+02 3.345579E-01
1.607500E+02 3.307453E-01
1.610000E+02 3.273079E-01
1.612500E+02 3.235042E-01
1.615000E+02 3.202036E-01
1.617500E+02 3.165807E-01
1.620000E+02 3.128665E-01
1.622500E+02 3.093572E-01
1.625000E+02 3.058305E-01
1.627500E+02 3.023100E-01
1.630000E+02 2.987761E-01
1.632500E+02 2.952880E-01
1.635000E+02 2.915844E-01
1.637500E+02 2.883079E-01
1.640000E+02 2.846905E-01
1.642500E+02 2.813781E-01
1.645000E+02 2.777191E-01
1.647500E+02 2.743873E-01
1.650000E+02 2.708414E-01
1.652500E+02 2.675230E-01
1.655000E+02 2.639985E-01
1.657500E+02 2.606477E-01
1.660000E+02 2.573079E-01
1.662500E+02 2.538911E-01
1.665000E+02 2.505098E-01
1.667500E+02 2.470115E-01
1.670000E+02 2.438937E-01
1.672500E+02 2.405025E-01
1.675000E+02 2.370030E-01
1.677500E+02 2.336845E-01
1.680000E+02 2.302709E-01
1.682500E+02 2.269837E-01
1.685000E+02 2.238498E-01
1.687500E+02 2.204374E-01
1.690000E+02 2.171266E-01
1.692500E+02 2.138468E-01
1.695000E+02 2.106718E-01
1.697500E+02 2.073306E-01
1.700000E+02 2.040271E-01
1.702500E+02 2.009078E-01
1.705000E+02 1.977314E-01
1.707500E+02 1.945622E-01
1.710000E+02 1.912403E-01
1.712500E+02 1.880798E-01
1.715000E+02 1.849387E-01
1.717500E+02 1.817318E-01
1.720000E+02 1.785509E-01
1.722500E+02 1.754181E-01
1.725000E+02 1.722176E-01
1.727500E+02 1.690263E-01
1.730000E+02 1.660678E-01
1.732500E+02 1.627848E-01
1.735000E+02 1.597421E-01
1.737500E+02 1.565979E-01
1.740000E+02 1.534883E-01
1.742500E+02 1.505267E-01
1.745000E+02 1.473954E-01
1.747500E+02 1.443783E-01
1.750000E+02 1.411342E-01
1.752500E+02 1.382952E-01
1.755000E+02 1.352212E-01
1.757500E+02 1.321437E-01
1.760000E+02 1.290499E-01
1.762500E+02 1.260601E-01
1.765000E+02 1.230928E-01
1.767500E+02 1.201273E-01
1.770000E+02 1.174787E-01
1.772500E+02 1.147730E-01
1.775000E+02 1.123062E-01
1.777500E+02 1.098539E-01
1.780000E+02 1.076083E-01
1.782500E+02 1.052509E-01
1.785000E+02 1.030695E-01
1.787500E+02 1.009425E-01
1.790000E+02 9.881318E-02
1.792500E+02 9.672525E-02
1.795000E+02 9.474376E-02
1.797500E+02 9.285995E-02
1.800000E+02 9.094894E-02
1.802500E+02 8.899718E-02
1.805000E+02 8.725973E-02
1.807500E+02 8.538608E-02
1.810000E+02 8.354549E-02
1.812500E+02 8.194707E-02
1.815000E+02 8.021403E-02
1.817500E+02 7.852202E-02
1.820000E+02 7.688521E-02
1.822500E+02 7.524327E-02
1.825000E+02 7.367652E-02
1.827500E+02 7.223807E-02
1.830000E+02 7.064388E-02
1.832500E+02 6.917424E-02
1.835000E+02 6.778572E-02
1.837500E+02 6.632730E-02
1.840000E+02 6.487958E-02
1.842500E+02 6.353049E-02
1.845000E+02 6.218581E-02
1.847500E+02 6.088769E-02
1.850000E+02 5.958452E-02
1.852500E+02 5.826895E-02
1.855000E+02 5.706625E-02
1.857500E+02 5.577357E-02
1.860000E+02 5.463520E-02
1.862500E+02 5.344747E-02
1.865000E+02 5.226631E-02
1.867500E+02 5.108169E-02
1.870000E+02 4.995797E-02
1.872500E+02 4.882953E-02
1.875000E+02 4.775674E-02
1.877500E+02 4.665923E-02
1.880000E+02 4.561990E-02
1.882500E+02 4.454120E-02
1.885000E+02 4.358633E-02
1.887500E+02 4.259847E-02
1.890000E+02 4.159758E-02
1.892500E+02 4.060071E-02
1.895000E+02 3.971439E-02
1.897500E+02 3.873079E-02
1.900000E+02 3.781208E-02
1.902500E+02 3.690183E-02
1.905000E+02 3.606727E-02
1.907500E+02 3.519590E-02
1.910000E+02 3.430549E-02
1.912500E+02 3.347484E-02
1.915000E+02 3.267921E-02
1.917500E+02 3.187154E-02
1.920000E+02 3.104373E-02
1.922500E+02 3.029405E-02
1.925000E+02 2.947884E-02
1.927500E+02 2.876938E-02
1.930000E+02 2.803638E-02
1.932500E+02 2.727838E-02
1.935000E+02 2.661956E-02
1.937500E+02 2.589108E-02
1.940000E+02 2.518143E-02
1.942500E+02 2.455194E-02
1.945000E+02 2.385606E-02
1.947500E+02 2.321309E-02
1.950000E+02 2.256941E-02
1.952500E+02 2.192620E-02
1.955000E+02 2.131157E-02
1.957500E+02 2.072013E-02
1.960000E+02 2.016795E-02
1.962500E+02 1.957909E-02
1.965000E+02 1.900528E-02
1.967500E+02 1.842545E-02
1.970000E+02 1.788805E-02
1.972500E+02 1.736125E-02
1.975000E+02 1.683334E-02
1.977500E+02 1.630794E-02
1.980000E+02 1.582901E-02
1.982500E+02 1.532890E-02
1.985000E+02 1.483902E-02
1.987500E+02 1.436360E-02
1.990000E+02 1.390752E-02
1.992500E+02 1.344975E-02
1.995000E+02 1.299713E-02
1.997500E+02 1.256214E-02
2.000000E+02 1.215604E-02
2.002500E+02 1.171203E-02
2.005000E+02 1.131734E-02
2.007500E+02 1.089993E-02
2.010000E+02 1.051357E-02
2.012500E+02 1.012049E-02
2.015000E+02 9.761194E-03
2.017500E+02 9.413353E-03
2.020000E+02 9.052880E-03
2.022500E+02 8.689020E-03
2.025000E+02 8.347638E-03
2.027500E+02 8.041471E-03
2.030000E+02 7.703299E-03
2.032500E+02 7.395921E-03
2.035000E+02 7.098725E-03
2.037500E+02 6.784997E-03
2.040000E+02 6.497062E-03
2.042500E+02 6.212084E-03
2.045000E+02 5.931167E-03
2.047500E+02 5.682710E-03
2.050000E+02 5.413918E-03
2.052500E+02 5.145410E-03
2.055000E+02 4.910966E-03
2.057500E+02 4.666708E-03
2.060000E+02 4.426545E-03
2.062500E+02 4.201832E-03
2.065000E+02 3.986882E-03
2.067500E+02 3.751475E-03
2.070000E+02 3.561204E-03
2.072500E+02 3.356984E-03
2.075000E+02 3.162887E-03
2.077500E+02 2.974837E-03
2.080000E+02 2.796830E-03
2.082500E+02 2.621301E-03
2.085000E+02 2.452647E-03
2.087500E+02 2.296785E-03
2.090000E+02 2.136589E-03
2.092500E+02 1.992291E-03
2.095000E+02 1.839412E-03
2.097500E+02 1.708693E-03
2.100000E+02 1.572768E-03
2.102500E+02 1.448275E-03
2.105000E+02 1.327689E-03
2.107500E+02 1.210515E-03
2.110000E+02 1.100775E-03
2.112500E+02 9.933297E-04
2.115000E+02 9.016629E-04
2.117500E+02 8.057662E-04
2.120000E+02 7.211127E-04
2.122500E+02 6.377971E-04
2.125000E+02 5.608574E-04
2.127500E+02 4.890430E-04
2.130000E+02 4.242082E-04
2.132500E+02 3.642307E-04
2.135000E+02 3.053248E-04
2.137500E+02 2.533405E-04
2.140000E+02 2.063968E-04
2.142500E+02 1.643116E-04
2.145000E+02 1.256389E-04
2.147500E+02 9.576630E-05
2.150000E+02 6.685229E-05
2.152500E+02 4.650680E-05
2.155000E+02 2.699399E-05
2.157500E+02 1.391169E-05
2.160000E+02 5.716226E-06
2.162500E+02 6.272354E-07
