2.500000E-01 0.000000E+00
5.000000E-01 0.000000E+00
7.500000E-01 0.000000E+00
1.000000E+00 0.000000E+00
1.250000E+00 0.000000E+00
1.500000E+00 0.000000E+00
1.750000E+00 0.000000E+00
2.000000E+00 0.000000E+00
2.250000E+00 0.000000E+00
2.500000E+00 0.000000E+00
2.750000E+00 0.000000E+00
3.000000E+00 0.000000E+00
3.250000E+00 1.712575E-04
3.500000E+00 1.303890E-01
3.750000E+00 1.032180E+01
4.000000E+00 6.878745E+01
4.250000E+00 1.243233E+02
4.500000E+00 1.140077E+02
4.750000E+00 7.812814E+01
5.000000E+00 4.841817E+01
5.250000E+00 2.991712E+01
5.500000E+00 1.926125E+01
5.750000E+00 1.345423E+01
6.000000E+00 1.057412E+01
6.250000E+00 8.899433E+00
6.500000E+00 7.558794E+00
6.750000E+00 6.267506E+00
7.000000E+00 5.147376E+00
7.250000E+00 4.360892E+00
7.500000E+00 4.040023E+00
7.750000E+00 4.405769E+00
8.000000E+00 5.455185E+00
8.250000E+00 6.868866E+00
8.500000E+00 7.646735E+00
8.750000E+00 7.360190E+00
9.000000E+00 6.331133E+00
9.250000E+00 5.122256E+00
9.500000E+00 4.088051E+00
9.750000E+00 3.332501E+00
1.000000E+01 2.817808E+00
1.025000E+01 2.441416E+00
1.050000E+01 2.178680E+00
1.075000E+01 1.981804E+00
1.100000E+01 1.811883E+00
1.125000E+01 1.703364E+00
1.150000E+01 1.624775E+00
1.175000E+01 1.603107E+00
1.200000E+01 1.620543E+00
1.225000E+01 1.662260E+00
1.250000E+01 1.705351E+00
1.275000E+01 1.705461E+00
1.300000E+01 1.657602E+00
1.325000E+01 1.596785E+00
1.350000E+01 1.500247E+00
1.375000E+01 1.423580E+00
1.400000E+01 1.335925E+00
1.425000E+01 1.278121E+00
1.450000E+01 1.230006E+00
1.475000E+01 1.193453E+00
1.500000E+01 1.175147E+00
1.525000E+01 1.145038E+00
1.550000E+01 1.139721E+00
1.575000E+01 1.123442E+00
1.600000E+01 1.121890E+00
1.625000E+01 1.114544E+00
1.650000E+01 1.114493E+00
1.675000E+01 1.114716E+00
1.700000E+01 1.104379E+00
1.725000E+01 1.100363E+00
1.750000E+01 1.089727E+00
1.775000E+01 1.082109E+00
1.800000E+01 1.070678E+00
1.825000E+01 1.058740E+00
1.850000E+01 1.056222E+00
1.875000E+01 1.045188E+00
1.900000E+01 1.044617E+00
1.925000E+01 1.036571E+00
1.950000E+01 1.032279E+00
1.975000E+01 1.030495E+00
2.000000E+01 1.029897E+00
2.025000E+01 1.029443E+00
2.050000E+01 1.025953E+00
2.075000E+01 1.023172E+00
2.100000E+01 1.024703E+00
2.125000E+01 1.022879E+00
2.150000E+01 1.020091E+00
2.175000E+01 1.018502E+00
2.200000E+01 1.016730E+00
2.225000E+01 1.018305E+00
2.250000E+01 1.012660E+00
2.275000E+01 1.012345E+00
2.300000E+01 1.017119E+00
2.325000E+01 1.013634E+00
2.350000E+01 1.012965E+00
2.375000E+01 1.010019E+00
2.400000E+01 1.011556E+00
2.425000E+01 1.010691E+00
2.450000E+01 1.009245E+00
2.475000E+01 1.006822E+00
2.500000E+01 1.006508E+00
2.525000E+01 1.009249E+00
2.550000E+01 1.010835E+00
2.575000E+01 1.006984E+00
2.600000E+01 1.006427E+00
2.625000E+01 1.010082E+00
2.650000E+01 1.008318E+00
2.675000E+01 1.006613E+00
2.700000E+01 1.005606E+00
2.725000E+01 1.008292E+00
2.750000E+01 1.005789E+00
2.775000E+01 1.003886E+00
2.800000E+01 1.007377E+00
2.825000E+01 1.003271E+00
2.850000E+01 1.006900E+00
2.875000E+01 1.004440E+00
2.900000E+01 1.004363E+00
2.925000E+01 1.004476E+00
2.950000E+01 1.002597E+00
2.975000E+01 1.005075E+00
3.000000E+01 1.004083E+00
3.025000E+01 1.005026E+00
3.050000E+01 1.005936E+00
3.075000E+01 1.003846E+00
3.100000E+01 1.004561E+00
3.125000E+01 1.007824E+00
3.150000E+01 1.003695E+00
3.175000E+01 1.003989E+00
3.200000E+01 1.005507E+00
3.225000E+01 1.002050E+00
3.250000E+01 1.004467E+00
3.275000E+01 1.003551E+00
3.300000E+01 1.004029E+00
3.325000E+01 1.004523E+00
3.350000E+01 1.003762E+00
3.375000E+01 1.005644E+00
3.400000E+01 1.003096E+00
3.425000E+01 1.003775E+00
3.450000E+01 1.004596E+00
3.475000E+01 1.004480E+00
3.500000E+01 1.005000E+00
3.525000E+01 1.003345E+00
3.550000E+01 1.003237E+00
3.575000E+01 1.003346E+00
3.600000E+01 1.002563E+00
3.625000E+01 1.004619E+00
3.650000E+01 1.004531E+00
3.675000E+01 1.003153E+00
3.700000E+01 1.002303E+00
3.725000E+01 1.003521E+00
3.750000E+01 1.004236E+00
3.775000E+01 1.003068E+00
3.800000E+01 1.003379E+00
3.825000E+01 1.004102E+00
3.850000E+01 1.005648E+00
3.875000E+01 1.001505E+00
3.900000E+01 1.005366E+00
3.925000E+01 1.003226E+00
3.950000E+01 1.002544E+00
3.975000E+01 1.001889E+00
4.000000E+01 1.002307E+00
4.025000E+01 1.001137E+00
4.050000E+01 1.002682E+00
4.075000E+01 1.002227E+00
4.100000E+01 1.001963E+00
4.125000E+01 1.002379E+00
4.150000E+01 1.003492E+00
4.175000E+01 1.001888E+00
4.200000E+01 1.003631E+00
4.225000E+01 1.002342E+00
4.250000E+01 1.001853E+00
4.275000E+01 1.002072E+00
4.300000E+01 1.002554E+00
4.325000E+01 1.001752E+00
4.350000E+01 1.001605E+00
4.375000E+01 1.001603E+00
4.400000E+01 1.003361E+00
4.425000E+01 1.002587E+00
4.450000E+01 1.002303E+00
4.475000E+01 1.002485E+00
4.500000E+01 1.002139E+00
4.525000E+01 1.003353E+00
4.550000E+01 1.001868E+00
4.575000E+01 1.001797E+00
4.600000E+01 1.002157E+00
4.625000E+01 1.000972E+00
4.650000E+01 1.001210E+00
4.675000E+01 1.002352E+00
4.700000E+01 1.001869E+00
4.725000E+01 1.003094E+00
4.750000E+01 1.001581E+00
4.775000E+01 1.001366E+00
4.800000E+01 1.000655E+00
4.825000E+01 1.002575E+00
4.850000E+01 1.001251E+00
4.875000E+01 1.003380E+00
4.900000E+01 1.002792E+00
4.925000E+01 1.001272E+00
4.950000E+01 1.002905E+00
4.975000E+01 1.002411E+00
5.000000E+01 1.001324E+00
5.025000E+01 1.001290E+00
5.050000E+01 1.001430E+00
5.075000E+01 1.001779E+00
5.100000E+01 1.000690E+00
5.125000E+01 1.000791E+00
5.150000E+01 9.991855E-01
5.175000E+01 1.001839E+00
5.200000E+01 1.001874E+00
5.225000E+01 1.001378E+00
5.250000E+01 9.998822E-01
5.275000E+01 1.000584E+00
5.300000E+01 1.000386E+00
5.325000E+01 1.000659E+00
5.350000E+01 9.998127E-01
5.375000E+01 1.001245E+00
5.400000E+01 1.001405E+00
5.425000E+01 1.001171E+00
5.450000E+01 9.992144E-01
5.475000E+01 1.002892E+00
5.500000E+01 1.001417E+00
5.525000E+01 1.001051E+00
5.550000E+01 1.002257E+00
5.575000E+01 1.001022E+00
5.600000E+01 1.000133E+00
5.625000E+01 9.999941E-01
5.650000E+01 1.000858E+00
5.675000E+01 1.000556E+00
5.700000E+01 1.001161E+00
5.725000E+01 1.000953E+00
5.750000E+01 9.992754E-01
5.775000E+01 1.000969E+00
5.800000E+01 9.999652E-01
5.825000E+01 9.989540E-01
5.850000E+01 1.000923E+00
5.875000E+01 1.002231E+00
5.900000E+01 9.998152E-01
5.925000E+01 1.000165E+00
5.950000E+01 9.996080E-01
5.975000E+01 1.000509E+00
6.000000E+01 1.000882E+00
6.025000E+01 9.994392E-01
6.050000E+01 9.993157E-01
6.075000E+01 9.994550E-01
6.100000E+01 1.000164E+00
6.125000E+01 1.001323E+00
6.150000E+01 9.992421E-01
6.175000E+01 1.000854E+00
6.200000E+01 1.000944E+00
6.225000E+01 9.997969E-01
6.250000E+01 9.998647E-01
6.275000E+01 1.000460E+00
6.300000E+01 9.991934E-01
6.325000E+01 1.000587E+00
6.350000E+01 9.995269E-01
6.375000E+01 9.994146E-01
6.400000E+01 1.000714E+00
6.425000E+01 9.998319E-01
6.450000E+01 9.995919E-01
6.475000E+01 1.000183E+00
6.500000E+01 1.000215E+00
6.525000E+01 9.991869E-01
6.550000E+01 9.995948E-01
6.575000E+01 9.996609E-01
6.600000E+01 9.997907E-01
6.625000E+01 1.000316E+00
6.650000E+01 1.000056E+00
6.675000E+01 1.000838E+00
6.700000E+01 9.992126E-01
6.725000E+01 9.993428E-01
6.750000E+01 9.989340E-01
6.775000E+01 1.000504E+00
6.800000E+01 9.993672E-01
6.825000E+01 9.979204E-01
6.850000E+01 9.992827E-01
6.875000E+01 9.999437E-01
6.900000E+01 9.997633E-01
6.925000E+01 9.986976E-01
6.950000E+01 9.992522E-01
6.975000E+01 9.984288E-01
7.000000E+01 9.992137E-01
7.025000E+01 9.994564E-01
7.050000E+01 9.999904E-01
7.075000E+01 9.991367E-01
7.100000E+01 9.994411E-01
7.125000E+01 9.991441E-01
7.150000E+01 1.000107E+00
7.175000E+01 9.997074E-01
7.200000E+01 9.994076E-01
7.225000E+01 9.993815E-01
7.250000E+01 1.000766E+00
7.275000E+01 9.989698E-01
7.300000E+01 9.989031E-01
7.325000E+01 9.994076E-01
7.350000E+01 9.993720E-01
7.375000E+01 9.991708E-01
7.400000E+01 9.995273E-01
7.425000E+01 1.000137E+00
7.450000E+01 9.996180E-01
7.475000E+01 9.984603E-01
7.500000E+01 9.993918E-01
7.525000E+01 9.991565E-01
7.550000E+01 9.995459E-01
7.575000E+01 9.989781E-01
7.600000E+01 9.988776E-01
7.625000E+01 9.998924E-01
7.650000E+01 9.991563E-01
7.675000E+01 9.985811E-01
7.700000E+01 9.994248E-01
7.725000E+01 9.994594E-01
7.750000E+01 9.985505E-01
7.775000E+01 9.987940E-01
7.800000E+01 9.997596E-01
7.825000E+01 9.986650E-01
7.850000E+01 9.987646E-01
7.875000E+01 9.985610E-01
7.900000E+01 9.988545E-01
7.925000E+01 9.989991E-01
7.950000E+01 9.987624E-01
7.975000E+01 9.993768E-01
8.000000E+01 9.996909E-01
8.025000E+01 9.993635E-01
8.050000E+01 9.988858E-01
8.075000E+01 9.994568E-01
8.100000E+01 9.986073E-01
8.125000E+01 9.990620E-01
8.150000E+01 1.000347E+00
8.175000E+01 9.996776E-01
8.200000E+01 9.992744E-01
8.225000E+01 9.986325E-01
8.250000E+01 9.988294E-01
8.275000E+01 9.993541E-01
8.300000E+01 9.997898E-01
8.325000E+01 9.982476E-01
8.350000E+01 9.995839E-01
8.375000E+01 9.988850E-01
8.400000E+01 9.987235E-01
8.425000E+01 9.998088E-01
8.450000E+01 9.986587E-01
8.475000E+01 9.996868E-01
8.500000E+01 9.990927E-01
8.525000E+01 9.983627E-01
8.550000E+01 9.997056E-01
8.575000E+01 9.994508E-01
8.600000E+01 9.991943E-01
8.625000E+01 9.984479E-01
8.650000E+01 9.985543E-01
8.675000E+01 9.988968E-01
8.700000E+01 9.992245E-01
8.725000E+01 9.988938E-01
8.750000E+01 9.990291E-01
8.775000E+01 9.995824E-01
8.800000E+01 9.982172E-01
8.825000E+01 9.989813E-01
8.850000E+01 9.991575E-01
8.875000E+01 9.986635E-01
8.900000E+01 9.999282E-01
8.925000E+01 9.988529E-01
8.950000E+01 9.992246E-01
8.975000E+01 1.000050E+00
9.000000E+01 9.989443E-01
9.025000E+01 9.984213E-01
9.050000E+01 9.981293E-01
9.075000E+01 9.993020E-01
9.100000E+01 9.986897E-01
9.125000E+01 9.986947E-01
9.150000E+01 9.991867E-01
9.175000E+01 9.986264E-01
9.200000E+01 9.990777E-01
9.225000E+01 9.984490E-01
9.250000E+01 9.988114E-01
9.275000E+01 9.998493E-01
9.300000E+01 9.987137E-01
9.325000E+01 9.989239E-01
9.350000E+01 9.991906E-01
9.375000E+01 9.992923E-01
9.400000E+01 9.989501E-01
9.425000E+01 9.989127E-01
9.450000E+01 9.990322E-01
9.475000E+01 9.987155E-01
9.500000E+01 9.983511E-01
9.525000E+01 9.990501E-01
9.550000E+01 9.991201E-01
9.575000E+01 9.991638E-01
9.600000E+01 9.989297E-01
9.625000E+01 9.982058E-01
9.650000E+01 9.992578E-01
9.675000E+01 9.988185E-01
9.700000E+01 9.986736E-01
9.725000E+01 9.990063E-01
9.750000E+01 9.991645E-01
9.775000E+01 9.988947E-01
9.800000E+01 9.991311E-01
9.825000E+01 9.981345E-01
9.850000E+01 9.994627E-01
9.875000E+01 9.987201E-01
9.900000E+01 9.995268E-01
9.925000E+01 9.984540E-01
9.950000E+01 9.983896E-01
9.975000E+01 9.988790E-01
1.000000E+02 9.992808E-01
1.002500E+02 9.981529E-01
1.005000E+02 9.988445E-01
1.007500E+02 9.988506E-01
1.010000E+02 9.986724E-01
1.012500E+02 9.993979E-01
1.015000E+02 9.990688E-01
1.017500E+02 9.983456E-01
1.020000E+02 9.984905E-01
1.022500E+02 9.993546E-01
1.025000E+02 9.985415E-01
1.027500E+02 9.985826E-01
1.030000E+02 9.981879E-01
1.032500E+02 9.995254E-01
1.035000E+02 9.985467E-01
1.037500E+02 9.985602E-01
1.040000E+02 9.989947E-01
1.042500E+02 9.983199E-01
1.045000E+02 9.989077E-01
1.047500E+02 9.985795E-01
1.050000E+02 1.000027E+00
1.052500E+02 9.980890E-01
1.055000E+02 9.982003E-01
1.057500E+02 9.987815E-01
1.060000E+02 9.992870E-01
1.062500E+02 9.995167E-01
1.065000E+02 9.989098E-01
1.067500E+02 9.985953E-01
1.070000E+02 9.983602E-01
1.072500E+02 9.988707E-01
1.075000E+02 9.992542E-01
1.077500E+02 9.991839E-01
1.080000E+02 9.994512E-01
1.082500E+02 9.987575E-01
1.085000E+02 9.992897E-01
1.087500E+02 9.992127E-01
1.090000E+02 9.984422E-01
1.092500E+02 9.986822E-01
1.095000E+02 9.988401E-01
1.097500E+02 9.991823E-01
1.100000E+02 9.984053E-01
1.102500E+02 9.984716E-01
1.105000E+02 9.988703E-01
1.107500E+02 9.985294E-01
1.110000E+02 9.989078E-01
1.112500E+02 9.983159E-01
1.115000E+02 9.989917E-01
1.117500E+02 9.990268E-01
1.120000E+02 9.986201E-01
1.122500E+02 9.982700E-01
1.125000E+02 9.984181E-01
1.127500E+02 9.989570E-01
1.130000E+02 9.990285E-01
1.132500E+02 9.985108E-01
1.135000E+02 9.987633E-01
1.137500E+02 9.985562E-01
1.140000E+02 9.986001E-01
1.142500E+02 9.990344E-01
1.145000E+02 9.987988E-01
1.147500E+02 9.983509E-01
1.150000E+02 9.982712E-01
1.152500E+02 9.986226E-01
1.155000E+02 9.985038E-01
1.157500E+02 9.986977E-01
1.160000E+02 9.987042E-01
1.162500E+02 9.991735E-01
1.165000E+02 9.988390E-01
1.167500E+02 9.984248E-01
1.170000E+02 9.984650E-01
1.172500E+02 9.982053E-01
1.175000E+02 9.986915E-01
1.177500E+02 9.983560E-01
1.180000E+02 9.979030E-01
1.182500E+02 9.987851E-01
1.185000E+02 9.984788E-01
1.187500E+02 9.989040E-01
1.190000E+02 9.984589E-01
1.192500E+02 9.981423E-01
1.195000E+02 9.988675E-01
1.197500E+02 9.984445E-01
1.200000E+02 9.985822E-01
1.202500E+02 9.985293E-01
1.205000E+02 9.986472E-01
1.207500E+02 9.983193E-01
1.210000E+02 9.992195E-01
1.212500E+02 9.986685E-01
1.215000E+02 9.987119E-01
1.217500E+02 9.985986E-01
1.220000E+02 9.985019E-01
1.222500E+02 9.987865E-01
1.225000E+02 9.982594E-01
1.227500E+02 9.983840E-01
1.230000E+02 9.982523E-01
1.232500E+02 9.984565E-01
1.235000E+02 9.982457E-01
1.237500E+02 9.984285E-01
1.240000E+02 9.984226E-01
1.242500E+02 9.979431E-01
1.245000E+02 9.983558E-01
1.247500E+02 9.985203E-01
1.250000E+02 9.957516E-01
1.252500E+02 9.894288E-01
1.255000E+02 9.837230E-01
1.257500E+02 9.782585E-01
1.260000E+02 9.719804E-01
1.262500E+02 9.656144E-01
1.265000E+02 9.600628E-01
1.267500E+02 9.544079E-01
1.270000E+02 9.484035E-01
1.272500E+02 9.424208E-01
1.275000E+02 9.366026E-01
1.277500E+02 9.308652E-01
1.280000E+02 9.252845E-01
1.282500E+02 9.198226E-01
1.285000E+02 9.138973E-01
1.287500E+02 9.084311E-01
1.290000E+02 9.027731E-01
1.292500E+02 8.968788E-01
1.295000E+02 8.918965E-01
1.297500E+02 8.857422E-01
1.300000E+02 8.803830E-01
1.302500E+02 8.746579E-01
1.305000E+02 8.695979E-01
1.307500E+02 8.645788E-01
1.310000E+02 8.576611E-01
1.312500E+02 8.524993E-01
1.315000E+02 8.474735E-01
1.317500E+02 8.418390E-01
1.320000E+02 8.365395E-01
1.322500E+02 8.311134E-01
1.325000E+02 8.259415E-01
1.327500E+02 8.213471E-01
1.330000E+02 8.157754E-01
1.332500E+02 8.105097E-01
1.335000E+02 8.049942E-01
1.337500E+02 7.999573E-01
1.340000E+02 7.942936E-01
1.342500E+02 7.894058E-01
1.345000E+02 7.842862E-01
1.347500E+02 7.788501E-01
1.350000E+02 7.738295E-01
1.352500E+02 7.686535E-01
1.355000E+02 7.636797E-01
1.357500E+02 7.581184E-01
1.360000E+02 7.539219E-01
1.362500E+02 7.486523E-01
1.365000E+02 7.430475E-01
1.367500E+02 7.384565E-01
1.370000E+02 7.334586E-01
1.372500E+02 7.286812E-01
1.375000E+02 7.234166E-01
1.377500E+02 7.185948E-01
1.380000E+02 7.136995E-01
1.382500E+02 7.087771E-01
1.385000E+02 7.037649E-01
1.387500E+02 6.991716E-01
1.390000E+02 6.947622E-01
1.392500E+02 6.897436E-01
1.395000E+02 6.849988E-01
1.397500E+02 6.794502E-01
1.400000E+02 6.749410E-01
1.402500E+02 6.703458E-01
1.405000E+02 6.657804E-01
1.407500E+02 6.608907E-01
1.410000E+02 6.563518E-01
1.412500E+02 6.515151E-01
1.415000E+02 6.466357E-01
1.417500E+02 6.420259E-01
1.420000E+02 6.375313E-01
1.422500E+02 6.332595E-01
1.425000E+02 6.280428E-01
1.427500E+02 6.234301E-01
1.430000E+02 6.190031E-01
1.432500E+02 6.145400E-01
1.435000E+02 6.103972E-01
1.437500E+02 6.064810E-01
1.440000E+02 6.008476E-01
1.442500E+02 5.970007E-01
1.445000E+02 5.921157E-01
1.447500E+02 5.878333E-01
1.450000E+02 5.830031E-01
1.452500E+02 5.783841E-01
1.455000E+02 5.741453E-01
1.457500E+02 5.696516E-01
1.460000E+02 5.654852E-01
1.462500E+02 5.612286E-01
1.465000E+02 5.566920E-01
1.467500E+02 5.526167E-01
1.470000E+02 5.482257E-01
1.472500E+02 5.437381E-01
1.475000E+02 5.394028E-01
1.477500E+02 5.351493E-01
1.480000E+02 5.305958E-01
1.482500E+02 5.263361E-01
1.485000E+02 5.222470E-01
1.487500E+02 5.180345E-01
1.490000E+02 5.137689E-01
1.492500E+02 5.096621E-01
1.495000E+02 5.057341E-01
1.497500E+02 5.011190E-01
1.500000E+02 4.971937E-01
1.502500E+02 4.930277E-01
1.505000E+02 4.886768E-01
1.507500E+02 4.843250E-01
1.510000E+02 4.805050E-01
1.512500E+02 4.765007E-01
1.515000E+02 4.722810E-01
1.517500E+02 4.684817E-01
1.520000E+02 4.643085E-01
1.522500E+02 4.605159E-01
1.525000E+02 4.565368E-01
1.527500E+02 4.521060E-01
1.530000E+02 4.484708E-01
1.532500E+02 4.442275E-01
1.535000E+02 4.397165E-01
1.537500E+02 4.360127E-01
1.540000E+02 4.325547E-01
1.542500E+02 4.285709E-01
1.545000E+02 4.244370E-01
1.547500E+02 4.207735E-01
1.550000E+02 4.164221E-01
1.552500E+02 4.127354E-01
1.555000E+02 4.089778E-01
1.557500E+02 4.050298E-01
1.560000E+02 4.010517E-01
1.562500E+02 3.974637E-01
1.565000E+02 3.936096E-01
1.567500E+02 3.898159E-01
1.570000E+02 3.858401E-01
1.572500E+02 3.820441E-01
1.575000E+02 3.784702E-01
1.577500E+02 3.746902E-01
1.580000E+02 3.707977E-01
1.582500E+02 3.673474E-01
1.585000E+02 3.631375E-01
1.587500E+02 3.596186E-01
1.590000E+02 3.560722E-01
1.592500E+02 3.521261E-01
1.595000E+02 3.488278E-01
1.597500E+02 3.451478E-01
1.600000E+02 3.413234E-01
1.602500E+02 3.374969E-01
1.605000E+02 3.341099E-01
1.607500E+02 3.302882E-01
1.610000E+02 3.268413E-01
1.612500E+02 3.230078E-01
1.615000E+02 3.194846E-01
1.617500E+02 3.161837E-01
1.620000E+02 3.126359E-01
1.622500E+02 3.089692E-01
1.625000E+02 3.053126E-01
1.627500E+02 3.019370E-01
1.630000E+02 2.983448E-01
1.632500E+02 2.946292E-01
1.635000E+02 2.912396E-01
1.637500E+02 2.876687E-01
1.640000E+02 2.844834E-01
1.642500E+02 2.807704E-01
1.645000E+02 2.773221E-01
1.647500E+02 2.739611E-01
1.650000E+02 2.703460E-01
1.652500E+02 2.669483E-01
1.655000E+02 2.634810E-01
1.657500E+02 2.600584E-01
1.660000E+02 2.567955E-01
1.662500E+02 2.534331E-01
1.665000E+02 2.498859E-01
1.667500E+02 2.467253E-01
1.670000E+02 2.433936E-01
1.672500E+02 2.402315E-01
1.675000E+02 2.366945E-01
1.677500E+02 2.333281E-01
1.680000E+02 2.299136E-01
1.682500E+02 2.268406E-01
1.685000E+02 2.235149E-01
1.687500E+02 2.201827E-01
1.690000E+02 2.168286E-01
1.692500E+02 2.137438E-01
1.695000E+02 2.102555E-01
1.697500E+02 2.070866E-01
1.700000E+02 2.038662E-01
1.702500E+02 2.006354E-01
1.705000E+02 1.973702E-01
1.707500E+02 1.942059E-01
1.710000E+02 1.909505E-01
1.712500E+02 1.879037E-01
1.715000E+02 1.848027E-01
1.717500E+02 1.813680E-01
1.720000E+02 1.782896E-01
1.722500E+02 1.752698E-01
1.725000E+02 1.722757E-01
1.727500E+02 1.689264E-01
1.730000E+02 1.658267E-01
1.732500E+02 1.628091E-01
1.735000E+02 1.594221E-01
1.737500E+02 1.564397E-01
1.740000E+02 1.532756E-01
1.742500E+02 1.501506E-01
1.745000E+02 1.471699E-01
1.747500E+02 1.442544E-01
1.750000E+02 1.410327E-01
1.752500E+02 1.379911E-01
1.755000E+02 1.349674E-01
1.757500E+02 1.321462E-01
1.760000E+02 1.289494E-01
1.762500E+02 1.260942E-01
1.765000E+02 1.228939E-01
1.767500E+02 1.200245E-01
1.770000E+02 1.173123E-01
1.772500E+02 1.146426E-01
1.775000E+02 1.121799E-01
1.777500E+02 1.098484E-01
1.780000E+02 1.073970E-01
1.782500E+02 1.050950E-01
1.785000E+02 1.029869E-01
1.787500E+02 1.008759E-01
1.790000E+02 9.871496E-02
1.792500E+02 9.662399E-02
1.795000E+02 9.467712E-02
1.797500E+02 9.273952E-02
1.800000E+02 9.078076E-02
1.802500E+02 8.892193E-02
1.805000E+02 8.711240E-02
1.807500E+02 8.519150E-02
1.810000E+02 8.354834E-02
1.812500E+02 8.174399E-02
1.815000E+02 7.998912E-02
1.817500E+02 7.852166E-02
1.820000E+02 7.684341E-02
1.822500E+02 7.527722E-02
1.825000E+02 7.366961E-02
1.827500E+02 7.211634E-02
1.830000E+02 7.071917E-02
1.832500E+02 6.917238E-02
1.835000E+02 6.768457E-02
1.837500E+02 6.622319E-02
1.840000E+02 6.492321E-02
1.842500E+02 6.342744E-02
1.845000E+02 6.223580E-02
1.847500E+02 6.074718E-02
1.850000E+02 5.951642E-02
1.852500E+02 5.822751E-02
1.855000E+02 5.704211E-02
1.857500E+02 5.572189E-02
1.860000E+02 5.449437E-02
1.862500E+02 5.341793E-02
1.865000E+02 5.217274E-02
1.867500E+02 5.099565E-02
1.870000E+02 4.988662E-02
1.872500E+02 4.885314E-02
1.875000E+02 4.761676E-02
1.877500E+02 4.658527E-02
1.880000E+02 4.555716E-02
1.882500E+02 4.446624E-02
1.885000E+02 4.352813E-02
1.887500E+02 4.243870E-02
1.890000E+02 4.150947E-02
1.892500E+02 4.057915E-02
1.895000E+02 3.962589E-02
1.897500E+02 3.870091E-02
1.900000E+02 3.775576E-02
1.902500E+02 3.687722E-02
1.905000E+02 3.599811E-02
1.907500E+02 3.507929E-02
1.910000E+02 3.432988E-02
1.912500E+02 3.348253E-02
1.915000E+02 3.257802E-02
1.917500E+02 3.183098E-02
1.920000E+02 3.101342E-02
1.922500E+02 3.024453E-02
1.925000E+02 2.948950E-02
1.927500E+02 2.867922E-02
1.930000E+02 2.800454E-02
1.932500E+02 2.724960E-02
1.935000E+02 2.648161E-02
1.937500E+02 2.582803E-02
1.940000E+02 2.510641E-02
1.942500E+02 2.448457E-02
1.945000E+02 2.381110E-02
1.947500E+02 2.312851E-02
1.950000E+02 2.254396E-02
1.952500E+02 2.196641E-02
1.955000E+02 2.131478E-02
1.957500E+02 2.075765E-02
1.960000E+02 2.013837E-02
1.962500E+02 1.956575E-02
1.965000E+02 1.897575E-02
1.967500E+02 1.843209E-02
1.970000E+02 1.785980E-02
1.972500E+02 1.733192E-02
1.975000E+02 1.676835E-02
1.977500E+02 1.630586E-02
1.980000E+02 1.576939E-02
1.982500E+02 1.531054E-02
1.985000E+02 1.484441E-02
1.987500E+02 1.439078E-02
1.990000E+02 1.390796E-02
1.992500E+02 1.341990E-02
1.995000E+02 1.298251E-02
1.997500E+02 1.254609E-02
2.000000E+02 1.208640E-02
2.002500E+02 1.169707E-02
2.005000E+02 1.128540E-02
2.007500E+02 1.091443E-02
2.010000E+02 1.054137E-02
2.012500E+02 1.013052E-02
2.015000E+02 9.787119E-03
2.017500E+02 9.366193E-03
2.020000E+02 9.057617E-03
2.022500E+02 8.680931E-03
2.025000E+02 8.371805E-03
2.027500E+02 8.033637E-03
2.030000E+02 7.687276E-03
2.032500E+02 7.358665E-03
2.035000E+02 7.051955E-03
2.037500E+02 6.812131E-03
2.040000E+02 6.499741E-03
2.042500E+02 6.182269E-03
2.045000E+02 5.897342E-03
2.047500E+02 5.671779E-03
2.050000E+02 5.410238E-03
2.052500E+02 5.123202E-03
2.055000E+02 4.885007E-03
2.057500E+02 4.653979E-03
2.060000E+02 4.392684E-03
2.062500E+02 4.184138E-03
2.065000E+02 3.959025E-03
2.067500E+02 3.758179E-03
2.070000E+02 3.570914E-03
2.072500E+02 3.369548E-03
2.075000E+02 3.160949E-03
2.077500E+02 2.972497E-03
2.080000E+02 2.796984E-03
2.082500E+02 2.624556E-03
2.085000E+02 2.434347E-03
2.087500E+02 2.285846E-03
2.090000E+02 2.122395E-03
2.092500E+02 1.997437E-03
2.095000E+02 1.862229E-03
2.097500E+02 1.719560E-03
2.100000E+02 1.576703E-03
2.102500E+02 1.446838E-03
2.105000E+02 1.324035E-03
2.107500E+02 1.204457E-03
2.110000E+02 1.099175E-03
2.112500E+02 1.008981E-03
2.115000E+02 8.942988E-04
2.117500E+02 8.062575E-04
2.120000E+02 7.190312E-04
2.122500E+02 6.420510E-04
2.125000E+02 5.618255E-04
2.127500E+02 4.906075E-04
2.130000E+02 4.292912E-04
2.132500E+02 3.641637E-04
2.135000E+02 3.100151E-04
2.137500E+02 2.537432E-04
2.140000E+02 2.072526E-04
2.142500E+02 1.606629E-04
2.145000E+02 1.281286E-04
2.147500E+02 9.719667E-05
2.150000E+02 6.867784E-05
2.152500E+02 4.665498E-05
2.155000E+02 2.820074E-05
2.157500E+02 1.480607E-05
2.160000E+02 5.350422E-06
2.162500E+02 1.005721E-06
