2.500000E-01 0.000000E+00
5.000000E-01 0.000000E+00
7.500000E-01 0.000000E+00
1.000000E+00 0.000000E+00
1.250000E+00 0.000000E+00
1.500000E+00 0.000000E+00
1.750000E+00 0.000000E+00
2.000000E+00 0.000000E+00
2.250000E+00 0.000000E+00
2.500000E+00 0.000000E+00
2.750000E+00 0.000000E+00
3.000000E+00 0.000000E+00
3.250000E+00 0.000000E+00
3.500000E+00 5.138775E-02
3.750000E+00 4.206571E+00
4.000000E+00 3.181247E+01
4.250000E+00 6.372733E+01
4.500000E+00 6.399612E+01
4.750000E+00 4.784055E+01
5.000000E+00 3.200095E+01
5.250000E+00 2.103117E+01
5.500000E+00 1.425180E+01
5.750000E+00 1.015248E+01
6.000000E+00 7.885230E+00
6.250000E+00 6.449182E+00
6.500000E+00 5.411267E+00
6.750000E+00 4.482915E+00
7.000000E+00 3.652296E+00
7.250000E+00 3.047362E+00
7.500000E+00 2.679402E+00
7.750000E+00 2.570343E+00
8.000000E+00 2.727183E+00
8.250000E+00 3.056134E+00
8.500000E+00 3.258613E+00
8.750000E+00 3.246312E+00
9.000000E+00 2.974916E+00
9.250000E+00 2.612417E+00
9.500000E+00 2.250462E+00
9.750000E+00 1.968035E+00
1.000000E+01 1.759705E+00
1.025000E+01 1.606629E+00
1.050000E+01 1.489326E+00
1.075000E+01 1.386377E+00
1.100000E+01 1.324390E+00
1.125000E+01 1.269755E+00
1.150000E+01 1.222316E+00
1.175000E+01 1.195553E+00
1.200000E+01 1.182900E+00
1.225000E+01 1.176554E+00
1.250000E+01 1.175854E+00
1.275000E+01 1.163454E+00
1.300000E+01 1.167966E+00
1.325000E+01 1.146841E+00
1.350000E+01 1.136173E+00
1.375000E+01 1.117526E+00
1.400000E+01 1.098468E+00
1.425000E+01 1.076575E+00
1.450000E+01 1.068017E+00
1.475000E+01 1.055616E+00
1.500000E+01 1.048652E+00
1.525000E+01 1.041441E+00
1.550000E+01 1.038498E+00
1.575000E+01 1.030920E+00
1.600000E+01 1.031636E+00
1.625000E+01 1.027347E+00
1.650000E+01 1.027832E+00
1.675000E+01 1.026489E+00
1.700000E+01 1.026615E+00
1.725000E+01 1.026198E+00
1.750000E+01 1.024276E+00
1.775000E+01 1.022312E+00
1.800000E+01 1.017030E+00
1.825000E+01 1.019006E+00
1.850000E+01 1.020636E+00
1.875000E+01 1.016883E+00
1.900000E+01 1.015709E+00
1.925000E+01 1.014526E+00
1.950000E+01 1.012375E+00
1.975000E+01 1.011963E+00
2.000000E+01 1.014142E+00
2.025000E+01 1.013156E+00
2.050000E+01 1.007367E+00
2.075000E+01 1.011060E+00
2.100000E+01 1.007512E+00
2.125000E+01 1.007096E+00
2.150000E+01 1.011807E+00
2.175000E+01 1.007945E+00
2.200000E+01 1.011785E+00
2.225000E+01 1.009148E+00
2.250000E+01 1.009994E+00
2.275000E+01 1.008239E+00
2.300000E+01 1.011169E+00
2.325000E+01 1.005948E+00
2.350000E+01 1.013060E+00
2.375000E+01 1.009374E+00
2.400000E+01 1.010523E+00
2.425000E+01 1.007310E+00
2.450000E+01 1.007657E+00
2.475000E+01 1.010393E+00
2.500000E+01 1.007319E+00
2.525000E+01 1.006080E+00
2.550000E+01 1.007675E+00
2.575000E+01 1.006872E+00
2.600000E+01 1.008437E+00
2.625000E+01 1.007347E+00
2.650000E+01 1.009941E+00
2.675000E+01 1.006739E+00
2.700000E+01 1.005683E+00
2.725000E+01 1.006392E+00
2.750000E+01 1.007071E+00
2.775000E+01 1.006775E+00
2.800000E+01 1.009488E+00
2.825000E+01 1.011109E+00
2.850000E+01 1.008601E+00
2.875000E+01 1.009113E+00
2.900000E+01 1.006757E+00
2.925000E+01 1.006910E+00
2.950000E+01 1.007969E+00
2.975000E+01 1.009228E+00
3.000000E+01 1.004533E+00
3.025000E+01 1.003059E+00
3.050000E+01 1.006583E+00
3.075000E+01 1.004460E+00
3.100000E+01 1.005470E+00
3.125000E+01 1.006702E+00
3.150000E+01 1.005738E+00
3.175000E+01 1.005809E+00
3.200000E+01 1.005145E+00
3.225000E+01 1.006162E+00
3.250000E+01 1.005855E+00
3.275000E+01 1.004950E+00
3.300000E+01 1.005992E+00
3.325000E+01 1.007649E+00
3.350000E+01 1.006543E+00
3.375000E+01 1.006790E+00
3.400000E+01 1.005188E+00
3.425000E+01 1.005238E+00
3.450000E+01 1.006915E+00
3.475000E+01 1.005864E+00
3.500000E+01 1.004607E+00
3.525000E+01 1.003754E+00
3.550000E+01 1.004111E+00
3.575000E+01 1.004318E+00
3.600000E+01 1.009371E+00
3.625000E+01 1.004290E+00
3.650000E+01 1.005364E+00
3.675000E+01 1.006215E+00
3.700000E+01 1.004150E+00
3.725000E+01 1.005778E+00
3.750000E+01 1.004026E+00
3.775000E+01 1.006785E+00
3.800000E+01 1.004852E+00
3.825000E+01 1.004410E+00
3.850000E+01 1.004117E+00
3.875000E+01 1.003841E+00
3.900000E+01 1.004852E+00
3.925000E+01 1.004695E+00
3.950000E+01 1.005101E+00
3.975000E+01 1.006169E+00
4.000000E+01 1.004691E+00
4.025000E+01 1.004210E+00
4.050000E+01 1.004756E+00
4.075000E+01 1.004700E+00
4.100000E+01 1.005460E+00
4.125000E+01 1.004771E+00
4.150000E+01 1.004559E+00
4.175000E+01 1.002851E+00
4.200000E+01 1.004896E+00
4.225000E+01 1.002806E+00
4.250000E+01 1.003979E+00
4.275000E+01 1.005412E+00
4.300000E+01 1.005095E+00
4.325000E+01 1.005299E+00
4.350000E+01 1.004652E+00
4.375000E+01 1.002738E+00
4.400000E+01 1.004205E+00
4.425000E+01 1.003675E+00
4.450000E+01 1.004232E+00
4.475000E+01 1.003973E+00
4.500000E+01 1.003305E+00
4.525000E+01 1.004396E+00
4.550000E+01 1.005383E+00
4.575000E+01 1.002910E+00
4.600000E+01 1.003221E+00
4.625000E+01 1.004178E+00
4.650000E+01 1.003931E+00
4.675000E+01 1.005317E+00
4.700000E+01 1.003521E+00
4.725000E+01 1.003991E+00
4.750000E+01 1.003136E+00
4.775000E+01 1.002587E+00
4.800000E+01 1.004932E+00
4.825000E+01 1.003336E+00
4.850000E+01 1.003201E+00
4.875000E+01 1.004837E+00
4.900000E+01 1.005152E+00
4.925000E+01 1.003727E+00
4.950000E+01 1.003112E+00
4.975000E+01 1.002183E+00
5.000000E+01 1.002866E+00
5.025000E+01 1.003511E+00
5.050000E+01 1.002599E+00
5.075000E+01 1.001931E+00
5.100000E+01 1.002508E+00
5.125000E+01 1.001902E+00
5.150000E+01 1.002471E+00
5.175000E+01 1.003105E+00
5.200000E+01 1.002227E+00
5.225000E+01 1.001685E+00
5.250000E+01 1.003384E+00
5.275000E+01 1.002798E+00
5.300000E+01 1.003258E+00
5.325000E+01 1.004056E+00
5.350000E+01 1.002935E+00
5.375000E+01 1.003504E+00
5.400000E+01 1.002913E+00
5.425000E+01 1.002577E+00
5.450000E+01 1.003100E+00
5.475000E+01 1.001959E+00
5.500000E+01 1.002439E+00
5.525000E+01 1.003426E+00
5.550000E+01 1.003048E+00
5.575000E+01 1.003059E+00
5.600000E+01 1.003403E+00
5.625000E+01 1.003133E+00
5.650000E+01 1.003708E+00
5.675000E+01 1.002813E+00
5.700000E+01 1.003127E+00
5.725000E+01 1.002780E+00
5.750000E+01 1.001977E+00
5.775000E+01 1.002633E+00
5.800000E+01 1.002083E+00
5.825000E+01 1.002558E+00
5.850000E+01 1.002768E+00
5.875000E+01 1.002583E+00
5.900000E+01 1.002691E+00
5.925000E+01 1.003227E+00
5.950000E+01 1.002703E+00
5.975000E+01 1.003065E+00
6.000000E+01 1.002601E+00
6.025000E+01 1.002280E+00
6.050000E+01 1.001766E+00
6.075000E+01 1.002499E+00
6.100000E+01 1.002360E+00
6.125000E+01 1.003465E+00
6.150000E+01 1.002152E+00
6.175000E+01 1.003168E+00
6.200000E+01 1.003716E+00
6.225000E+01 1.001317E+00
6.250000E+01 1.002723E+00
6.275000E+01 1.001909E+00
6.300000E+01 1.003131E+00
6.325000E+01 1.002814E+00
6.350000E+01 1.002126E+00
6.375000E+01 1.002374E+00
6.400000E+01 1.002635E+00
6.425000E+01 1.002439E+00
6.450000E+01 1.001942E+00
6.475000E+01 1.001973E+00
6.500000E+01 1.002149E+00
6.525000E+01 1.003033E+00
6.550000E+01 1.002382E+00
6.575000E+01 1.002288E+00
6.600000E+01 1.002693E+00
6.625000E+01 1.003138E+00
6.650000E+01 1.002485E+00
6.675000E+01 1.002768E+00
6.700000E+01 1.002941E+00
6.725000E+01 1.002953E+00
6.750000E+01 1.002114E+00
6.775000E+01 1.001452E+00
6.800000E+01 1.002198E+00
6.825000E+01 1.002341E+00
6.850000E+01 1.004607E+00
6.875000E+01 1.002033E+00
6.900000E+01 1.002089E+00
6.925000E+01 1.001617E+00
6.950000E+01 1.001659E+00
6.975000E+01 1.002355E+00
7.000000E+01 1.002045E+00
7.025000E+01 1.000891E+00
7.050000E+01 1.001860E+00
7.075000E+01 1.003598E+00
7.100000E+01 1.002148E+00
7.125000E+01 1.002321E+00
7.150000E+01 1.002222E+00
7.175000E+01 1.001608E+00
7.200000E+01 1.001681E+00
7.225000E+01 1.001592E+00
7.250000E+01 1.001393E+00
7.275000E+01 1.002816E+00
7.300000E+01 1.002390E+00
7.325000E+01 1.001797E+00
7.350000E+01 1.001388E+00
7.375000E+01 1.001941E+00
7.400000E+01 1.001930E+00
7.425000E+01 1.002367E+00
7.450000E+01 1.002399E+00
7.475000E+01 1.000732E+00
7.500000E+01 1.000984E+00
7.525000E+01 1.001837E+00
7.550000E+01 1.002449E+00
7.575000E+01 1.001277E+00
7.600000E+01 1.001047E+00
7.625000E+01 1.002137E+00
7.650000E+01 1.001641E+00
7.675000E+01 1.001454E+00
7.700000E+01 1.000954E+00
7.725000E+01 1.001503E+00
7.750000E+01 1.001010E+00
7.775000E+01 1.001562E+00
7.800000E+01 1.000704E+00
7.825000E+01 1.002116E+00
7.850000E+01 1.001554E+00
7.875000E+01 1.002896E+00
7.900000E+01 1.001249E+00
7.925000E+01 1.001771E+00
7.950000E+01 1.000621E+00
7.975000E+01 1.001466E+00
8.000000E+01 1.002011E+00
8.025000E+01 1.001075E+00
8.050000E+01 1.002030E+00
8.075000E+01 1.000307E+00
8.100000E+01 1.001239E+00
8.125000E+01 1.001387E+00
8.150000E+01 1.001015E+00
8.175000E+01 1.000280E+00
8.200000E+01 1.001378E+00
8.225000E+01 1.001299E+00
8.250000E+01 1.001598E+00
8.275000E+01 1.000669E+00
8.300000E+01 1.001127E+00
8.325000E+01 1.001136E+00
8.350000E+01 1.001271E+00
8.375000E+01 1.001994E+00
8.400000E+01 1.000671E+00
8.425000E+01 1.001141E+00
8.450000E+01 1.002495E+00
8.475000E+01 1.001261E+00
8.500000E+01 1.001731E+00
8.525000E+01 1.001356E+00
8.550000E+01 1.000991E+00
8.575000E+01 1.001525E+00
8.600000E+01 1.001156E+00
8.625000E+01 1.000864E+00
8.650000E+01 1.000826E+00
8.675000E+01 1.001297E+00
8.700000E+01 1.000585E+00
8.725000E+01 1.000312E+00
8.750000E+01 1.001676E+00
8.775000E+01 1.001231E+00
8.800000E+01 1.001459E+00
8.825000E+01 1.001908E+00
8.850000E+01 1.001488E+00
8.875000E+01 1.001414E+00
8.900000E+01 1.000950E+00
8.925000E+01 1.001606E+00
8.950000E+01 1.001006E+00
8.975000E+01 1.001469E+00
9.000000E+01 1.001155E+00
9.025000E+01 1.000339E+00
9.050000E+01 1.000744E+00
9.075000E+01 1.000410E+00
9.100000E+01 1.000644E+00
9.125000E+01 1.000364E+00
9.150000E+01 1.001339E+00
9.175000E+01 1.001496E+00
9.200000E+01 1.000339E+00
9.225000E+01 1.001562E+00
9.250000E+01 1.001289E+00
9.275000E+01 1.001321E+00
9.300000E+01 1.001329E+00
9.325000E+01 1.001049E+00
9.350000E+01 1.001692E+00
9.375000E+01 1.001341E+00
9.400000E+01 1.000935E+00
9.425000E+01 9.997598E-01
9.450000E+01 1.000962E+00
9.475000E+01 1.000193E+00
9.500000E+01 1.001190E+00
9.525000E+01 1.000518E+00
9.550000E+01 1.001474E+00
9.575000E+01 1.000469E+00
9.600000E+01 1.001081E+00
9.625000E+01 1.001736E+00
9.650000E+01 1.001253E+00
9.675000E+01 1.000550E+00
9.700000E+01 1.000375E+00
9.725000E+01 1.000774E+00
9.750000E+01 1.000852E+00
9.775000E+01 1.001107E+00
9.800000E+01 1.001267E+00
9.825000E+01 1.000569E+00
9.850000E+01 1.001341E+00
9.875000E+01 1.001848E+00
9.900000E+01 1.000870E+00
9.925000E+01 1.000473E+00
9.950000E+01 1.000971E+00
9.975000E+01 1.000983E+00
1.000000E+02 1.000775E+00
1.002500E+02 1.001080E+00
1.005000E+02 1.000377E+00
1.007500E+02 1.000238E+00
1.010000E+02 1.000750E+00
1.012500E+02 1.000704E+00
1.015000E+02 1.000720E+00
1.017500E+02 1.000435E+00
1.020000E+02 1.000518E+00
1.022500E+02 1.001130E+00
1.025000E+02 1.000787E+00
1.027500E+02 1.000665E+00
1.030000E+02 1.000868E+00
1.032500E+02 1.001227E+00
1.035000E+02 1.000681E+00
1.037500E+02 1.000573E+00
1.040000E+02 1.000380E+00
1.042500E+02 1.001049E+00
1.045000E+02 1.000399E+00
1.047500E+02 1.000888E+00
1.050000E+02 1.000955E+00
1.052500E+02 1.000630E+00
1.055000E+02 1.000083E+00
1.057500E+02 1.000833E+00
1.060000E+02 1.000823E+00
1.062500E+02 9.999599E-01
1.065000E+02 1.000816E+00
1.067500E+02 1.000513E+00
1.070000E+02 1.000880E+00
1.072500E+02 1.000292E+00
1.075000E+02 1.000252E+00
1.077500E+02 1.000051E+00
1.080000E+02 1.000574E+00
1.082500E+02 1.000557E+00
1.085000E+02 1.000561E+00
1.087500E+02 9.995063E-01
1.090000E+02 1.000521E+00
1.092500E+02 1.000597E+00
1.095000E+02 1.000261E+00
1.097500E+02 1.000722E+00
1.100000E+02 9.999651E-01
1.102500E+02 1.000774E+00
1.105000E+02 1.001470E+00
1.107500E+02 1.000520E+00
1.110000E+02 1.000893E+00
1.112500E+02 1.000267E+00
1.115000E+02 1.000755E+00
1.117500E+02 1.000206E+00
1.120000E+02 1.001421E+00
1.122500E+02 9.998690E-01
1.125000E+02 1.000910E+00
1.127500E+02 1.001127E+00
1.130000E+02 9.997146E-01
1.132500E+02 1.000231E+00
1.135000E+02 1.000268E+00
1.137500E+02 1.000192E+00
1.140000E+02 9.998738E-01
1.142500E+02 1.000530E+00
1.145000E+02 1.000412E+00
1.147500E+02 1.000698E+00
1.150000E+02 1.000659E+00
1.152500E+02 1.000317E+00
1.155000E+02 1.000640E+00
1.157500E+02 1.000432E+00
1.160000E+02 1.000555E+00
1.162500E+02 1.000557E+00
1.165000E+02 9.999411E-01
1.167500E+02 1.000453E+00
1.170000E+02 1.000176E+00
1.172500E+02 9.999288E-01
1.175000E+02 1.000959E+00
1.177500E+02 9.999502E-01
1.180000E+02 1.000324E+00
1.182500E+02 9.997964E-01
1.185000E+02 1.000258E+00
1.187500E+02 1.000610E+00
1.190000E+02 1.000209E+00
1.192500E+02 1.000853E+00
1.195000E+02 1.000609E+00
1.197500E+02 1.000346E+00
1.200000E+02 9.998008E-01
1.202500E+02 1.000207E+00
1.205000E+02 1.000112E+00
1.207500E+02 1.000151E+00
1.210000E+02 1.000106E+00
1.212500E+02 1.000330E+00
1.215000E+02 1.000392E+00
1.217500E+02 1.000336E+00
1.220000E+02 1.000608E+00
1.222500E+02 1.000024E+00
1.225000E+02 9.998827E-01
1.227500E+02 9.999578E-01
1.230000E+02 1.000296E+00
1.232500E+02 1.000276E+00
1.235000E+02 9.997667E-01
1.237500E+02 1.000510E+00
1.240000E+02 9.997260E-01
1.242500E+02 1.000348E+00
1.245000E+02 1.000496E+00
1.247500E+02 1.000257E+00
1.250000E+02 9.974865E-01
1.252500E+02 9.905285E-01
1.255000E+02 9.852533E-01
1.257500E+02 9.794653E-01
1.260000E+02 9.736470E-01
1.262500E+02 9.674178E-01
1.265000E+02 9.617484E-01
1.267500E+02 9.556163E-01
1.270000E+02 9.498559E-01
1.272500E+02 9.438281E-01
1.275000E+02 9.385697E-01
1.277500E+02 9.325558E-01
1.280000E+02 9.265764E-01
1.282500E+02 9.208299E-01
1.285000E+02 9.155924E-01
1.287500E+02 9.096319E-01
1.290000E+02 9.044240E-01
1.292500E+02 8.983087E-01
1.295000E+02 8.933676E-01
1.297500E+02 8.878167E-01
1.300000E+02 8.816042E-01
1.302500E+02 8.758336E-01
1.305000E+02 8.706662E-01
1.307500E+02 8.654448E-01
1.310000E+02 8.598284E-01
1.312500E+02 8.542807E-01
1.315000E+02 8.489556E-01
1.317500E+02 8.427300E-01
1.320000E+02 8.383824E-01
1.322500E+02 8.328305E-01
1.325000E+02 8.274044E-01
1.327500E+02 8.226634E-01
1.330000E+02 8.173167E-01
1.332500E+02 8.115582E-01
1.335000E+02 8.064639E-01
1.337500E+02 8.012159E-01
1.340000E+02 7.958107E-01
1.342500E+02 7.901536E-01
1.345000E+02 7.859086E-01
1.347500E+02 7.802702E-01
1.350000E+02 7.752328E-01
1.352500E+02 7.702802E-01
1.355000E+02 7.651039E-01
1.357500E+02 7.593952E-01
1.360000E+02 7.547804E-01
1.362500E+02 7.494607E-01
1.365000E+02 7.442330E-01
1.367500E+02 7.395326E-01
1.370000E+02 7.345722E-01
1.372500E+02 7.296846E-01
1.375000E+02 7.250060E-01
1.377500E+02 7.193510E-01
1.380000E+02 7.149783E-01
1.382500E+02 7.101318E-01
1.385000E+02 7.052913E-01
1.387500E+02 7.002791E-01
1.390000E+02 6.952504E-01
1.392500E+02 6.906205E-01
1.395000E+02 6.857108E-01
1.397500E+02 6.805966E-01
1.400000E+02 6.768237E-01
1.402500E+02 6.717090E-01
1.405000E+02 6.661179E-01
1.407500E+02 6.616932E-01
1.410000E+02 6.568370E-01
1.412500E+02 6.523482E-01
1.415000E+02 6.475440E-01
1.417500E+02 6.431188E-01
1.420000E+02 6.383750E-01
1.422500E+02 6.336321E-01
1.425000E+02 6.291584E-01
1.427500E+02 6.246345E-01
1.430000E+02 6.201411E-01
1.432500E+02 6.158717E-01
1.435000E+02 6.109110E-01
1.437500E+02 6.061221E-01
1.440000E+02 6.018003E-01
1.442500E+02 5.975316E-01
1.445000E+02 5.927406E-01
1.447500E+02 5.883729E-01
1.450000E+02 5.836810E-01
1.452500E+02 5.792730E-01
1.455000E+02 5.754289E-01
1.457500E+02 5.706696E-01
1.460000E+02 5.663176E-01
1.462500E+02 5.618540E-01
1.465000E+02 5.572693E-01
1.467500E+02 5.531063E-01
1.470000E+02 5.483916E-01
1.472500E+02 5.443973E-01
1.475000E+02 5.402833E-01
1.477500E+02 5.360745E-01
1.480000E+02 5.317471E-01
1.482500E+02 5.266847E-01
1.485000E+02 5.229562E-01
1.487500E+02 5.186169E-01
1.490000E+02 5.146950E-01
1.492500E+02 5.102503E-01
1.495000E+02 5.060539E-01
1.497500E+02 5.020421E-01
1.500000E+02 4.975735E-01
1.502500E+02 4.937124E-01
1.505000E+02 4.895785E-01
1.507500E+02 4.852740E-01
1.510000E+02 4.811140E-01
1.512500E+02 4.770471E-01
1.515000E+02 4.730052E-01
1.517500E+02 4.686520E-01
1.520000E+02 4.649349E-01
1.522500E+02 4.609171E-01
1.525000E+02 4.571946E-01
1.527500E+02 4.525918E-01
1.530000E+02 4.485783E-01
1.532500E+02 4.449279E-01
1.535000E+02 4.411289E-01
1.537500E+02 4.369811E-01
1.540000E+02 4.328958E-01
1.542500E+02 4.286877E-01
1.545000E+02 4.249486E-01
1.547500E+02 4.210595E-01
1.550000E+02 4.173617E-01
1.552500E+02 4.133830E-01
1.555000E+02 4.098999E-01
1.557500E+02 4.055000E-01
1.560000E+02 4.014909E-01
1.562500E+02 3.977477E-01
1.565000E+02 3.941039E-01
1.567500E+02 3.899279E-01
1.570000E+02 3.864583E-01
1.572500E+02 3.827228E-01
1.575000E+02 3.790380E-01
1.577500E+02 3.750204E-01
1.580000E+02 3.714419E-01
1.582500E+02 3.678032E-01
1.585000E+02 3.640276E-01
1.587500E+02 3.604478E-01
1.590000E+02 3.566113E-01
1.592500E+02 3.526735E-01
1.595000E+02 3.492104E-01
1.597500E+02 3.453097E-01
1.600000E+02 3.416693E-01
1.602500E+02 3.381855E-01
1.605000E+02 3.345631E-01
1.607500E+02 3.308607E-01
1.610000E+02 3.271584E-01
1.612500E+02 3.236732E-01
1.615000E+02 3.199472E-01
1.617500E+02 3.165759E-01
1.620000E+02 3.130615E-01
1.622500E+02 3.093803E-01
1.625000E+02 3.053982E-01
1.627500E+02 3.023710E-01
1.630000E+02 2.987107E-01
1.632500E+02 2.952898E-01
1.635000E+02 2.915897E-01
1.637500E+02 2.880945E-01
1.640000E+02 2.847965E-01
1.642500E+02 2.813746E-01
1.645000E+02 2.776947E-01
1.647500E+02 2.742908E-01
1.650000E+02 2.708328E-01
1.652500E+02 2.673932E-01
1.655000E+02 2.641713E-01
1.657500E+02 2.607286E-01
1.660000E+02 2.572711E-01
1.662500E+02 2.538102E-01
1.665000E+02 2.506271E-01
1.667500E+02 2.472684E-01
1.670000E+02 2.438015E-01
1.672500E+02 2.402980E-01
1.675000E+02 2.371816E-01
1.677500E+02 2.338377E-01
1.680000E+02 2.303594E-01
1.682500E+02 2.273746E-01
1.685000E+02 2.237381E-01
1.687500E+02 2.204191E-01
1.690000E+02 2.171406E-01
1.692500E+02 2.139365E-01
1.695000E+02 2.106171E-01
1.697500E+02 2.074060E-01
1.700000E+02 2.041065E-01
1.702500E+02 2.008203E-01
1.705000E+02 1.977095E-01
1.707500E+02 1.946457E-01
1.710000E+02 1.914183E-01
1.712500E+02 1.883074E-01
1.715000E+02 1.849733E-01
1.717500E+02 1.817947E-01
1.720000E+02 1.784521E-01
1.722500E+02 1.753272E-01
1.725000E+02 1.721819E-01
1.727500E+02 1.692567E-01
1.730000E+02 1.660306E-01
1.732500E+02 1.627949E-01
1.735000E+02 1.598990E-01
1.737500E+02 1.567004E-01
1.740000E+02 1.536105E-01
1.742500E+02 1.504746E-01
1.745000E+02 1.474419E-01
1.747500E+02 1.443303E-01
1.750000E+02 1.413461E-01
1.752500E+02 1.382090E-01
1.755000E+02 1.352373E-01
1.757500E+02 1.320309E-01
1.760000E+02 1.291188E-01
1.762500E+02 1.261371E-01
1.765000E+02 1.230652E-01
1.767500E+02 1.200255E-01
1.770000E+02 1.173495E-01
1.772500E+02 1.147891E-01
1.775000E+02 1.123131E-01
1.777500E+02 1.099509E-01
1.780000E+02 1.075601E-01
1.782500E+02 1.055295E-01
1.785000E+02 1.031860E-01
1.787500E+02 1.010065E-01
1.790000E+02 9.888613E-02
1.792500E+02 9.678867E-02
1.795000E+02 9.489551E-02
1.797500E+02 9.301637E-02
1.800000E+02 9.092497E-02
1.802500E+02 8.896307E-02
1.805000E+02 8.729751E-02
1.807500E+02 8.534371E-02
1.810000E+02 8.364480E-02
1.812500E+02 8.190752E-02
1.815000E+02 8.031364E-02
1.817500E+02 7.848755E-02
1.820000E+02 7.698578E-02
1.822500E+02 7.521012E-02
1.825000E+02 7.370981E-02
1.827500E+02 7.220820E-02
1.830000E+02 7.075434E-02
1.832500E+02 6.922921E-02
1.835000E+02 6.779233E-02
1.837500E+02 6.631630E-02
1.840000E+02 6.489873E-02
1.842500E+02 6.356822E-02
1.845000E+02 6.233315E-02
1.847500E+02 6.098206E-02
1.850000E+02 5.966626E-02
1.852500E+02 5.835945E-02
1.855000E+02 5.717374E-02
1.857500E+02 5.586796E-02
1.860000E+02 5.458838E-02
1.862500E+02 5.349558E-02
1.865000E+02 5.218356E-02
1.867500E+02 5.117049E-02
1.870000E+02 5.003447E-02
1.872500E+02 4.889534E-02
1.875000E+02 4.777698E-02
1.877500E+02 4.671254E-02
1.880000E+02 4.565599E-02
1.882500E+02 4.456624E-02
1.885000E+02 4.362032E-02
1.887500E+02 4.263560E-02
1.890000E+02 4.164433E-02
1.892500E+02 4.073062E-02
1.895000E+02 3.976738E-02
1.897500E+02 3.870579E-02
1.900000E+02 3.786064E-02
1.902500E+02 3.691735E-02
1.905000E+02 3.612906E-02
1.907500E+02 3.522665E-02
1.910000E+02 3.434361E-02
1.912500E+02 3.357738E-02
1.915000E+02 3.268842E-02
1.917500E+02 3.191574E-02
1.920000E+02 3.107902E-02
1.922500E+02 3.032730E-02
1.925000E+02 2.956331E-02
1.927500E+02 2.875332E-02
1.930000E+02 2.807243E-02
1.932500E+02 2.729567E-02
1.935000E+02 2.673105E-02
1.937500E+02 2.591009E-02
1.940000E+02 2.523233E-02
1.942500E+02 2.454977E-02
1.945000E+02 2.386270E-02
1.947500E+02 2.321904E-02
1.950000E+02 2.253711E-02
1.952500E+02 2.198178E-02
1.955000E+02 2.135562E-02
1.957500E+02 2.078857E-02
1.960000E+02 2.013220E-02
1.962500E+02 1.960901E-02
1.965000E+02 1.909376E-02
1.967500E+02 1.846017E-02
1.970000E+02 1.791126E-02
1.972500E+02 1.739506E-02
1.975000E+02 1.687876E-02
1.977500E+02 1.632719E-02
1.980000E+02 1.582416E-02
1.982500E+02 1.532638E-02
1.985000E+02 1.483348E-02
1.987500E+02 1.440653E-02
1.990000E+02 1.392399E-02
1.992500E+02 1.345972E-02
1.995000E+02 1.300187E-02
1.997500E+02 1.255779E-02
2.000000E+02 1.214605E-02
2.002500E+02 1.168864E-02
2.005000E+02 1.131456E-02
2.007500E+02 1.094518E-02
2.010000E+02 1.051688E-02
2.012500E+02 1.016250E-02
2.015000E+02 9.773843E-03
2.017500E+02 9.444944E-03
2.020000E+02 9.045248E-03
2.022500E+02 8.711710E-03
2.025000E+02 8.380628E-03
2.027500E+02 8.024308E-03
2.030000E+02 7.705844E-03
2.032500E+02 7.422858E-03
2.035000E+02 7.052173E-03
2.037500E+02 6.769385E-03
2.040000E+02 6.488613E-03
2.042500E+02 6.220165E-03
2.045000E+02 5.928831E-03
2.047500E+02 5.670959E-03
2.050000E+02 5.414585E-03
2.052500E+02 5.156437E-03
2.055000E+02 4.895545E-03
2.057500E+02 4.688847E-03
2.060000E+02 4.409096E-03
2.062500E+02 4.207313E-03
2.065000E+02 3.966576E-03
2.067500E+02 3.740744E-03
2.070000E+02 3.568212E-03
2.072500E+02 3.361167E-03
2.075000E+02 3.172628E-03
2.077500E+02 2.973210E-03
2.080000E+02 2.804175E-03
2.082500E+02 2.624848E-03
2.085000E+02 2.450700E-03
2.087500E+02 2.295892E-03
2.090000E+02 2.135812E-03
2.092500E+02 1.986737E-03
2.095000E+02 1.855923E-03
2.097500E+02 1.720012E-03
2.100000E+02 1.582651E-03
2.102500E+02 1.460915E-03
2.105000E+02 1.316441E-03
2.107500E+02 1.224128E-03
2.110000E+02 1.104538E-03
2.112500E+02 1.000752E-03
2.115000E+02 8.982617E-04
2.117500E+02 8.083553E-04
2.120000E+02 7.136380E-04
2.122500E+02 6.327755E-04
2.125000E+02 5.568982E-04
2.127500E+02 4.900480E-04
2.130000E+02 4.235497E-04
2.132500E+02 3.668288E-04
2.135000E+02 3.085468E-04
2.137500E+02 2.514469E-04
2.140000E+02 2.073711E-04
2.142500E+02 1.667316E-04
2.145000E+02 1.266347E-04
2.147500E+02 9.825571E-05
2.150000E+02 6.715167E-05
2.152500E+02 4.575702E-05
2.155000E+02 2.648688E-05
2.157500E+02 1.472835E-05
2.160000E+02 5.738133E-06
2.162500E+02 5.415421E-07
