2.500000E-01 0.000000E+00
5.000000E-01 0.000000E+00
7.500000E-01 0.000000E+00
1.000000E+00 0.000000E+00
1.250000E+00 0.000000E+00
1.500000E+00 0.000000E+00
1.750000E+00 0.000000E+00
2.000000E+00 0.000000E+00
2.250000E+00 0.000000E+00
2.500000E+00 0.000000E+00
2.750000E+00 0.000000E+00
3.000000E+00 0.000000E+00
3.250000E+00 0.000000E+00
3.500000E+00 4.622945E-01
3.750000E+00 3.096870E+01
4.000000E+00 1.883979E+02
4.250000E+00 3.056520E+02
4.500000E+00 2.540078E+02
4.750000E+00 1.586770E+02
5.000000E+00 9.140342E+01
5.250000E+00 5.268040E+01
5.500000E+00 3.228161E+01
5.750000E+00 2.198614E+01
6.000000E+00 1.677037E+01
6.250000E+00 1.396155E+01
6.500000E+00 1.175425E+01
6.750000E+00 9.527246E+00
7.000000E+00 7.798867E+00
7.250000E+00 6.674014E+00
7.500000E+00 6.531739E+00
7.750000E+00 8.161696E+00
8.000000E+00 1.187796E+01
8.250000E+00 1.583077E+01
8.500000E+00 1.735087E+01
8.750000E+00 1.555869E+01
9.000000E+00 1.237592E+01
9.250000E+00 9.221859E+00
9.500000E+00 6.838456E+00
9.750000E+00 5.169314E+00
1.000000E+01 4.096603E+00
1.025000E+01 3.441653E+00
1.050000E+01 2.942569E+00
1.075000E+01 2.613772E+00
1.100000E+01 2.339591E+00
1.125000E+01 2.197143E+00
1.150000E+01 2.153483E+00
1.175000E+01 2.247194E+00
1.200000E+01 2.402358E+00
1.225000E+01 2.640387E+00
1.250000E+01 2.721704E+00
1.275000E+01 2.695707E+00
1.300000E+01 2.522252E+00
1.325000E+01 2.266480E+00
1.350000E+01 1.993672E+00
1.375000E+01 1.785442E+00
1.400000E+01 1.596783E+00
1.425000E+01 1.491893E+00
1.450000E+01 1.396411E+00
1.475000E+01 1.329209E+00
1.500000E+01 1.287000E+00
1.525000E+01 1.257480E+00
1.550000E+01 1.244383E+00
1.575000E+01 1.237839E+00
1.600000E+01 1.243421E+00
1.625000E+01 1.262045E+00
1.650000E+01 1.258098E+00
1.675000E+01 1.251126E+00
1.700000E+01 1.234967E+00
1.725000E+01 1.210689E+00
1.750000E+01 1.173569E+00
1.775000E+01 1.147216E+00
1.800000E+01 1.122797E+00
1.825000E+01 1.105831E+00
1.850000E+01 1.087240E+00
1.875000E+01 1.068524E+00
1.900000E+01 1.065757E+00
1.925000E+01 1.057056E+00
1.950000E+01 1.061125E+00
1.975000E+01 1.053069E+00
2.000000E+01 1.050413E+00
2.025000E+01 1.052767E+00
2.050000E+01 1.042968E+00
2.075000E+01 1.050585E+00
2.100000E+01 1.042189E+00
2.125000E+01 1.040005E+00
2.150000E+01 1.036955E+00
2.175000E+01 1.026017E+00
2.200000E+01 1.025175E+00
2.225000E+01 1.022569E+00
2.250000E+01 1.020836E+00
2.275000E+01 1.015813E+00
2.300000E+01 1.019565E+00
2.325000E+01 1.012805E+00
2.350000E+01 1.014019E+00
2.375000E+01 1.016299E+00
2.400000E+01 1.013962E+00
2.425000E+01 1.011921E+00
2.450000E+01 1.002982E+00
2.475000E+01 1.012345E+00
2.500000E+01 1.012062E+00
2.525000E+01 1.009908E+00
2.550000E+01 1.010347E+00
2.575000E+01 1.010122E+00
2.600000E+01 1.012522E+00
2.625000E+01 1.010957E+00
2.650000E+01 1.004223E+00
2.675000E+01 9.997472E-01
2.700000E+01 1.005187E+00
2.725000E+01 1.010794E+00
2.750000E+01 1.001017E+00
2.775000E+01 1.000961E+00
2.800000E+01 1.004413E+00
2.825000E+01 9.999501E-01
2.850000E+01 1.003897E+00
2.875000E+01 1.003128E+00
2.900000E+01 1.005209E+00
2.925000E+01 1.005506E+00
2.950000E+01 1.002106E+00
2.975000E+01 1.000313E+00
3.000000E+01 9.993936E-01
3.025000E+01 1.005076E+00
3.050000E+01 1.005095E+00
3.075000E+01 1.003539E+00
3.100000E+01 1.001596E+00
3.125000E+01 9.997042E-01
3.150000E+01 1.001014E+00
3.175000E+01 1.007769E+00
3.200000E+01 9.997109E-01
3.225000E+01 9.997683E-01
3.250000E+01 1.001786E+00
3.275000E+01 9.996626E-01
3.300000E+01 9.974089E-01
3.325000E+01 9.994305E-01
3.350000E+01 1.000677E+00
3.375000E+01 9.961671E-01
3.400000E+01 9.995589E-01
3.425000E+01 1.000025E+00
3.450000E+01 1.000137E+00
3.475000E+01 9.982919E-01
3.500000E+01 1.000444E+00
3.525000E+01 9.989734E-01
3.550000E+01 1.002047E+00
3.575000E+01 1.002970E+00
3.600000E+01 9.994285E-01
3.625000E+01 9.968158E-01
3.650000E+01 9.998484E-01
3.675000E+01 1.003437E+00
3.700000E+01 9.979070E-01
3.725000E+01 1.001578E+00
3.750000E+01 1.002635E+00
3.775000E+01 9.996270E-01
3.800000E+01 1.000069E+00
3.825000E+01 9.998872E-01
3.850000E+01 1.004039E+00
3.875000E+01 9.991630E-01
3.900000E+01 1.000615E+00
3.925000E+01 9.962474E-01
3.950000E+01 9.988739E-01
3.975000E+01 9.998281E-01
4.000000E+01 9.991585E-01
4.025000E+01 9.969206E-01
4.050000E+01 9.980571E-01
4.075000E+01 9.992297E-01
4.100000E+01 9.998838E-01
4.125000E+01 9.985982E-01
4.150000E+01 9.992665E-01
4.175000E+01 9.965404E-01
4.200000E+01 9.977089E-01
4.225000E+01 1.001771E+00
4.250000E+01 9.963623E-01
4.275000E+01 1.000603E+00
4.300000E+01 1.001900E+00
4.325000E+01 9.998880E-01
4.350000E+01 9.976311E-01
4.375000E+01 9.953264E-01
4.400000E+01 1.001268E+00
4.425000E+01 9.973416E-01
4.450000E+01 9.985048E-01
4.475000E+01 1.001411E+00
4.500000E+01 9.998864E-01
4.525000E+01 9.977429E-01
4.550000E+01 9.980604E-01
4.575000E+01 9.993820E-01
4.600000E+01 9.962916E-01
4.625000E+01 9.967496E-01
4.650000E+01 9.982164E-01
4.675000E+01 9.939016E-01
4.700000E+01 9.973227E-01
4.725000E+01 9.959687E-01
4.750000E+01 9.969286E-01
4.775000E+01 9.947802E-01
4.800000E+01 9.958591E-01
4.825000E+01 9.989202E-01
4.850000E+01 9.944163E-01
4.875000E+01 9.961760E-01
4.900000E+01 9.955344E-01
4.925000E+01 9.992864E-01
4.950000E+01 9.970487E-01
4.975000E+01 9.959494E-01
5.000000E+01 9.992633E-01
5.025000E+01 9.977112E-01
5.050000E+01 9.971099E-01
5.075000E+01 9.971098E-01
5.100000E+01 9.967875E-01
5.125000E+01 9.973018E-01
5.150000E+01 9.965612E-01
5.175000E+01 9.958179E-01
5.200000E+01 9.962472E-01
5.225000E+01 9.978789E-01
5.250000E+01 9.951474E-01
5.275000E+01 9.975237E-01
5.300000E+01 9.979796E-01
5.325000E+01 9.989115E-01
5.350000E+01 9.953521E-01
5.375000E+01 9.986114E-01
5.400000E+01 9.972659E-01
5.425000E+01 9.959615E-01
5.450000E+01 9.986973E-01
5.475000E+01 9.980679E-01
5.500000E+01 9.958271E-01
5.525000E+01 9.962578E-01
5.550000E+01 9.965585E-01
5.575000E+01 9.960325E-01
5.600000E+01 9.951431E-01
5.625000E+01 9.963614E-01
5.650000E+01 9.948041E-01
5.675000E+01 9.940319E-01
5.700000E+01 9.956167E-01
5.725000E+01 9.957048E-01
5.750000E+01 9.973228E-01
5.775000E+01 9.959115E-01
5.800000E+01 9.945453E-01
5.825000E+01 9.981091E-01
5.850000E+01 9.927755E-01
5.875000E+01 9.955143E-01
5.900000E+01 9.967347E-01
5.925000E+01 9.963926E-01
5.950000E+01 9.974070E-01
5.975000E+01 9.957460E-01
6.000000E+01 9.952368E-01
6.025000E+01 9.964423E-01
6.050000E+01 9.956000E-01
6.075000E+01 9.987614E-01
6.100000E+01 9.951536E-01
6.125000E+01 9.952317E-01
6.150000E+01 9.976321E-01
6.175000E+01 9.984438E-01
6.200000E+01 9.956881E-01
6.225000E+01 9.976447E-01
6.250000E+01 9.939901E-01
6.275000E+01 9.956756E-01
6.300000E+01 9.948706E-01
6.325000E+01 9.935195E-01
6.350000E+01 9.966045E-01
6.375000E+01 9.959852E-01
6.400000E+01 9.951814E-01
6.425000E+01 9.945590E-01
6.450000E+01 9.938436E-01
6.475000E+01 9.943624E-01
6.500000E+01 9.961602E-01
6.525000E+01 9.970874E-01
6.550000E+01 9.949839E-01
6.575000E+01 9.959900E-01
6.600000E+01 9.978323E-01
6.625000E+01 9.965521E-01
6.650000E+01 9.951227E-01
6.675000E+01 9.935768E-01
6.700000E+01 9.953566E-01
6.725000E+01 9.923988E-01
6.750000E+01 9.944814E-01
6.775000E+01 9.935050E-01
6.800000E+01 9.943998E-01
6.825000E+01 9.951699E-01
6.850000E+01 9.971229E-01
6.875000E+01 9.960321E-01
6.900000E+01 9.948990E-01
6.925000E+01 9.965628E-01
6.950000E+01 9.964691E-01
6.975000E+01 9.962697E-01
7.000000E+01 9.959227E-01
7.025000E+01 9.930647E-01
7.050000E+01 9.951247E-01
7.075000E+01 9.970316E-01
7.100000E+01 9.983738E-01
7.125000E+01 9.962679E-01
7.150000E+01 9.952522E-01
7.175000E+01 9.930760E-01
7.200000E+01 9.952437E-01
7.225000E+01 9.965226E-01
7.250000E+01 9.951284E-01
7.275000E+01 9.961231E-01
7.300000E+01 9.951189E-01
7.325000E+01 9.968420E-01
7.350000E+01 9.929437E-01
7.375000E+01 9.959226E-01
7.400000E+01 9.936559E-01
7.425000E+01 9.956680E-01
7.450000E+01 9.938376E-01
7.475000E+01 9.949558E-01
7.500000E+01 9.943937E-01
7.525000E+01 9.929951E-01
7.550000E+01 9.945560E-01
7.575000E+01 9.954016E-01
7.600000E+01 9.964179E-01
7.625000E+01 9.944551E-01
7.650000E+01 9.964351E-01
7.675000E+01 9.964821E-01
7.700000E+01 9.951416E-01
7.725000E+01 9.945172E-01
7.750000E+01 9.951504E-01
7.775000E+01 9.950493E-01
7.800000E+01 9.951968E-01
7.825000E+01 9.949678E-01
7.850000E+01 9.944200E-01
7.875000E+01 9.953438E-01
7.900000E+01 9.967509E-01
7.925000E+01 9.969423E-01
7.950000E+01 9.947563E-01
7.975000E+01 9.926031E-01
8.000000E+01 9.944820E-01
8.025000E+01 9.956548E-01
8.050000E+01 9.938553E-01
8.075000E+01 9.946633E-01
8.100000E+01 9.962617E-01
8.125000E+01 9.948191E-01
8.150000E+01 9.967175E-01
8.175000E+01 9.945841E-01
8.200000E+01 9.938382E-01
8.225000E+01 9.964229E-01
8.250000E+01 9.953251E-01
8.275000E+01 9.955123E-01
8.300000E+01 9.949774E-01
8.325000E+01 9.943904E-01
8.350000E+01 9.953221E-01
8.375000E+01 9.955777E-01
8.400000E+01 9.969308E-01
8.425000E+01 9.946732E-01
8.450000E+01 9.972129E-01
8.475000E+01 9.957310E-01
8.500000E+01 9.954738E-01
8.525000E+01 9.961562E-01
8.550000E+01 9.968156E-01
8.575000E+01 9.951017E-01
8.600000E+01 9.947235E-01
8.625000E+01 9.944114E-01
8.650000E+01 9.948595E-01
8.675000E+01 9.962156E-01
8.700000E+01 9.959329E-01
8.725000E+01 9.936921E-01
8.750000E+01 9.928580E-01
8.775000E+01 9.960952E-01
8.800000E+01 9.971508E-01
8.825000E+01 9.959887E-01
8.850000E+01 9.961163E-01
8.875000E+01 9.958122E-01
8.900000E+01 9.961217E-01
8.925000E+01 9.944737E-01
8.950000E+01 9.940770E-01
8.975000E+01 9.954027E-01
9.000000E+01 9.953464E-01
9.025000E+01 9.964722E-01
9.050000E+01 9.944387E-01
9.075000E+01 9.958227E-01
9.100000E+01 9.945410E-01
9.125000E+01 9.957289E-01
9.150000E+01 9.944345E-01
9.175000E+01 9.948410E-01
9.200000E+01 9.954157E-01
9.225000E+01 9.965723E-01
9.250000E+01 9.959109E-01
9.275000E+01 9.933986E-01
9.300000E+01 9.961138E-01
9.325000E+01 9.963554E-01
9.350000E+01 9.953414E-01
9.375000E+01 9.951414E-01
9.400000E+01 9.958998E-01
9.425000E+01 9.977725E-01
9.450000E+01 9.952643E-01
9.475000E+01 9.954381E-01
9.500000E+01 9.943755E-01
9.525000E+01 9.958000E-01
9.550000E+01 9.952060E-01
9.575000E+01 9.948459E-01
9.600000E+01 9.965384E-01
9.625000E+01 9.949568E-01
9.650000E+01 9.947925E-01
9.675000E+01 9.952578E-01
9.700000E+01 9.946046E-01
9.725000E+01 9.933699E-01
9.750000E+01 9.959736E-01
9.775000E+01 9.953375E-01
9.800000E+01 9.963612E-01
9.825000E+01 9.960277E-01
9.850000E+01 9.968455E-01
9.875000E+01 9.955018E-01
9.900000E+01 9.943037E-01
9.925000E+01 9.947230E-01
9.950000E+01 9.955506E-01
9.975000E+01 9.950916E-01
1.000000E+02 9.941240E-01
1.002500E+02 9.938218E-01
1.005000E+02 9.952274E-01
1.007500E+02 9.943162E-01
1.010000E+02 9.954748E-01
1.012500E+02 9.938590E-01
1.015000E+02 9.942165E-01
1.017500E+02 9.948480E-01
1.020000E+02 9.933235E-01
1.022500E+02 9.936448E-01
1.025000E+02 9.954715E-01
1.027500E+02 9.958737E-01
1.030000E+02 9.941414E-01
1.032500E+02 9.962301E-01
1.035000E+02 9.942575E-01
1.037500E+02 9.942341E-01
1.040000E+02 9.954059E-01
1.042500E+02 9.948750E-01
1.045000E+02 9.951323E-01
1.047500E+02 9.941307E-01
1.050000E+02 9.946521E-01
1.052500E+02 9.942265E-01
1.055000E+02 9.956626E-01
1.057500E+02 9.940744E-01
1.060000E+02 9.941091E-01
1.062500E+02 9.954007E-01
1.065000E+02 9.944713E-01
1.067500E+02 9.945026E-01
1.070000E+02 9.956882E-01
1.072500E+02 9.946672E-01
1.075000E+02 9.956418E-01
1.077500E+02 9.956795E-01
1.080000E+02 9.949977E-01
1.082500E+02 9.954011E-01
1.085000E+02 9.951965E-01
1.087500E+02 9.941517E-01
1.090000E+02 9.947421E-01
1.092500E+02 9.950717E-01
1.095000E+02 9.942678E-01
1.097500E+02 9.952416E-01
1.100000E+02 9.934947E-01
1.102500E+02 9.937303E-01
1.105000E+02 9.947024E-01
1.107500E+02 9.945225E-01
1.110000E+02 9.941440E-01
1.112500E+02 9.956340E-01
1.115000E+02 9.942731E-01
1.117500E+02 9.950277E-01
1.120000E+02 9.945727E-01
1.122500E+02 9.946506E-01
1.125000E+02 9.947885E-01
1.127500E+02 9.950883E-01
1.130000E+02 9.946653E-01
1.132500E+02 9.939397E-01
1.135000E+02 9.947802E-01
1.137500E+02 9.934499E-01
1.140000E+02 9.935327E-01
1.142500E+02 9.941168E-01
1.145000E+02 9.941842E-01
1.147500E+02 9.952400E-01
1.150000E+02 9.942142E-01
1.152500E+02 9.939950E-01
1.155000E+02 9.945002E-01
1.157500E+02 9.943965E-01
1.160000E+02 9.943659E-01
1.162500E+02 9.949063E-01
1.165000E+02 9.933335E-01
1.167500E+02 9.962421E-01
1.170000E+02 9.953582E-01
1.172500E+02 9.943665E-01
1.175000E+02 9.947112E-01
1.177500E+02 9.943445E-01
1.180000E+02 9.941386E-01
1.182500E+02 9.950422E-01
1.185000E+02 9.939482E-01
1.187500E+02 9.943369E-01
1.190000E+02 9.940709E-01
1.192500E+02 9.941530E-01
1.195000E+02 9.941360E-01
1.197500E+02 9.938321E-01
1.200000E+02 9.960998E-01
1.202500E+02 9.944617E-01
1.205000E+02 9.948808E-01
1.207500E+02 9.937650E-01
1.210000E+02 9.945607E-01
1.212500E+02 9.937158E-01
1.215000E+02 9.953323E-01
1.217500E+02 9.940758E-01
1.220000E+02 9.937677E-01
1.222500E+02 9.952857E-01
1.225000E+02 9.937491E-01
1.227500E+02 9.942638E-01
1.230000E+02 9.944480E-01
1.232500E+02 9.956433E-01
1.235000E+02 9.929490E-01
1.237500E+02 9.923107E-01
1.240000E+02 9.938189E-01
1.242500E+02 9.945985E-01
1.245000E+02 9.933962E-01
1.247500E+02 9.937520E-01
1.250000E+02 9.920289E-01
1.252500E+02 9.854511E-01
1.255000E+02 9.795221E-01
1.257500E+02 9.741459E-01
1.260000E+02 9.670437E-01
1.262500E+02 9.623913E-01
1.265000E+02 9.563593E-01
1.267500E+02 9.491627E-01
1.270000E+02 9.442453E-01
1.272500E+02 9.390054E-01
1.275000E+02 9.328442E-01
1.277500E+02 9.273416E-01
1.280000E+02 9.221388E-01
1.282500E+02 9.157809E-01
1.285000E+02 9.106524E-01
1.287500E+02 9.045858E-01
1.290000E+02 8.985411E-01
1.292500E+02 8.929361E-01
1.295000E+02 8.868973E-01
1.297500E+02 8.825927E-01
1.300000E+02 8.755622E-01
1.302500E+02 8.706194E-01
1.305000E+02 8.657376E-01
1.307500E+02 8.601905E-01
1.310000E+02 8.532847E-01
1.312500E+02 8.493299E-01
1.315000E+02 8.444074E-01
1.317500E+02 8.398685E-01
1.320000E+02 8.332601E-01
1.322500E+02 8.287636E-01
1.325000E+02 8.236012E-01
1.327500E+02 8.173952E-01
1.330000E+02 8.116682E-01
1.332500E+02 8.073707E-01
1.335000E+02 8.012708E-01
1.337500E+02 7.969865E-01
1.340000E+02 7.909619E-01
1.342500E+02 7.858009E-01
1.345000E+02 7.815852E-01
1.347500E+02 7.767716E-01
1.350000E+02 7.711632E-01
1.352500E+02 7.664122E-01
1.355000E+02 7.610112E-01
1.357500E+02 7.549548E-01
1.360000E+02 7.512792E-01
1.362500E+02 7.454866E-01
1.365000E+02 7.407031E-01
1.367500E+02 7.361911E-01
1.370000E+02 7.311958E-01
1.372500E+02 7.258185E-01
1.375000E+02 7.208013E-01
1.377500E+02 7.164824E-01
1.380000E+02 7.110684E-01
1.382500E+02 7.056691E-01
1.385000E+02 7.011290E-01
1.387500E+02 6.965366E-01
1.390000E+02 6.922299E-01
1.392500E+02 6.869338E-01
1.395000E+02 6.818630E-01
1.397500E+02 6.763886E-01
1.400000E+02 6.721415E-01
1.402500E+02 6.685848E-01
1.405000E+02 6.619628E-01
1.407500E+02 6.582040E-01
1.410000E+02 6.533367E-01
1.412500E+02 6.484768E-01
1.415000E+02 6.450248E-01
1.417500E+02 6.394834E-01
1.420000E+02 6.354768E-01
1.422500E+02 6.305322E-01
1.425000E+02 6.256756E-01
1.427500E+02 6.211255E-01
1.430000E+02 6.172334E-01
1.432500E+02 6.122805E-01
1.435000E+02 6.072557E-01
1.437500E+02 6.032095E-01
1.440000E+02 5.986026E-01
1.442500E+02 5.943277E-01
1.445000E+02 5.892275E-01
1.447500E+02 5.857857E-01
1.450000E+02 5.809729E-01
1.452500E+02 5.760306E-01
1.455000E+02 5.717835E-01
1.457500E+02 5.670669E-01
1.460000E+02 5.630931E-01
1.462500E+02 5.587510E-01
1.465000E+02 5.549999E-01
1.467500E+02 5.499915E-01
1.470000E+02 5.462485E-01
1.472500E+02 5.427869E-01
1.475000E+02 5.370894E-01
1.477500E+02 5.335321E-01
1.480000E+02 5.283809E-01
1.482500E+02 5.248406E-01
1.485000E+02 5.198355E-01
1.487500E+02 5.162905E-01
1.490000E+02 5.113661E-01
1.492500E+02 5.074857E-01
1.495000E+02 5.039568E-01
1.497500E+02 4.993968E-01
1.500000E+02 4.950133E-01
1.502500E+02 4.908904E-01
1.505000E+02 4.865147E-01
1.507500E+02 4.819996E-01
1.510000E+02 4.788233E-01
1.512500E+02 4.747196E-01
1.515000E+02 4.711461E-01
1.517500E+02 4.662563E-01
1.520000E+02 4.625349E-01
1.522500E+02 4.572381E-01
1.525000E+02 4.547665E-01
1.527500E+02 4.503675E-01
1.530000E+02 4.464546E-01
1.532500E+02 4.422197E-01
1.535000E+02 4.378232E-01
1.537500E+02 4.345084E-01
1.540000E+02 4.307808E-01
1.542500E+02 4.267314E-01
1.545000E+02 4.229289E-01
1.547500E+02 4.187165E-01
1.550000E+02 4.153509E-01
1.552500E+02 4.116612E-01
1.555000E+02 4.071408E-01
1.557500E+02 4.029852E-01
1.560000E+02 3.996601E-01
1.562500E+02 3.960594E-01
1.565000E+02 3.919951E-01
1.567500E+02 3.881303E-01
1.570000E+02 3.840827E-01
1.572500E+02 3.803502E-01
1.575000E+02 3.771308E-01
1.577500E+02 3.727806E-01
1.580000E+02 3.686311E-01
1.582500E+02 3.652557E-01
1.585000E+02 3.614920E-01
1.587500E+02 3.588388E-01
1.590000E+02 3.544119E-01
1.592500E+02 3.504067E-01
1.595000E+02 3.472233E-01
1.597500E+02 3.437599E-01
1.600000E+02 3.397237E-01
1.602500E+02 3.359748E-01
1.605000E+02 3.332169E-01
1.607500E+02 3.287766E-01
1.610000E+02 3.248283E-01
1.612500E+02 3.215372E-01
1.615000E+02 3.182248E-01
1.617500E+02 3.148609E-01
1.620000E+02 3.112279E-01
1.622500E+02 3.072721E-01
1.625000E+02 3.039126E-01
1.627500E+02 3.005740E-01
1.630000E+02 2.964473E-01
1.632500E+02 2.932773E-01
1.635000E+02 2.897912E-01
1.637500E+02 2.864052E-01
1.640000E+02 2.824351E-01
1.642500E+02 2.789665E-01
1.645000E+02 2.759228E-01
1.647500E+02 2.723894E-01
1.650000E+02 2.688967E-01
1.652500E+02 2.650395E-01
1.655000E+02 2.629559E-01
1.657500E+02 2.590828E-01
1.660000E+02 2.554052E-01
1.662500E+02 2.526093E-01
1.665000E+02 2.492162E-01
1.667500E+02 2.456505E-01
1.670000E+02 2.417483E-01
1.672500E+02 2.392584E-01
1.675000E+02 2.357175E-01
1.677500E+02 2.324886E-01
1.680000E+02 2.290550E-01
1.682500E+02 2.256715E-01
1.685000E+02 2.221655E-01
1.687500E+02 2.191398E-01
1.690000E+02 2.158628E-01
1.692500E+02 2.127876E-01
1.695000E+02 2.092270E-01
1.697500E+02 2.059402E-01
1.700000E+02 2.030685E-01
1.702500E+02 1.996773E-01
1.705000E+02 1.967684E-01
1.707500E+02 1.933233E-01
1.710000E+02 1.901868E-01
1.712500E+02 1.868031E-01
1.715000E+02 1.837071E-01
1.717500E+02 1.805843E-01
1.720000E+02 1.777812E-01
1.722500E+02 1.742796E-01
1.725000E+02 1.712907E-01
1.727500E+02 1.682494E-01
1.730000E+02 1.650222E-01
1.732500E+02 1.619176E-01
1.735000E+02 1.587728E-01
1.737500E+02 1.557885E-01
1.740000E+02 1.527920E-01
1.742500E+02 1.498063E-01
1.745000E+02 1.464123E-01
1.747500E+02 1.434786E-01
1.750000E+02 1.407173E-01
1.752500E+02 1.375737E-01
1.755000E+02 1.348601E-01
1.757500E+02 1.314121E-01
1.760000E+02 1.283702E-01
1.762500E+02 1.254079E-01
1.765000E+02 1.223975E-01
1.767500E+02 1.195660E-01
1.770000E+02 1.165373E-01
1.772500E+02 1.143820E-01
1.775000E+02 1.117377E-01
1.777500E+02 1.092654E-01
1.780000E+02 1.071161E-01
1.782500E+02 1.047677E-01
1.785000E+02 1.024732E-01
1.787500E+02 1.005688E-01
1.790000E+02 9.798163E-02
1.792500E+02 9.647183E-02
1.795000E+02 9.441772E-02
1.797500E+02 9.224375E-02
1.800000E+02 9.051868E-02
1.802500E+02 8.825441E-02
1.805000E+02 8.677192E-02
1.807500E+02 8.495523E-02
1.810000E+02 8.320191E-02
1.812500E+02 8.161145E-02
1.815000E+02 7.999356E-02
1.817500E+02 7.824096E-02
1.820000E+02 7.665081E-02
1.822500E+02 7.482289E-02
1.825000E+02 7.341635E-02
1.827500E+02 7.192208E-02
1.830000E+02 7.049874E-02
1.832500E+02 6.887091E-02
1.835000E+02 6.762956E-02
1.837500E+02 6.590433E-02
1.840000E+02 6.479218E-02
1.842500E+02 6.322039E-02
1.845000E+02 6.202834E-02
1.847500E+02 6.072176E-02
1.850000E+02 5.933171E-02
1.852500E+02 5.809400E-02
1.855000E+02 5.662928E-02
1.857500E+02 5.555960E-02
1.860000E+02 5.439320E-02
1.862500E+02 5.309433E-02
1.865000E+02 5.184323E-02
1.867500E+02 5.097216E-02
1.870000E+02 4.970831E-02
1.872500E+02 4.855315E-02
1.875000E+02 4.756834E-02
1.877500E+02 4.665850E-02
1.880000E+02 4.547690E-02
1.882500E+02 4.454904E-02
1.885000E+02 4.341993E-02
1.887500E+02 4.254013E-02
1.890000E+02 4.135603E-02
1.892500E+02 4.055200E-02
1.895000E+02 3.954842E-02
1.897500E+02 3.853738E-02
1.900000E+02 3.763829E-02
1.902500E+02 3.674858E-02
1.905000E+02 3.590747E-02
1.907500E+02 3.504669E-02
1.910000E+02 3.422031E-02
1.912500E+02 3.330830E-02
1.915000E+02 3.241194E-02
1.917500E+02 3.167023E-02
1.920000E+02 3.105033E-02
1.922500E+02 3.017837E-02
1.925000E+02 2.956729E-02
1.927500E+02 2.871027E-02
1.930000E+02 2.788370E-02
1.932500E+02 2.730690E-02
1.935000E+02 2.656712E-02
1.937500E+02 2.577118E-02
1.940000E+02 2.514695E-02
1.942500E+02 2.443419E-02
1.945000E+02 2.377815E-02
1.947500E+02 2.317973E-02
1.950000E+02 2.248368E-02
1.952500E+02 2.197236E-02
1.955000E+02 2.135350E-02
1.957500E+02 2.067491E-02
1.960000E+02 2.010344E-02
1.962500E+02 1.939375E-02
1.965000E+02 1.902629E-02
1.967500E+02 1.837772E-02
1.970000E+02 1.789203E-02
1.972500E+02 1.726913E-02
1.975000E+02 1.687947E-02
1.977500E+02 1.627431E-02
1.980000E+02 1.575173E-02
1.982500E+02 1.518352E-02
1.985000E+02 1.478123E-02
1.987500E+02 1.427495E-02
1.990000E+02 1.386631E-02
1.992500E+02 1.343971E-02
1.995000E+02 1.293502E-02
1.997500E+02 1.254530E-02
2.000000E+02 1.212399E-02
2.002500E+02 1.159819E-02
2.005000E+02 1.129453E-02
2.007500E+02 1.091994E-02
2.010000E+02 1.049278E-02
2.012500E+02 1.010134E-02
2.015000E+02 9.667968E-03
2.017500E+02 9.414791E-03
2.020000E+02 8.980258E-03
2.022500E+02 8.711477E-03
2.025000E+02 8.298687E-03
2.027500E+02 8.064053E-03
2.030000E+02 7.714804E-03
2.032500E+02 7.340390E-03
2.035000E+02 7.037558E-03
2.037500E+02 6.679436E-03
2.040000E+02 6.469170E-03
2.042500E+02 6.127619E-03
2.045000E+02 5.902459E-03
2.047500E+02 5.653117E-03
2.050000E+02 5.339480E-03
2.052500E+02 5.111328E-03
2.055000E+02 4.927264E-03
2.057500E+02 4.661022E-03
2.060000E+02 4.412867E-03
2.062500E+02 4.188257E-03
2.065000E+02 3.934815E-03
2.067500E+02 3.771583E-03
2.070000E+02 3.586260E-03
2.072500E+02 3.343780E-03
2.075000E+02 3.202526E-03
2.077500E+02 2.967289E-03
2.080000E+02 2.797622E-03
2.082500E+02 2.589885E-03
2.085000E+02 2.480092E-03
2.087500E+02 2.302036E-03
2.090000E+02 2.154184E-03
2.092500E+02 1.984160E-03
2.095000E+02 1.848100E-03
2.097500E+02 1.692867E-03
2.100000E+02 1.556666E-03
2.102500E+02 1.452728E-03
2.105000E+02 1.299522E-03
2.107500E+02 1.206248E-03
2.110000E+02 1.094963E-03
2.112500E+02 1.003575E-03
2.115000E+02 9.106832E-04
2.117500E+02 8.058540E-04
2.120000E+02 7.220361E-04
2.122500E+02 6.352521E-04
2.125000E+02 5.579690E-04
2.127500E+02 4.891654E-04
2.130000E+02 4.141719E-04
2.132500E+02 3.515698E-04
2.135000E+02 2.984273E-04
2.137500E+02 2.409591E-04
2.140000E+02 2.059417E-04
2.142500E+02 1.681048E-04
2.145000E+02 1.335755E-04
2.147500E+02 8.639549E-05
2.150000E+02 6.421738E-05
2.152500E+02 4.680718E-05
2.155000E+02 2.528863E-05
2.157500E+02 1.377592E-05
2.160000E+02 4.941682E-06
2.162500E+02 6.162828E-07
