2.500000E-01 0.000000E+00
5.000000E-01 0.000000E+00
7.500000E-01 0.000000E+00
1.000000E+00 0.000000E+00
1.250000E+00 0.000000E+00
1.500000E+00 0.000000E+00
1.750000E+00 0.000000E+00
2.000000E+00 0.000000E+00
2.250000E+00 0.000000E+00
2.500000E+00 0.000000E+00
2.750000E+00 0.000000E+00
3.000000E+00 0.000000E+00
3.250000E+00 0.000000E+00
3.500000E+00 3.319530E-01
3.750000E+00 2.149092E+01
4.000000E+00 1.312973E+02
4.250000E+00 2.138570E+02
4.500000E+00 1.786720E+02
4.750000E+00 1.133748E+02
5.000000E+00 6.647758E+01
5.250000E+00 3.967351E+01
5.500000E+00 2.547845E+01
5.750000E+00 1.862285E+01
6.000000E+00 1.563022E+01
6.250000E+00 1.412905E+01
6.500000E+00 1.257279E+01
6.750000E+00 1.069397E+01
7.000000E+00 9.027004E+00
7.250000E+00 7.904131E+00
7.500000E+00 7.823647E+00
7.750000E+00 9.472307E+00
8.000000E+00 1.312145E+01
8.250000E+00 1.714665E+01
8.500000E+00 1.857039E+01
8.750000E+00 1.687588E+01
9.000000E+00 1.367085E+01
9.250000E+00 1.054958E+01
9.500000E+00 8.182016E+00
9.750000E+00 6.506455E+00
1.000000E+01 5.440272E+00
1.025000E+01 4.720748E+00
1.050000E+01 4.224263E+00
1.075000E+01 3.791721E+00
1.100000E+01 3.448331E+00
1.125000E+01 3.234531E+00
1.150000E+01 3.169234E+00
1.175000E+01 3.262316E+00
1.200000E+01 3.492184E+00
1.225000E+01 3.769459E+00
1.250000E+01 3.937827E+00
1.275000E+01 3.902734E+00
1.300000E+01 3.642594E+00
1.325000E+01 3.269846E+00
1.350000E+01 2.909498E+00
1.375000E+01 2.580898E+00
1.400000E+01 2.317774E+00
1.425000E+01 2.114728E+00
1.450000E+01 1.969735E+00
1.475000E+01 1.842311E+00
1.500000E+01 1.763540E+00
1.525000E+01 1.706357E+00
1.550000E+01 1.676129E+00
1.575000E+01 1.661989E+00
1.600000E+01 1.672024E+00
1.625000E+01 1.681201E+00
1.650000E+01 1.679092E+00
1.675000E+01 1.666887E+00
1.700000E+01 1.627961E+00
1.725000E+01 1.580678E+00
1.750000E+01 1.515631E+00
1.775000E+01 1.457243E+00
1.800000E+01 1.398007E+00
1.825000E+01 1.348991E+00
1.850000E+01 1.305574E+00
1.875000E+01 1.274279E+00
1.900000E+01 1.244393E+00
1.925000E+01 1.227961E+00
1.950000E+01 1.214711E+00
1.975000E+01 1.207563E+00
2.000000E+01 1.191116E+00
2.025000E+01 1.193741E+00
2.050000E+01 1.183217E+00
2.075000E+01 1.176611E+00
2.100000E+01 1.165347E+00
2.125000E+01 1.156463E+00
2.150000E+01 1.144705E+00
2.175000E+01 1.126086E+00
2.200000E+01 1.119639E+00
2.225000E+01 1.104263E+00
2.250000E+01 1.092716E+00
2.275000E+01 1.084955E+00
2.300000E+01 1.076919E+00
2.325000E+01 1.071790E+00
2.350000E+01 1.064548E+00
2.375000E+01 1.061788E+00
2.400000E+01 1.056547E+00
2.425000E+01 1.053398E+00
2.450000E+01 1.053000E+00
2.475000E+01 1.051956E+00
2.500000E+01 1.044683E+00
2.525000E+01 1.044047E+00
2.550000E+01 1.040014E+00
2.575000E+01 1.039012E+00
2.600000E+01 1.030842E+00
2.625000E+01 1.031005E+00
2.650000E+01 1.028500E+00
2.675000E+01 1.026912E+00
2.700000E+01 1.021487E+00
2.725000E+01 1.022864E+00
2.750000E+01 1.020997E+00
2.775000E+01 1.016077E+00
2.800000E+01 1.018840E+00
2.825000E+01 1.017710E+00
2.850000E+01 1.013746E+00
2.875000E+01 1.015098E+00
2.900000E+01 1.014589E+00
2.925000E+01 1.010648E+00
2.950000E+01 1.012103E+00
2.975000E+01 1.010399E+00
3.000000E+01 1.011222E+00
3.025000E+01 1.008821E+00
3.050000E+01 1.007935E+00
3.075000E+01 1.006842E+00
3.100000E+01 1.005986E+00
3.125000E+01 1.005812E+00
3.150000E+01 1.005058E+00
3.175000E+01 1.003512E+00
3.200000E+01 1.005020E+00
3.225000E+01 1.005614E+00
3.250000E+01 1.002862E+00
3.275000E+01 1.004554E+00
3.300000E+01 1.002563E+00
3.325000E+01 1.004451E+00
3.350000E+01 1.001101E+00
3.375000E+01 1.001073E+00
3.400000E+01 1.002100E+00
3.425000E+01 1.000524E+00
3.450000E+01 9.998241E-01
3.475000E+01 1.002855E+00
3.500000E+01 1.001535E+00
3.525000E+01 1.001262E+00
3.550000E+01 1.000740E+00
3.575000E+01 9.997237E-01
3.600000E+01 1.002628E+00
3.625000E+01 1.000576E+00
3.650000E+01 9.999550E-01
3.675000E+01 9.994312E-01
3.700000E+01 9.984405E-01
3.725000E+01 9.980406E-01
3.750000E+01 9.979074E-01
3.775000E+01 9.994926E-01
3.800000E+01 1.000227E+00
3.825000E+01 9.981072E-01
3.850000E+01 1.001765E+00
3.875000E+01 9.993417E-01
3.900000E+01 9.998491E-01
3.925000E+01 9.987960E-01
3.950000E+01 9.994817E-01
3.975000E+01 9.991359E-01
4.000000E+01 1.000353E+00
4.025000E+01 9.984853E-01
4.050000E+01 9.974198E-01
4.075000E+01 9.980743E-01
4.100000E+01 9.999117E-01
4.125000E+01 9.983656E-01
4.150000E+01 9.995454E-01
4.175000E+01 1.000552E+00
4.200000E+01 9.986986E-01
4.225000E+01 9.982744E-01
4.250000E+01 9.969828E-01
4.275000E+01 9.985790E-01
4.300000E+01 9.977697E-01
4.325000E+01 9.984518E-01
4.350000E+01 9.972715E-01
4.375000E+01 9.992056E-01
4.400000E+01 9.981462E-01
4.425000E+01 9.983088E-01
4.450000E+01 9.982695E-01
4.475000E+01 9.978916E-01
4.500000E+01 9.968422E-01
4.525000E+01 9.980997E-01
4.550000E+01 9.969024E-01
4.575000E+01 9.984475E-01
4.600000E+01 9.972109E-01
4.625000E+01 9.961142E-01
4.650000E+01 9.961236E-01
4.675000E+01 9.957655E-01
4.700000E+01 9.962218E-01
4.725000E+01 9.963542E-01
4.750000E+01 9.968110E-01
4.775000E+01 9.979026E-01
4.800000E+01 9.983562E-01
4.825000E+01 9.969200E-01
4.850000E+01 9.971436E-01
4.875000E+01 9.960666E-01
4.900000E+01 9.954681E-01
4.925000E+01 9.978217E-01
4.950000E+01 9.949978E-01
4.975000E+01 9.989348E-01
5.000000E+01 9.970830E-01
5.025000E+01 9.961161E-01
5.050000E+01 9.961274E-01
5.075000E+01 9.957341E-01
5.100000E+01 9.956135E-01
5.125000E+01 9.979892E-01
5.150000E+01 9.967684E-01
5.175000E+01 9.975678E-01
5.200000E+01 9.977565E-01
5.225000E+01 9.967828E-01
5.250000E+01 9.965745E-01
5.275000E+01 9.959216E-01
5.300000E+01 9.972259E-01
5.325000E+01 9.960103E-01
5.350000E+01 9.952959E-01
5.375000E+01 9.969909E-01
5.400000E+01 9.961493E-01
5.425000E+01 9.959882E-01
5.450000E+01 9.946937E-01
5.475000E+01 9.957355E-01
5.500000E+01 9.953998E-01
5.525000E+01 9.964505E-01
5.550000E+01 9.962479E-01
5.575000E+01 9.961574E-01
5.600000E+01 9.950891E-01
5.625000E+01 9.963123E-01
5.650000E+01 9.967174E-01
5.675000E+01 9.956102E-01
5.700000E+01 9.957806E-01
5.725000E+01 9.961376E-01
5.750000E+01 9.971203E-01
5.775000E+01 9.944663E-01
5.800000E+01 9.968039E-01
5.825000E+01 9.973802E-01
5.850000E+01 9.963230E-01
5.875000E+01 9.937099E-01
5.900000E+01 9.964546E-01
5.925000E+01 9.963991E-01
5.950000E+01 9.955398E-01
5.975000E+01 9.964111E-01
6.000000E+01 9.949797E-01
6.025000E+01 9.956775E-01
6.050000E+01 9.951531E-01
6.075000E+01 9.957549E-01
6.100000E+01 9.962595E-01
6.125000E+01 9.958745E-01
6.150000E+01 9.952377E-01
6.175000E+01 9.943991E-01
6.200000E+01 9.974691E-01
6.225000E+01 9.958220E-01
6.250000E+01 9.955978E-01
6.275000E+01 9.948302E-01
6.300000E+01 9.943879E-01
6.325000E+01 9.955434E-01
6.350000E+01 9.962126E-01
6.375000E+01 9.949565E-01
6.400000E+01 9.951965E-01
6.425000E+01 9.962391E-01
6.450000E+01 9.952269E-01
6.475000E+01 9.944948E-01
6.500000E+01 9.958742E-01
6.525000E+01 9.948813E-01
6.550000E+01 9.937978E-01
6.575000E+01 9.954883E-01
6.600000E+01 9.949898E-01
6.625000E+01 9.946077E-01
6.650000E+01 9.945907E-01
6.675000E+01 9.947400E-01
6.700000E+01 9.949255E-01
6.725000E+01 9.953883E-01
6.750000E+01 9.960711E-01
6.775000E+01 9.946765E-01
6.800000E+01 9.949044E-01
6.825000E+01 9.951252E-01
6.850000E+01 9.954504E-01
6.875000E+01 9.959348E-01
6.900000E+01 9.954548E-01
6.925000E+01 9.966686E-01
6.950000E+01 9.942797E-01
6.975000E+01 9.939912E-01
7.000000E+01 9.965543E-01
7.025000E+01 9.950908E-01
7.050000E+01 9.953475E-01
7.075000E+01 9.945407E-01
7.100000E+01 9.941554E-01
7.125000E+01 9.947000E-01
7.150000E+01 9.958194E-01
7.175000E+01 9.954097E-01
7.200000E+01 9.951777E-01
7.225000E+01 9.944771E-01
7.250000E+01 9.943068E-01
7.275000E+01 9.960841E-01
7.300000E+01 9.950144E-01
7.325000E+01 9.944781E-01
7.350000E+01 9.957724E-01
7.375000E+01 9.953049E-01
7.400000E+01 9.952276E-01
7.425000E+01 9.949454E-01
7.450000E+01 9.945696E-01
7.475000E+01 9.946211E-01
7.500000E+01 9.947375E-01
7.525000E+01 9.955502E-01
7.550000E+01 9.945291E-01
7.575000E+01 9.947252E-01
7.600000E+01 9.948839E-01
7.625000E+01 9.947200E-01
7.650000E+01 9.963009E-01
7.675000E+01 9.950315E-01
7.700000E+01 9.941320E-01
7.725000E+01 9.953760E-01
7.750000E+01 9.940700E-01
7.775000E+01 9.946206E-01
7.800000E+01 9.942559E-01
7.825000E+01 9.940132E-01
7.850000E+01 9.951698E-01
7.875000E+01 9.943251E-01
7.900000E+01 9.945022E-01
7.925000E+01 9.952966E-01
7.950000E+01 9.959172E-01
7.975000E+01 9.948813E-01
8.000000E+01 9.964306E-01
8.025000E+01 9.946868E-01
8.050000E+01 9.953876E-01
8.075000E+01 9.948129E-01
8.100000E+01 9.951918E-01
8.125000E+01 9.952225E-01
8.150000E+01 9.942161E-01
8.175000E+01 9.942599E-01
8.200000E+01 9.943814E-01
8.225000E+01 9.944842E-01
8.250000E+01 9.951298E-01
8.275000E+01 9.951832E-01
8.300000E+01 9.951091E-01
8.325000E+01 9.948877E-01
8.350000E+01 9.951031E-01
8.375000E+01 9.948806E-01
8.400000E+01 9.944440E-01
8.425000E+01 9.945057E-01
8.450000E+01 9.951482E-01
8.475000E+01 9.949035E-01
8.500000E+01 9.948697E-01
8.525000E+01 9.948146E-01
8.550000E+01 9.955334E-01
8.575000E+01 9.948901E-01
8.600000E+01 9.946119E-01
8.625000E+01 9.946529E-01
8.650000E+01 9.947667E-01
8.675000E+01 9.950011E-01
8.700000E+01 9.954566E-01
8.725000E+01 9.954702E-01
8.750000E+01 9.957703E-01
8.775000E+01 9.950059E-01
8.800000E+01 9.954419E-01
8.825000E+01 9.944110E-01
8.850000E+01 9.951375E-01
8.875000E+01 9.952768E-01
8.900000E+01 9.946563E-01
8.925000E+01 9.940294E-01
8.950000E+01 9.947402E-01
8.975000E+01 9.940631E-01
9.000000E+01 9.950572E-01
9.025000E+01 9.955544E-01
9.050000E+01 9.952528E-01
9.075000E+01 9.945183E-01
9.100000E+01 9.942809E-01
9.125000E+01 9.948073E-01
9.150000E+01 9.951111E-01
9.175000E+01 9.948831E-01
9.200000E+01 9.952562E-01
9.225000E+01 9.951785E-01
9.250000E+01 9.946068E-01
9.275000E+01 9.940512E-01
9.300000E+01 9.953008E-01
9.325000E+01 9.947378E-01
9.350000E+01 9.950709E-01
9.375000E+01 9.948237E-01
9.400000E+01 9.941050E-01
9.425000E+01 9.947556E-01
9.450000E+01 9.944868E-01
9.475000E+01 9.945039E-01
9.500000E+01 9.946223E-01
9.525000E+01 9.944016E-01
9.550000E+01 9.943702E-01
9.575000E+01 9.946386E-01
9.600000E+01 9.948241E-01
9.625000E+01 9.945524E-01
9.650000E+01 9.951125E-01
9.675000E+01 9.943514E-01
9.700000E+01 9.956495E-01
9.725000E+01 9.944603E-01
9.750000E+01 9.946261E-01
9.775000E+01 9.954335E-01
9.800000E+01 9.940690E-01
9.825000E+01 9.939137E-01
9.850000E+01 9.947068E-01
9.875000E+01 9.941767E-01
9.900000E+01 9.944824E-01
9.925000E+01 9.944287E-01
9.950000E+01 9.947094E-01
9.975000E+01 9.936535E-01
1.000000E+02 9.945046E-01
1.002500E+02 9.948112E-01
1.005000E+02 9.947330E-01
1.007500E+02 9.947540E-01
1.010000E+02 9.949736E-01
1.012500E+02 9.942959E-01
1.015000E+02 9.946687E-01
1.017500E+02 9.944769E-01
1.020000E+02 9.952929E-01
1.022500E+02 9.949632E-01
1.025000E+02 9.939345E-01
1.027500E+02 9.946595E-01
1.030000E+02 9.946710E-01
1.032500E+02 9.943922E-01
1.035000E+02 9.945777E-01
1.037500E+02 9.944004E-01
1.040000E+02 9.951866E-01
1.042500E+02 9.937246E-01
1.045000E+02 9.948157E-01
1.047500E+02 9.940769E-01
1.050000E+02 9.952922E-01
1.052500E+02 9.947449E-01
1.055000E+02 9.952033E-01
1.057500E+02 9.945893E-01
1.060000E+02 9.948589E-01
1.062500E+02 9.946710E-01
1.065000E+02 9.939787E-01
1.067500E+02 9.941359E-01
1.070000E+02 9.944484E-01
1.072500E+02 9.942639E-01
1.075000E+02 9.948231E-01
1.077500E+02 9.938860E-01
1.080000E+02 9.939758E-01
1.082500E+02 9.941538E-01
1.085000E+02 9.946437E-01
1.087500E+02 9.947314E-01
1.090000E+02 9.946240E-01
1.092500E+02 9.938165E-01
1.095000E+02 9.938018E-01
1.097500E+02 9.950820E-01
1.100000E+02 9.947247E-01
1.102500E+02 9.945739E-01
1.105000E+02 9.936782E-01
1.107500E+02 9.941562E-01
1.110000E+02 9.944094E-01
1.112500E+02 9.939540E-01
1.115000E+02 9.943654E-01
1.117500E+02 9.935176E-01
1.120000E+02 9.948231E-01
1.122500E+02 9.941863E-01
1.125000E+02 9.939886E-01
1.127500E+02 9.949620E-01
1.130000E+02 9.949013E-01
1.132500E+02 9.945239E-01
1.135000E+02 9.943291E-01
1.137500E+02 9.947880E-01
1.140000E+02 9.942074E-01
1.142500E+02 9.946711E-01
1.145000E+02 9.944157E-01
1.147500E+02 9.944250E-01
1.150000E+02 9.947029E-01
1.152500E+02 9.945253E-01
1.155000E+02 9.946345E-01
1.157500E+02 9.940929E-01
1.160000E+02 9.948231E-01
1.162500E+02 9.948553E-01
1.165000E+02 9.952083E-01
1.167500E+02 9.945506E-01
1.170000E+02 9.947852E-01
1.172500E+02 9.940119E-01
1.175000E+02 9.952396E-01
1.177500E+02 9.938769E-01
1.180000E+02 9.936613E-01
1.182500E+02 9.944060E-01
1.185000E+02 9.939568E-01
1.187500E+02 9.941932E-01
1.190000E+02 9.949040E-01
1.192500E+02 9.948024E-01
1.195000E+02 9.944052E-01
1.197500E+02 9.940494E-01
1.200000E+02 9.942621E-01
1.202500E+02 9.943068E-01
1.205000E+02 9.940908E-01
1.207500E+02 9.942712E-01
1.210000E+02 9.934806E-01
1.212500E+02 9.943234E-01
1.215000E+02 9.937291E-01
1.217500E+02 9.942498E-01
1.220000E+02 9.940500E-01
1.222500E+02 9.941293E-01
1.225000E+02 9.945493E-01
1.227500E+02 9.946181E-01
1.230000E+02 9.940664E-01
1.232500E+02 9.945059E-01
1.235000E+02 9.944772E-01
1.237500E+02 9.942002E-01
1.240000E+02 9.944798E-01
1.242500E+02 9.946247E-01
1.245000E+02 9.942902E-01
1.247500E+02 9.943483E-01
1.250000E+02 9.910911E-01
1.252500E+02 9.852191E-01
1.255000E+02 9.793276E-01
1.257500E+02 9.733800E-01
1.260000E+02 9.679660E-01
1.262500E+02 9.621899E-01
1.265000E+02 9.565536E-01
1.267500E+02 9.508311E-01
1.270000E+02 9.450459E-01
1.272500E+02 9.391304E-01
1.275000E+02 9.331779E-01
1.277500E+02 9.271275E-01
1.280000E+02 9.208948E-01
1.282500E+02 9.162899E-01
1.285000E+02 9.102761E-01
1.287500E+02 9.047866E-01
1.290000E+02 8.990156E-01
1.292500E+02 8.936702E-01
1.295000E+02 8.873414E-01
1.297500E+02 8.824242E-01
1.300000E+02 8.767948E-01
1.302500E+02 8.713107E-01
1.305000E+02 8.663378E-01
1.307500E+02 8.606091E-01
1.310000E+02 8.548840E-01
1.312500E+02 8.499255E-01
1.315000E+02 8.446206E-01
1.317500E+02 8.390413E-01
1.320000E+02 8.337926E-01
1.322500E+02 8.282390E-01
1.325000E+02 8.231568E-01
1.327500E+02 8.175769E-01
1.330000E+02 8.126119E-01
1.332500E+02 8.072086E-01
1.335000E+02 8.022856E-01
1.337500E+02 7.967080E-01
1.340000E+02 7.912503E-01
1.342500E+02 7.861514E-01
1.345000E+02 7.809493E-01
1.347500E+02 7.765002E-01
1.350000E+02 7.712415E-01
1.352500E+02 7.658097E-01
1.355000E+02 7.609294E-01
1.357500E+02 7.557239E-01
1.360000E+02 7.505530E-01
1.362500E+02 7.457930E-01
1.365000E+02 7.407986E-01
1.367500E+02 7.357173E-01
1.370000E+02 7.310223E-01
1.372500E+02 7.256932E-01
1.375000E+02 7.209942E-01
1.377500E+02 7.157185E-01
1.380000E+02 7.107156E-01
1.382500E+02 7.055672E-01
1.385000E+02 7.010136E-01
1.387500E+02 6.963823E-01
1.390000E+02 6.914135E-01
1.392500E+02 6.871992E-01
1.395000E+02 6.818390E-01
1.397500E+02 6.771878E-01
1.400000E+02 6.720385E-01
1.402500E+02 6.678442E-01
1.405000E+02 6.629768E-01
1.407500E+02 6.582730E-01
1.410000E+02 6.534899E-01
1.412500E+02 6.485564E-01
1.415000E+02 6.439244E-01
1.417500E+02 6.397347E-01
1.420000E+02 6.349509E-01
1.422500E+02 6.302693E-01
1.425000E+02 6.253846E-01
1.427500E+02 6.212066E-01
1.430000E+02 6.168111E-01
1.432500E+02 6.120297E-01
1.435000E+02 6.076781E-01
1.437500E+02 6.028072E-01
1.440000E+02 5.981892E-01
1.442500E+02 5.940053E-01
1.445000E+02 5.892495E-01
1.447500E+02 5.846815E-01
1.450000E+02 5.805631E-01
1.452500E+02 5.760518E-01
1.455000E+02 5.721169E-01
1.457500E+02 5.678140E-01
1.460000E+02 5.629396E-01
1.462500E+02 5.589959E-01
1.465000E+02 5.540409E-01
1.467500E+02 5.502303E-01
1.470000E+02 5.458061E-01
1.472500E+02 5.417452E-01
1.475000E+02 5.364359E-01
1.477500E+02 5.328029E-01
1.480000E+02 5.288469E-01
1.482500E+02 5.243426E-01
1.485000E+02 5.202536E-01
1.487500E+02 5.157660E-01
1.490000E+02 5.117535E-01
1.492500E+02 5.073930E-01
1.495000E+02 5.033779E-01
1.497500E+02 4.992576E-01
1.500000E+02 4.951161E-01
1.502500E+02 4.910690E-01
1.505000E+02 4.870495E-01
1.507500E+02 4.829089E-01
1.510000E+02 4.785122E-01
1.512500E+02 4.745953E-01
1.515000E+02 4.702842E-01
1.517500E+02 4.659904E-01
1.520000E+02 4.624845E-01
1.522500E+02 4.583925E-01
1.525000E+02 4.542966E-01
1.527500E+02 4.504221E-01
1.530000E+02 4.460687E-01
1.532500E+02 4.426381E-01
1.535000E+02 4.387390E-01
1.537500E+02 4.343517E-01
1.540000E+02 4.307421E-01
1.542500E+02 4.270155E-01
1.545000E+02 4.226887E-01
1.547500E+02 4.187420E-01
1.550000E+02 4.150652E-01
1.552500E+02 4.109978E-01
1.555000E+02 4.071283E-01
1.557500E+02 4.034553E-01
1.560000E+02 3.993485E-01
1.562500E+02 3.955250E-01
1.565000E+02 3.921222E-01
1.567500E+02 3.885108E-01
1.570000E+02 3.843354E-01
1.572500E+02 3.808984E-01
1.575000E+02 3.768767E-01
1.577500E+02 3.733818E-01
1.580000E+02 3.693263E-01
1.582500E+02 3.655219E-01
1.585000E+02 3.618198E-01
1.587500E+02 3.583174E-01
1.590000E+02 3.545411E-01
1.592500E+02 3.508993E-01
1.595000E+02 3.470604E-01
1.597500E+02 3.435003E-01
1.600000E+02 3.402594E-01
1.602500E+02 3.361746E-01
1.605000E+02 3.326711E-01
1.607500E+02 3.289925E-01
1.610000E+02 3.255452E-01
1.612500E+02 3.218709E-01
1.615000E+02 3.180733E-01
1.617500E+02 3.147444E-01
1.620000E+02 3.114045E-01
1.622500E+02 3.075002E-01
1.625000E+02 3.041611E-01
1.627500E+02 3.002939E-01
1.630000E+02 2.972450E-01
1.632500E+02 2.935782E-01
1.635000E+02 2.900081E-01
1.637500E+02 2.865513E-01
1.640000E+02 2.830830E-01
1.642500E+02 2.797699E-01
1.645000E+02 2.761842E-01
1.647500E+02 2.728989E-01
1.650000E+02 2.694576E-01
1.652500E+02 2.660795E-01
1.655000E+02 2.624740E-01
1.657500E+02 2.591912E-01
1.660000E+02 2.557938E-01
1.662500E+02 2.521468E-01
1.665000E+02 2.489739E-01
1.667500E+02 2.456951E-01
1.670000E+02 2.423551E-01
1.672500E+02 2.390416E-01
1.675000E+02 2.355057E-01
1.677500E+02 2.323434E-01
1.680000E+02 2.288505E-01
1.682500E+02 2.257548E-01
1.685000E+02 2.226835E-01
1.687500E+02 2.192514E-01
1.690000E+02 2.160038E-01
1.692500E+02 2.127193E-01
1.695000E+02 2.095283E-01
1.697500E+02 2.062883E-01
1.700000E+02 2.030838E-01
1.702500E+02 1.998345E-01
1.705000E+02 1.967642E-01
1.707500E+02 1.933200E-01
1.710000E+02 1.903416E-01
1.712500E+02 1.869411E-01
1.715000E+02 1.840477E-01
1.717500E+02 1.807968E-01
1.720000E+02 1.775009E-01
1.722500E+02 1.744459E-01
1.725000E+02 1.712932E-01
1.727500E+02 1.682551E-01
1.730000E+02 1.649543E-01
1.732500E+02 1.619183E-01
1.735000E+02 1.590246E-01
1.737500E+02 1.557493E-01
1.740000E+02 1.526311E-01
1.742500E+02 1.494670E-01
1.745000E+02 1.465653E-01
1.747500E+02 1.435859E-01
1.750000E+02 1.401899E-01
1.752500E+02 1.374298E-01
1.755000E+02 1.343226E-01
1.757500E+02 1.314279E-01
1.760000E+02 1.282731E-01
1.762500E+02 1.254746E-01
1.765000E+02 1.224007E-01
1.767500E+02 1.195030E-01
1.770000E+02 1.168768E-01
1.772500E+02 1.141753E-01
1.775000E+02 1.116441E-01
1.777500E+02 1.093553E-01
1.780000E+02 1.069550E-01
1.782500E+02 1.046994E-01
1.785000E+02 1.026050E-01
1.787500E+02 1.003753E-01
1.790000E+02 9.838576E-02
1.792500E+02 9.621138E-02
1.795000E+02 9.441106E-02
1.797500E+02 9.233799E-02
1.800000E+02 9.027237E-02
1.802500E+02 8.853030E-02
1.805000E+02 8.670854E-02
1.807500E+02 8.486068E-02
1.810000E+02 8.328888E-02
1.812500E+02 8.141658E-02
1.815000E+02 7.987221E-02
1.817500E+02 7.822338E-02
1.820000E+02 7.648708E-02
1.822500E+02 7.494169E-02
1.825000E+02 7.322318E-02
1.827500E+02 7.177225E-02
1.830000E+02 7.031897E-02
1.832500E+02 6.898756E-02
1.835000E+02 6.740818E-02
1.837500E+02 6.593586E-02
1.840000E+02 6.457650E-02
1.842500E+02 6.329839E-02
1.845000E+02 6.183135E-02
1.847500E+02 6.059386E-02
1.850000E+02 5.933191E-02
1.852500E+02 5.791599E-02
1.855000E+02 5.678552E-02
1.857500E+02 5.554238E-02
1.860000E+02 5.430786E-02
1.862500E+02 5.321660E-02
1.865000E+02 5.203763E-02
1.867500E+02 5.074565E-02
1.870000E+02 4.969450E-02
1.872500E+02 4.862408E-02
1.875000E+02 4.750376E-02
1.877500E+02 4.640967E-02
1.880000E+02 4.542997E-02
1.882500E+02 4.440126E-02
1.885000E+02 4.335341E-02
1.887500E+02 4.238802E-02
1.890000E+02 4.139376E-02
1.892500E+02 4.042001E-02
1.895000E+02 3.947144E-02
1.897500E+02 3.855954E-02
1.900000E+02 3.759066E-02
1.902500E+02 3.671369E-02
1.905000E+02 3.580097E-02
1.907500E+02 3.503186E-02
1.910000E+02 3.420056E-02
1.912500E+02 3.332343E-02
1.915000E+02 3.243917E-02
1.917500E+02 3.171354E-02
1.920000E+02 3.091886E-02
1.922500E+02 3.016520E-02
1.925000E+02 2.933744E-02
1.927500E+02 2.865025E-02
1.930000E+02 2.796253E-02
1.932500E+02 2.720969E-02
1.935000E+02 2.648794E-02
1.937500E+02 2.578621E-02
1.940000E+02 2.509343E-02
1.942500E+02 2.442091E-02
1.945000E+02 2.371590E-02
1.947500E+02 2.317616E-02
1.950000E+02 2.248921E-02
1.952500E+02 2.183080E-02
1.955000E+02 2.118950E-02
1.957500E+02 2.060215E-02
1.960000E+02 1.997540E-02
1.962500E+02 1.945923E-02
1.965000E+02 1.888566E-02
1.967500E+02 1.840442E-02
1.970000E+02 1.779427E-02
1.972500E+02 1.731709E-02
1.975000E+02 1.672781E-02
1.977500E+02 1.626585E-02
1.980000E+02 1.574503E-02
1.982500E+02 1.529204E-02
1.985000E+02 1.476324E-02
1.987500E+02 1.426270E-02
1.990000E+02 1.383154E-02
1.992500E+02 1.336308E-02
1.995000E+02 1.298779E-02
1.997500E+02 1.249418E-02
2.000000E+02 1.205863E-02
2.002500E+02 1.163762E-02
2.005000E+02 1.125579E-02
2.007500E+02 1.084674E-02
2.010000E+02 1.051661E-02
2.012500E+02 1.009778E-02
2.015000E+02 9.695208E-03
2.017500E+02 9.353350E-03
2.020000E+02 9.002690E-03
2.022500E+02 8.691367E-03
2.025000E+02 8.326854E-03
2.027500E+02 8.018456E-03
2.030000E+02 7.703650E-03
2.032500E+02 7.378588E-03
2.035000E+02 7.067112E-03
2.037500E+02 6.775398E-03
2.040000E+02 6.490048E-03
2.042500E+02 6.199786E-03
2.045000E+02 5.895655E-03
2.047500E+02 5.636311E-03
2.050000E+02 5.361641E-03
2.052500E+02 5.118436E-03
2.055000E+02 4.874513E-03
2.057500E+02 4.648168E-03
2.060000E+02 4.383562E-03
2.062500E+02 4.189836E-03
2.065000E+02 3.968570E-03
2.067500E+02 3.769478E-03
2.070000E+02 3.540223E-03
2.072500E+02 3.328065E-03
2.075000E+02 3.145614E-03
2.077500E+02 2.951625E-03
2.080000E+02 2.789332E-03
2.082500E+02 2.598487E-03
2.085000E+02 2.433847E-03
2.087500E+02 2.290205E-03
2.090000E+02 2.133493E-03
2.092500E+02 1.973764E-03
2.095000E+02 1.842322E-03
2.097500E+02 1.710679E-03
2.100000E+02 1.572601E-03
2.102500E+02 1.445610E-03
2.105000E+02 1.325096E-03
2.107500E+02 1.208000E-03
2.110000E+02 1.109577E-03
2.112500E+02 9.971040E-04
2.115000E+02 9.005263E-04
2.117500E+02 8.057330E-04
2.120000E+02 7.211241E-04
2.122500E+02 6.296034E-04
2.125000E+02 5.633077E-04
2.127500E+02 4.949237E-04
2.130000E+02 4.117878E-04
2.132500E+02 3.624533E-04
2.135000E+02 2.991813E-04
2.137500E+02 2.511302E-04
2.140000E+02 2.088720E-04
2.142500E+02 1.615298E-04
2.145000E+02 1.270671E-04
2.147500E+02 9.492169E-05
2.150000E+02 6.934310E-05
2.152500E+02 4.634265E-05
2.155000E+02 2.862920E-05
2.157500E+02 1.527240E-05
2.160000E+02 4.497456E-06
2.162500E+02 8.896763E-07
