2.500000E-01 0.000000E+00
5.000000E-01 0.000000E+00
7.500000E-01 0.000000E+00
1.000000E+00 0.000000E+00
1.250000E+00 0.000000E+00
1.500000E+00 0.000000E+00
1.750000E+00 0.000000E+00
2.000000E+00 0.000000E+00
2.250000E+00 0.000000E+00
2.500000E+00 0.000000E+00
2.750000E+00 0.000000E+00
3.000000E+00 0.000000E+00
3.250000E+00 0.000000E+00
3.500000E+00 1.159444E-02
3.750000E+00 1.074276E+00
4.000000E+00 8.966652E+00
4.250000E+00 1.994639E+01
4.500000E+00 2.239064E+01
4.750000E+00 1.843028E+01
5.000000E+00 1.352170E+01
5.250000E+00 9.688541E+00
5.500000E+00 7.106168E+00
5.750000E+00 5.528604E+00
6.000000E+00 4.604040E+00
6.250000E+00 4.067190E+00
6.500000E+00 3.630567E+00
6.750000E+00 3.176691E+00
7.000000E+00 2.733911E+00
7.250000E+00 2.374917E+00
7.500000E+00 2.137412E+00
7.750000E+00 2.033611E+00
8.000000E+00 2.054510E+00
8.250000E+00 2.172109E+00
8.500000E+00 2.287978E+00
8.750000E+00 2.308381E+00
9.000000E+00 2.225321E+00
9.250000E+00 2.069912E+00
9.500000E+00 1.904465E+00
9.750000E+00 1.754679E+00
1.000000E+01 1.632062E+00
1.025000E+01 1.536316E+00
1.050000E+01 1.458303E+00
1.075000E+01 1.398239E+00
1.100000E+01 1.337443E+00
1.125000E+01 1.289345E+00
1.150000E+01 1.249950E+00
1.175000E+01 1.221676E+00
1.200000E+01 1.199635E+00
1.225000E+01 1.188083E+00
1.250000E+01 1.181262E+00
1.275000E+01 1.176983E+00
1.300000E+01 1.168795E+00
1.325000E+01 1.160504E+00
1.350000E+01 1.147872E+00
1.375000E+01 1.132997E+00
1.400000E+01 1.121966E+00
1.425000E+01 1.107883E+00
1.450000E+01 1.096246E+00
1.475000E+01 1.083662E+00
1.500000E+01 1.075602E+00
1.525000E+01 1.067778E+00
1.550000E+01 1.061576E+00
1.575000E+01 1.055327E+00
1.600000E+01 1.049734E+00
1.625000E+01 1.046570E+00
1.650000E+01 1.044706E+00
1.675000E+01 1.041198E+00
1.700000E+01 1.039850E+00
1.725000E+01 1.036768E+00
1.750000E+01 1.035498E+00
1.775000E+01 1.034124E+00
1.800000E+01 1.032325E+00
1.825000E+01 1.029246E+00
1.850000E+01 1.027417E+00
1.875000E+01 1.024756E+00
1.900000E+01 1.024596E+00
1.925000E+01 1.022345E+00
1.950000E+01 1.020965E+00
1.975000E+01 1.020067E+00
2.000000E+01 1.019621E+00
2.025000E+01 1.018915E+00
2.050000E+01 1.018663E+00
2.075000E+01 1.017345E+00
2.100000E+01 1.015730E+00
2.125000E+01 1.015811E+00
2.150000E+01 1.015510E+00
2.175000E+01 1.015249E+00
2.200000E+01 1.013632E+00
2.225000E+01 1.013554E+00
2.250000E+01 1.013111E+00
2.275000E+01 1.013523E+00
2.300000E+01 1.012386E+00
2.325000E+01 1.012500E+00
2.350000E+01 1.011453E+00
2.375000E+01 1.011835E+00
2.400000E+01 1.011757E+00
2.425000E+01 1.010639E+00
2.450000E+01 1.011319E+00
2.475000E+01 1.010294E+00
2.500000E+01 1.010286E+00
2.525000E+01 1.010186E+00
2.550000E+01 1.010014E+00
2.575000E+01 1.009353E+00
2.600000E+01 1.009616E+00
2.625000E+01 1.009811E+00
2.650000E+01 1.009033E+00
2.675000E+01 1.009202E+00
2.700000E+01 1.009561E+00
2.725000E+01 1.009479E+00
2.750000E+01 1.009468E+00
2.775000E+01 1.007954E+00
2.800000E+01 1.008680E+00
2.825000E+01 1.009088E+00
2.850000E+01 1.008235E+00
2.875000E+01 1.007866E+00
2.900000E+01 1.007820E+00
2.925000E+01 1.007917E+00
2.950000E+01 1.007878E+00
2.975000E+01 1.007557E+00
3.000000E+01 1.007818E+00
3.025000E+01 1.008461E+00
3.050000E+01 1.007776E+00
3.075000E+01 1.007742E+00
3.100000E+01 1.007482E+00
3.125000E+01 1.008068E+00
3.150000E+01 1.007370E+00
3.175000E+01 1.006781E+00
3.200000E+01 1.007259E+00
3.225000E+01 1.006839E+00
3.250000E+01 1.006576E+00
3.275000E+01 1.007431E+00
3.300000E+01 1.006948E+00
3.325000E+01 1.006497E+00
3.350000E+01 1.007059E+00
3.375000E+01 1.006731E+00
3.400000E+01 1.006875E+00
3.425000E+01 1.006616E+00
3.450000E+01 1.006664E+00
3.475000E+01 1.006648E+00
3.500000E+01 1.006936E+00
3.525000E+01 1.006982E+00
3.550000E+01 1.006705E+00
3.575000E+01 1.006498E+00
3.600000E+01 1.006770E+00
3.625000E+01 1.006050E+00
3.650000E+01 1.006345E+00
3.675000E+01 1.006464E+00
3.700000E+01 1.006127E+00
3.725000E+01 1.006123E+00
3.750000E+01 1.006378E+00
3.775000E+01 1.006032E+00
3.800000E+01 1.006474E+00
3.825000E+01 1.006717E+00
3.850000E+01 1.005736E+00
3.875000E+01 1.006061E+00
3.900000E+01 1.005720E+00
3.925000E+01 1.006287E+00
3.950000E+01 1.005930E+00
3.975000E+01 1.005453E+00
4.000000E+01 1.005968E+00
4.025000E+01 1.005482E+00
4.050000E+01 1.005775E+00
4.075000E+01 1.005578E+00
4.100000E+01 1.005607E+00
4.125000E+01 1.005537E+00
4.150000E+01 1.005480E+00
4.175000E+01 1.005492E+00
4.200000E+01 1.005304E+00
4.225000E+01 1.005598E+00
4.250000E+01 1.005340E+00
4.275000E+01 1.005358E+00
4.300000E+01 1.005116E+00
4.325000E+01 1.005486E+00
4.350000E+01 1.005095E+00
4.375000E+01 1.005179E+00
4.400000E+01 1.005380E+00
4.425000E+01 1.005200E+00
4.450000E+01 1.004852E+00
4.475000E+01 1.005121E+00
4.500000E+01 1.005139E+00
4.525000E+01 1.005102E+00
4.550000E+01 1.004809E+00
4.575000E+01 1.005220E+00
4.600000E+01 1.005110E+00
4.625000E+01 1.004842E+00
4.650000E+01 1.004924E+00
4.675000E+01 1.005201E+00
4.700000E+01 1.004301E+00
4.725000E+01 1.005137E+00
4.750000E+01 1.005233E+00
4.775000E+01 1.004158E+00
4.800000E+01 1.004607E+00
4.825000E+01 1.004750E+00
4.850000E+01 1.004869E+00
4.875000E+01 1.004211E+00
4.900000E+01 1.004988E+00
4.925000E+01 1.004514E+00
4.950000E+01 1.004461E+00
4.975000E+01 1.004823E+00
5.000000E+01 1.004555E+00
5.025000E+01 1.004705E+00
5.050000E+01 1.004258E+00
5.075000E+01 1.004179E+00
5.100000E+01 1.004640E+00
5.125000E+01 1.004314E+00
5.150000E+01 1.003892E+00
5.175000E+01 1.004316E+00
5.200000E+01 1.003878E+00
5.225000E+01 1.003981E+00
5.250000E+01 1.004340E+00
5.275000E+01 1.004079E+00
5.300000E+01 1.004195E+00
5.325000E+01 1.004380E+00
5.350000E+01 1.004252E+00
5.375000E+01 1.003808E+00
5.400000E+01 1.004142E+00
5.425000E+01 1.003779E+00
5.450000E+01 1.003752E+00
5.475000E+01 1.004026E+00
5.500000E+01 1.003675E+00
5.525000E+01 1.004099E+00
5.550000E+01 1.004280E+00
5.575000E+01 1.004012E+00
5.600000E+01 1.003615E+00
5.625000E+01 1.004148E+00
5.650000E+01 1.003624E+00
5.675000E+01 1.004170E+00
5.700000E+01 1.004255E+00
5.725000E+01 1.003932E+00
5.750000E+01 1.003844E+00
5.775000E+01 1.003831E+00
5.800000E+01 1.003894E+00
5.825000E+01 1.003897E+00
5.850000E+01 1.003592E+00
5.875000E+01 1.003507E+00
5.900000E+01 1.003932E+00
5.925000E+01 1.003456E+00
5.950000E+01 1.003736E+00
5.975000E+01 1.003555E+00
6.000000E+01 1.003217E+00
6.025000E+01 1.003595E+00
6.050000E+01 1.003742E+00
6.075000E+01 1.003061E+00
6.100000E+01 1.003474E+00
6.125000E+01 1.003332E+00
6.150000E+01 1.003446E+00
6.175000E+01 1.003578E+00
6.200000E+01 1.003854E+00
6.225000E+01 1.003664E+00
6.250000E+01 1.003332E+00
6.275000E+01 1.003411E+00
6.300000E+01 1.003037E+00
6.325000E+01 1.003495E+00
6.350000E+01 1.003758E+00
6.375000E+01 1.003371E+00
6.400000E+01 1.003496E+00
6.425000E+01 1.003442E+00
6.450000E+01 1.003229E+00
6.475000E+01 1.003276E+00
6.500000E+01 1.003093E+00
6.525000E+01 1.003571E+00
6.550000E+01 1.003225E+00
6.575000E+01 1.003007E+00
6.600000E+01 1.002899E+00
6.625000E+01 1.003176E+00
6.650000E+01 1.003383E+00
6.675000E+01 1.002997E+00
6.700000E+01 1.003247E+00
6.725000E+01 1.002944E+00
6.750000E+01 1.003101E+00
6.775000E+01 1.003088E+00
6.800000E+01 1.002959E+00
6.825000E+01 1.002937E+00
6.850000E+01 1.002884E+00
6.875000E+01 1.002995E+00
6.900000E+01 1.002748E+00
6.925000E+01 1.002935E+00
6.950000E+01 1.003028E+00
6.975000E+01 1.002776E+00
7.000000E+01 1.002887E+00
7.025000E+01 1.002767E+00
7.050000E+01 1.002931E+00
7.075000E+01 1.003084E+00
7.100000E+01 1.002475E+00
7.125000E+01 1.002963E+00
7.150000E+01 1.002779E+00
7.175000E+01 1.002962E+00
7.200000E+01 1.002872E+00
7.225000E+01 1.002949E+00
7.250000E+01 1.002815E+00
7.275000E+01 1.002753E+00
7.300000E+01 1.002612E+00
7.325000E+01 1.002801E+00
7.350000E+01 1.002737E+00
7.375000E+01 1.002772E+00
7.400000E+01 1.002693E+00
7.425000E+01 1.002827E+00
7.450000E+01 1.002611E+00
7.475000E+01 1.002585E+00
7.500000E+01 1.002503E+00
7.525000E+01 1.002306E+00
7.550000E+01 1.002840E+00
7.575000E+01 1.002481E+00
7.600000E+01 1.002657E+00
7.625000E+01 1.002724E+00
7.650000E+01 1.002761E+00
7.675000E+01 1.002421E+00
7.700000E+01 1.002407E+00
7.725000E+01 1.002630E+00
7.750000E+01 1.002311E+00
7.775000E+01 1.002496E+00
7.800000E+01 1.002453E+00
7.825000E+01 1.002292E+00
7.850000E+01 1.002504E+00
7.875000E+01 1.002267E+00
7.900000E+01 1.002382E+00
7.925000E+01 1.002389E+00
7.950000E+01 1.002314E+00
7.975000E+01 1.002530E+00
8.000000E+01 1.002624E+00
8.025000E+01 1.002157E+00
8.050000E+01 1.002339E+00
8.075000E+01 1.002232E+00
8.100000E+01 1.002205E+00
8.125000E+01 1.002170E+00
8.150000E+01 1.002188E+00
8.175000E+01 1.002414E+00
8.200000E+01 1.002281E+00
8.225000E+01 1.002013E+00
8.250000E+01 1.002321E+00
8.275000E+01 1.002186E+00
8.300000E+01 1.002256E+00
8.325000E+01 1.002292E+00
8.350000E+01 1.002250E+00
8.375000E+01 1.002025E+00
8.400000E+01 1.002120E+00
8.425000E+01 1.002172E+00
8.450000E+01 1.002211E+00
8.475000E+01 1.002168E+00
8.500000E+01 1.002239E+00
8.525000E+01 1.002152E+00
8.550000E+01 1.002082E+00
8.575000E+01 1.002181E+00
8.600000E+01 1.001959E+00
8.625000E+01 1.002054E+00
8.650000E+01 1.001996E+00
8.675000E+01 1.002142E+00
8.700000E+01 1.002040E+00
8.725000E+01 1.001956E+00
8.750000E+01 1.001958E+00
8.775000E+01 1.001928E+00
8.800000E+01 1.002011E+00
8.825000E+01 1.002084E+00
8.850000E+01 1.001947E+00
8.875000E+01 1.002217E+00
8.900000E+01 1.001915E+00
8.925000E+01 1.002106E+00
8.950000E+01 1.001875E+00
8.975000E+01 1.002174E+00
9.000000E+01 1.001832E+00
9.025000E+01 1.002113E+00
9.050000E+01 1.002141E+00
9.075000E+01 1.001855E+00
9.100000E+01 1.002108E+00
9.125000E+01 1.002076E+00
9.150000E+01 1.002017E+00
9.175000E+01 1.001754E+00
9.200000E+01 1.001959E+00
9.225000E+01 1.002014E+00
9.250000E+01 1.001807E+00
9.275000E+01 1.001881E+00
9.300000E+01 1.001828E+00
9.325000E+01 1.001720E+00
9.350000E+01 1.001980E+00
9.375000E+01 1.001782E+00
9.400000E+01 1.002092E+00
9.425000E+01 1.001831E+00
9.450000E+01 1.001786E+00
9.475000E+01 1.001874E+00
9.500000E+01 1.001800E+00
9.525000E+01 1.001680E+00
9.550000E+01 1.001520E+00
9.575000E+01 1.001824E+00
9.600000E+01 1.001608E+00
9.625000E+01 1.001808E+00
9.650000E+01 1.001648E+00
9.675000E+01 1.001943E+00
9.700000E+01 1.001862E+00
9.725000E+01 1.001844E+00
9.750000E+01 1.001834E+00
9.775000E+01 1.001517E+00
9.800000E+01 1.001849E+00
9.825000E+01 1.001678E+00
9.850000E+01 1.001774E+00
9.875000E+01 1.001765E+00
9.900000E+01 1.001467E+00
9.925000E+01 1.001730E+00
9.950000E+01 1.001715E+00
9.975000E+01 1.001726E+00
1.000000E+02 1.001541E+00
1.002500E+02 1.001564E+00
1.005000E+02 1.001673E+00
1.007500E+02 1.001651E+00
1.010000E+02 1.001509E+00
1.012500E+02 1.001645E+00
1.015000E+02 1.001603E+00
1.017500E+02 1.001659E+00
1.020000E+02 1.001439E+00
1.022500E+02 1.001649E+00
1.025000E+02 1.001691E+00
1.027500E+02 1.001530E+00
1.030000E+02 1.001466E+00
1.032500E+02 1.001568E+00
1.035000E+02 1.001615E+00
1.037500E+02 1.001466E+00
1.040000E+02 1.001509E+00
1.042500E+02 1.001575E+00
1.045000E+02 1.001491E+00
1.047500E+02 1.001655E+00
1.050000E+02 1.001735E+00
1.052500E+02 1.001686E+00
1.055000E+02 1.001528E+00
1.057500E+02 1.001635E+00
1.060000E+02 1.001477E+00
1.062500E+02 1.001328E+00
1.065000E+02 1.001602E+00
1.067500E+02 1.001573E+00
1.070000E+02 1.001385E+00
1.072500E+02 1.001556E+00
1.075000E+02 1.001477E+00
1.077500E+02 1.001605E+00
1.080000E+02 1.001623E+00
1.082500E+02 1.001433E+00
1.085000E+02 1.001410E+00
1.087500E+02 1.001479E+00
1.090000E+02 1.001527E+00
1.092500E+02 1.001473E+00
1.095000E+02 1.001563E+00
1.097500E+02 1.001592E+00
1.100000E+02 1.001353E+00
1.102500E+02 1.001391E+00
1.105000E+02 1.001504E+00
1.107500E+02 1.001383E+00
1.110000E+02 1.001374E+00
1.112500E+02 1.001390E+00
1.115000E+02 1.001392E+00
1.117500E+02 1.001383E+00
1.120000E+02 1.001476E+00
1.122500E+02 1.001313E+00
1.125000E+02 1.001458E+00
1.127500E+02 1.001311E+00
1.130000E+02 1.001254E+00
1.132500E+02 1.001449E+00
1.135000E+02 1.001324E+00
1.137500E+02 1.001262E+00
1.140000E+02 1.001359E+00
1.142500E+02 1.001253E+00
1.145000E+02 1.001359E+00
1.147500E+02 1.001256E+00
1.150000E+02 1.001209E+00
1.152500E+02 1.001277E+00
1.155000E+02 1.001438E+00
1.157500E+02 1.001226E+00
1.160000E+02 1.001324E+00
1.162500E+02 1.001273E+00
1.165000E+02 1.001111E+00
1.167500E+02 1.001302E+00
1.170000E+02 1.001246E+00
1.172500E+02 1.001342E+00
1.175000E+02 1.001458E+00
1.177500E+02 1.001279E+00
1.180000E+02 1.001193E+00
1.182500E+02 1.001166E+00
1.185000E+02 1.001191E+00
1.187500E+02 1.001132E+00
1.190000E+02 1.001104E+00
1.192500E+02 1.001206E+00
1.195000E+02 1.001345E+00
1.197500E+02 1.001043E+00
1.200000E+02 1.001132E+00
1.202500E+02 1.001260E+00
1.205000E+02 1.001223E+00
1.207500E+02 1.001045E+00
1.210000E+02 1.001142E+00
1.212500E+02 1.000999E+00
1.215000E+02 1.001239E+00
1.217500E+02 1.001151E+00
1.220000E+02 1.001225E+00
1.222500E+02 1.001123E+00
1.225000E+02 1.000934E+00
1.227500E+02 1.001204E+00
1.230000E+02 1.001272E+00
1.232500E+02 1.000989E+00
1.235000E+02 1.001137E+00
1.237500E+02 1.001108E+00
1.240000E+02 1.001177E+00
1.242500E+02 1.001282E+00
1.245000E+02 1.001099E+00
1.247500E+02 1.001026E+00
1.250000E+02 9.981790E-01
1.252500E+02 9.920802E-01
1.255000E+02 9.862301E-01
1.257500E+02 9.803698E-01
1.260000E+02 9.743875E-01
1.262500E+02 9.683804E-01
1.265000E+02 9.627194E-01
1.267500E+02 9.568878E-01
1.270000E+02 9.510143E-01
1.272500E+02 9.450629E-01
1.275000E+02 9.394010E-01
1.277500E+02 9.336903E-01
1.280000E+02 9.278946E-01
1.282500E+02 9.219860E-01
1.285000E+02 9.164545E-01
1.287500E+02 9.107649E-01
1.290000E+02 9.049888E-01
1.292500E+02 8.996908E-01
1.295000E+02 8.939390E-01
1.297500E+02 8.884184E-01
1.300000E+02 8.828067E-01
1.302500E+02 8.772468E-01
1.305000E+02 8.717739E-01
1.307500E+02 8.661292E-01
1.310000E+02 8.607392E-01
1.312500E+02 8.553817E-01
1.315000E+02 8.498232E-01
1.317500E+02 8.443307E-01
1.320000E+02 8.391266E-01
1.322500E+02 8.335547E-01
1.325000E+02 8.282988E-01
1.327500E+02 8.229541E-01
1.330000E+02 8.177077E-01
1.332500E+02 8.125017E-01
1.335000E+02 8.071331E-01
1.337500E+02 8.019025E-01
1.340000E+02 7.967394E-01
1.342500E+02 7.915095E-01
1.345000E+02 7.863554E-01
1.347500E+02 7.810531E-01
1.350000E+02 7.759442E-01
1.352500E+02 7.708367E-01
1.355000E+02 7.655856E-01
1.357500E+02 7.605236E-01
1.360000E+02 7.555291E-01
1.362500E+02 7.504418E-01
1.365000E+02 7.455231E-01
1.367500E+02 7.405791E-01
1.370000E+02 7.353314E-01
1.372500E+02 7.304901E-01
1.375000E+02 7.254460E-01
1.377500E+02 7.204713E-01
1.380000E+02 7.155887E-01
1.382500E+02 7.105832E-01
1.385000E+02 7.058362E-01
1.387500E+02 7.009825E-01
1.390000E+02 6.960293E-01
1.392500E+02 6.911727E-01
1.395000E+02 6.864320E-01
1.397500E+02 6.816153E-01
1.400000E+02 6.767503E-01
1.402500E+02 6.718589E-01
1.405000E+02 6.671943E-01
1.407500E+02 6.625271E-01
1.410000E+02 6.577315E-01
1.412500E+02 6.529602E-01
1.415000E+02 6.484168E-01
1.417500E+02 6.436747E-01
1.420000E+02 6.389672E-01
1.422500E+02 6.344335E-01
1.425000E+02 6.298177E-01
1.427500E+02 6.251577E-01
1.430000E+02 6.206530E-01
1.432500E+02 6.160375E-01
1.435000E+02 6.114970E-01
1.437500E+02 6.069034E-01
1.440000E+02 6.025086E-01
1.442500E+02 5.979023E-01
1.445000E+02 5.933535E-01
1.447500E+02 5.888885E-01
1.450000E+02 5.843939E-01
1.452500E+02 5.800925E-01
1.455000E+02 5.755227E-01
1.457500E+02 5.712006E-01
1.460000E+02 5.668050E-01
1.462500E+02 5.622375E-01
1.465000E+02 5.579344E-01
1.467500E+02 5.536637E-01
1.470000E+02 5.492960E-01
1.472500E+02 5.449868E-01
1.475000E+02 5.405991E-01
1.477500E+02 5.362921E-01
1.480000E+02 5.320303E-01
1.482500E+02 5.277393E-01
1.485000E+02 5.234278E-01
1.487500E+02 5.192996E-01
1.490000E+02 5.150335E-01
1.492500E+02 5.107666E-01
1.495000E+02 5.065851E-01
1.497500E+02 5.023863E-01
1.500000E+02 4.983303E-01
1.502500E+02 4.940859E-01
1.505000E+02 4.899526E-01
1.507500E+02 4.858124E-01
1.510000E+02 4.817026E-01
1.512500E+02 4.775671E-01
1.515000E+02 4.734684E-01
1.517500E+02 4.693719E-01
1.520000E+02 4.653724E-01
1.522500E+02 4.613000E-01
1.525000E+02 4.572915E-01
1.527500E+02 4.532436E-01
1.530000E+02 4.493288E-01
1.532500E+02 4.452449E-01
1.535000E+02 4.413237E-01
1.537500E+02 4.372968E-01
1.540000E+02 4.333569E-01
1.542500E+02 4.295092E-01
1.545000E+02 4.255163E-01
1.547500E+02 4.215272E-01
1.550000E+02 4.176256E-01
1.552500E+02 4.136893E-01
1.555000E+02 4.099217E-01
1.557500E+02 4.059809E-01
1.560000E+02 4.021033E-01
1.562500E+02 3.983235E-01
1.565000E+02 3.945208E-01
1.567500E+02 3.906851E-01
1.570000E+02 3.868889E-01
1.572500E+02 3.830292E-01
1.575000E+02 3.792726E-01
1.577500E+02 3.755391E-01
1.580000E+02 3.717999E-01
1.582500E+02 3.680145E-01
1.585000E+02 3.642731E-01
1.587500E+02 3.605324E-01
1.590000E+02 3.568312E-01
1.592500E+02 3.531002E-01
1.595000E+02 3.493924E-01
1.597500E+02 3.457497E-01
1.600000E+02 3.420307E-01
1.602500E+02 3.384674E-01
1.605000E+02 3.348386E-01
1.607500E+02 3.311483E-01
1.610000E+02 3.275207E-01
1.612500E+02 3.239736E-01
1.615000E+02 3.203353E-01
1.617500E+02 3.167721E-01
1.620000E+02 3.131799E-01
1.622500E+02 3.096768E-01
1.625000E+02 3.060298E-01
1.627500E+02 3.025496E-01
1.630000E+02 2.990063E-01
1.632500E+02 2.955672E-01
1.635000E+02 2.919996E-01
1.637500E+02 2.884913E-01
1.640000E+02 2.850173E-01
1.642500E+02 2.815673E-01
1.645000E+02 2.780270E-01
1.647500E+02 2.745548E-01
1.650000E+02 2.711731E-01
1.652500E+02 2.676919E-01
1.655000E+02 2.642960E-01
1.657500E+02 2.609023E-01
1.660000E+02 2.574415E-01
1.662500E+02 2.540655E-01
1.665000E+02 2.507236E-01
1.667500E+02 2.472524E-01
1.670000E+02 2.439649E-01
1.672500E+02 2.405659E-01
1.675000E+02 2.373087E-01
1.677500E+02 2.338631E-01
1.680000E+02 2.306079E-01
1.682500E+02 2.273162E-01
1.685000E+02 2.239517E-01
1.687500E+02 2.207198E-01
1.690000E+02 2.173845E-01
1.692500E+02 2.140989E-01
1.695000E+02 2.109020E-01
1.697500E+02 2.076013E-01
1.700000E+02 2.043484E-01
1.702500E+02 2.011554E-01
1.705000E+02 1.978534E-01
1.707500E+02 1.947333E-01
1.710000E+02 1.914888E-01
1.712500E+02 1.882390E-01
1.715000E+02 1.850684E-01
1.717500E+02 1.818988E-01
1.720000E+02 1.787393E-01
1.722500E+02 1.756006E-01
1.725000E+02 1.724140E-01
1.727500E+02 1.692583E-01
1.730000E+02 1.661609E-01
1.732500E+02 1.630316E-01
1.735000E+02 1.598995E-01
1.737500E+02 1.568102E-01
1.740000E+02 1.537206E-01
1.742500E+02 1.505947E-01
1.745000E+02 1.475445E-01
1.747500E+02 1.444254E-01
1.750000E+02 1.414080E-01
1.752500E+02 1.383076E-01
1.755000E+02 1.352819E-01
1.757500E+02 1.322388E-01
1.760000E+02 1.292181E-01
1.762500E+02 1.262285E-01
1.765000E+02 1.231846E-01
1.767500E+02 1.202102E-01
1.770000E+02 1.175266E-01
1.772500E+02 1.149127E-01
1.775000E+02 1.123957E-01
1.777500E+02 1.100121E-01
1.780000E+02 1.076681E-01
1.782500E+02 1.053858E-01
1.785000E+02 1.032241E-01
1.787500E+02 1.010542E-01
1.790000E+02 9.890152E-02
1.792500E+02 9.689309E-02
1.795000E+02 9.489520E-02
1.797500E+02 9.290128E-02
1.800000E+02 9.100438E-02
1.802500E+02 8.910526E-02
1.805000E+02 8.724321E-02
1.807500E+02 8.545800E-02
1.810000E+02 8.375731E-02
1.812500E+02 8.197535E-02
1.815000E+02 8.030447E-02
1.817500E+02 7.863775E-02
1.820000E+02 7.700501E-02
1.822500E+02 7.539171E-02
1.825000E+02 7.383462E-02
1.827500E+02 7.229205E-02
1.830000E+02 7.075993E-02
1.832500E+02 6.928371E-02
1.835000E+02 6.786563E-02
1.837500E+02 6.641712E-02
1.840000E+02 6.503415E-02
1.842500E+02 6.364482E-02
1.845000E+02 6.228807E-02
1.847500E+02 6.094442E-02
1.850000E+02 5.966221E-02
1.852500E+02 5.836714E-02
1.855000E+02 5.711433E-02
1.857500E+02 5.587796E-02
1.860000E+02 5.466799E-02
1.862500E+02 5.346568E-02
1.865000E+02 5.231310E-02
1.867500E+02 5.113628E-02
1.870000E+02 5.000945E-02
1.872500E+02 4.891033E-02
1.875000E+02 4.778489E-02
1.877500E+02 4.675336E-02
1.880000E+02 4.567165E-02
1.882500E+02 4.462342E-02
1.885000E+02 4.362377E-02
1.887500E+02 4.262084E-02
1.890000E+02 4.164108E-02
1.892500E+02 4.068429E-02
1.895000E+02 3.971542E-02
1.897500E+02 3.877922E-02
1.900000E+02 3.785353E-02
1.902500E+02 3.694320E-02
1.905000E+02 3.608780E-02
1.907500E+02 3.520546E-02
1.910000E+02 3.435287E-02
1.912500E+02 3.351818E-02
1.915000E+02 3.268962E-02
1.917500E+02 3.189544E-02
1.920000E+02 3.108096E-02
1.922500E+02 3.031638E-02
1.925000E+02 2.953832E-02
1.927500E+02 2.878105E-02
1.930000E+02 2.807208E-02
1.932500E+02 2.732467E-02
1.935000E+02 2.661109E-02
1.937500E+02 2.590443E-02
1.940000E+02 2.522324E-02
1.942500E+02 2.454874E-02
1.945000E+02 2.386957E-02
1.947500E+02 2.322735E-02
1.950000E+02 2.258871E-02
1.952500E+02 2.197294E-02
1.955000E+02 2.135509E-02
1.957500E+02 2.074861E-02
1.960000E+02 2.015347E-02
1.962500E+02 1.958526E-02
1.965000E+02 1.902513E-02
1.967500E+02 1.845893E-02
1.970000E+02 1.790869E-02
1.972500E+02 1.737839E-02
1.975000E+02 1.684359E-02
1.977500E+02 1.634608E-02
1.980000E+02 1.582421E-02
1.982500E+02 1.532931E-02
1.985000E+02 1.485422E-02
1.987500E+02 1.437098E-02
1.990000E+02 1.390660E-02
1.992500E+02 1.345801E-02
1.995000E+02 1.301122E-02
1.997500E+02 1.257452E-02
2.000000E+02 1.215007E-02
2.002500E+02 1.172446E-02
2.005000E+02 1.131659E-02
2.007500E+02 1.092346E-02
2.010000E+02 1.053098E-02
2.012500E+02 1.014712E-02
2.015000E+02 9.775547E-03
2.017500E+02 9.407649E-03
2.020000E+02 9.061619E-03
2.022500E+02 8.697794E-03
2.025000E+02 8.362652E-03
2.027500E+02 8.035766E-03
2.030000E+02 7.713611E-03
2.032500E+02 7.404301E-03
2.035000E+02 7.095119E-03
2.037500E+02 6.799214E-03
2.040000E+02 6.501877E-03
2.042500E+02 6.220195E-03
2.045000E+02 5.940699E-03
2.047500E+02 5.666656E-03
2.050000E+02 5.404295E-03
2.052500E+02 5.151117E-03
2.055000E+02 4.904036E-03
2.057500E+02 4.657337E-03
2.060000E+02 4.433461E-03
2.062500E+02 4.205614E-03
2.065000E+02 3.982563E-03
2.067500E+02 3.769178E-03
2.070000E+02 3.556832E-03
2.072500E+02 3.359922E-03
2.075000E+02 3.169498E-03
2.077500E+02 2.979533E-03
2.080000E+02 2.794325E-03
2.082500E+02 2.621929E-03
2.085000E+02 2.457793E-03
2.087500E+02 2.294962E-03
2.090000E+02 2.141092E-03
2.092500E+02 1.991523E-03
2.095000E+02 1.843938E-03
2.097500E+02 1.703378E-03
2.100000E+02 1.574767E-03
2.102500E+02 1.446385E-03
2.105000E+02 1.328778E-03
2.107500E+02 1.210934E-03
2.110000E+02 1.097927E-03
2.112500E+02 9.998243E-04
2.115000E+02 9.012470E-04
2.117500E+02 8.089834E-04
2.120000E+02 7.210431E-04
2.122500E+02 6.391162E-04
2.125000E+02 5.603992E-04
2.127500E+02 4.906467E-04
2.130000E+02 4.216239E-04
2.132500E+02 3.623326E-04
2.135000E+02 3.029106E-04
2.137500E+02 2.538324E-04
2.140000E+02 2.067186E-04
2.142500E+02 1.644639E-04
2.145000E+02 1.278096E-04
2.147500E+02 9.477821E-05
2.150000E+02 6.836158E-05
2.152500E+02 4.625174E-05
2.155000E+02 2.776273E-05
2.157500E+02 1.433844E-05
2.160000E+02 5.174963E-06
2.162500E+02 8.152112E-07
