2.500000E-01 0.000000E+00
5.000000E-01 0.000000E+00
7.500000E-01 0.000000E+00
1.000000E+00 0.000000E+00
1.250000E+00 0.000000E+00
1.500000E+00 0.000000E+00
1.750000E+00 0.000000E+00
2.000000E+00 0.000000E+00
2.250000E+00 0.000000E+00
2.500000E+00 0.000000E+00
2.750000E+00 0.000000E+00
3.000000E+00 0.000000E+00
3.250000E+00 0.000000E+00
3.500000E+00 1.362998E-02
3.750000E+00 1.371550E+00
4.000000E+00 1.147812E+01
4.250000E+00 2.552852E+01
4.500000E+00 2.854704E+01
4.750000E+00 2.328590E+01
5.000000E+00 1.698901E+01
5.250000E+00 1.202779E+01
5.500000E+00 8.650535E+00
5.750000E+00 6.528606E+00
6.000000E+00 5.303177E+00
6.250000E+00 4.523729E+00
6.500000E+00 3.941708E+00
6.750000E+00 3.360673E+00
7.000000E+00 2.830043E+00
7.250000E+00 2.420150E+00
7.500000E+00 2.133049E+00
7.750000E+00 1.984489E+00
8.000000E+00 1.956090E+00
8.250000E+00 2.024654E+00
8.500000E+00 2.093184E+00
8.750000E+00 2.081635E+00
9.000000E+00 1.990358E+00
9.250000E+00 1.851948E+00
9.500000E+00 1.705628E+00
9.750000E+00 1.574237E+00
1.000000E+01 1.466053E+00
1.025000E+01 1.390987E+00
1.050000E+01 1.327511E+00
1.075000E+01 1.271049E+00
1.100000E+01 1.227934E+00
1.125000E+01 1.191437E+00
1.150000E+01 1.164411E+00
1.175000E+01 1.138958E+00
1.200000E+01 1.121664E+00
1.225000E+01 1.114900E+00
1.250000E+01 1.105436E+00
1.275000E+01 1.105693E+00
1.300000E+01 1.100790E+00
1.325000E+01 1.088901E+00
1.350000E+01 1.083100E+00
1.375000E+01 1.077056E+00
1.400000E+01 1.066727E+00
1.425000E+01 1.056823E+00
1.450000E+01 1.051643E+00
1.475000E+01 1.046838E+00
1.500000E+01 1.038259E+00
1.525000E+01 1.037136E+00
1.550000E+01 1.035252E+00
1.575000E+01 1.029868E+00
1.600000E+01 1.030067E+00
1.625000E+01 1.024864E+00
1.650000E+01 1.025259E+00
1.675000E+01 1.023826E+00
1.700000E+01 1.022649E+00
1.725000E+01 1.019935E+00
1.750000E+01 1.024413E+00
1.775000E+01 1.019336E+00
1.800000E+01 1.019877E+00
1.825000E+01 1.018528E+00
1.850000E+01 1.018145E+00
1.875000E+01 1.015261E+00
1.900000E+01 1.016184E+00
1.925000E+01 1.017620E+00
1.950000E+01 1.013691E+00
1.975000E+01 1.013923E+00
2.000000E+01 1.013350E+00
2.025000E+01 1.012747E+00
2.050000E+01 1.011119E+00
2.075000E+01 1.013376E+00
2.100000E+01 1.011453E+00
2.125000E+01 1.013770E+00
2.150000E+01 1.012216E+00
2.175000E+01 1.012478E+00
2.200000E+01 1.010654E+00
2.225000E+01 1.010283E+00
2.250000E+01 1.010328E+00
2.275000E+01 1.008664E+00
2.300000E+01 1.009419E+00
2.325000E+01 1.008971E+00
2.350000E+01 1.011433E+00
2.375000E+01 1.009862E+00
2.400000E+01 1.009830E+00
2.425000E+01 1.009390E+00
2.450000E+01 1.009228E+00
2.475000E+01 1.008297E+00
2.500000E+01 1.009088E+00
2.525000E+01 1.009050E+00
2.550000E+01 1.008209E+00
2.575000E+01 1.010289E+00
2.600000E+01 1.009086E+00
2.625000E+01 1.009340E+00
2.650000E+01 1.008789E+00
2.675000E+01 1.008620E+00
2.700000E+01 1.008647E+00
2.725000E+01 1.006386E+00
2.750000E+01 1.007598E+00
2.775000E+01 1.009055E+00
2.800000E+01 1.008940E+00
2.825000E+01 1.006968E+00
2.850000E+01 1.009457E+00
2.875000E+01 1.007795E+00
2.900000E+01 1.008832E+00
2.925000E+01 1.008422E+00
2.950000E+01 1.006421E+00
2.975000E+01 1.007352E+00
3.000000E+01 1.007409E+00
3.025000E+01 1.007166E+00
3.050000E+01 1.007456E+00
3.075000E+01 1.007730E+00
3.100000E+01 1.006104E+00
3.125000E+01 1.006129E+00
3.150000E+01 1.006838E+00
3.175000E+01 1.006785E+00
3.200000E+01 1.006159E+00
3.225000E+01 1.007765E+00
3.250000E+01 1.005903E+00
3.275000E+01 1.006538E+00
3.300000E+01 1.006861E+00
3.325000E+01 1.007328E+00
3.350000E+01 1.006156E+00
3.375000E+01 1.005427E+00
3.400000E+01 1.006166E+00
3.425000E+01 1.005918E+00
3.450000E+01 1.006139E+00
3.475000E+01 1.005117E+00
3.500000E+01 1.005599E+00
3.525000E+01 1.005978E+00
3.550000E+01 1.005438E+00
3.575000E+01 1.005219E+00
3.600000E+01 1.005242E+00
3.625000E+01 1.005623E+00
3.650000E+01 1.005345E+00
3.675000E+01 1.005758E+00
3.700000E+01 1.006211E+00
3.725000E+01 1.005600E+00
3.750000E+01 1.004904E+00
3.775000E+01 1.006003E+00
3.800000E+01 1.006122E+00
3.825000E+01 1.004716E+00
3.850000E+01 1.005899E+00
3.875000E+01 1.005671E+00
3.900000E+01 1.006036E+00
3.925000E+01 1.004524E+00
3.950000E+01 1.005961E+00
3.975000E+01 1.005712E+00
4.000000E+01 1.004137E+00
4.025000E+01 1.005526E+00
4.050000E+01 1.005513E+00
4.075000E+01 1.005958E+00
4.100000E+01 1.004935E+00
4.125000E+01 1.004062E+00
4.150000E+01 1.004682E+00
4.175000E+01 1.004218E+00
4.200000E+01 1.004560E+00
4.225000E+01 1.004831E+00
4.250000E+01 1.004696E+00
4.275000E+01 1.005177E+00
4.300000E+01 1.004292E+00
4.325000E+01 1.005493E+00
4.350000E+01 1.004735E+00
4.375000E+01 1.004556E+00
4.400000E+01 1.004481E+00
4.425000E+01 1.005052E+00
4.450000E+01 1.005478E+00
4.475000E+01 1.003370E+00
4.500000E+01 1.003715E+00
4.525000E+01 1.004907E+00
4.550000E+01 1.004653E+00
4.575000E+01 1.004528E+00
4.600000E+01 1.004401E+00
4.625000E+01 1.004366E+00
4.650000E+01 1.004339E+00
4.675000E+01 1.004084E+00
4.700000E+01 1.004504E+00
4.725000E+01 1.004328E+00
4.750000E+01 1.004423E+00
4.775000E+01 1.003645E+00
4.800000E+01 1.003630E+00
4.825000E+01 1.003907E+00
4.850000E+01 1.004269E+00
4.875000E+01 1.005392E+00
4.900000E+01 1.003848E+00
4.925000E+01 1.004504E+00
4.950000E+01 1.004175E+00
4.975000E+01 1.003995E+00
5.000000E+01 1.003782E+00
5.025000E+01 1.004015E+00
5.050000E+01 1.004317E+00
5.075000E+01 1.003873E+00
5.100000E+01 1.004641E+00
5.125000E+01 1.004503E+00
5.150000E+01 1.003752E+00
5.175000E+01 1.003698E+00
5.200000E+01 1.003502E+00
5.225000E+01 1.004303E+00
5.250000E+01 1.002942E+00
5.275000E+01 1.004242E+00
5.300000E+01 1.002892E+00
5.325000E+01 1.003526E+00
5.350000E+01 1.004266E+00
5.375000E+01 1.003371E+00
5.400000E+01 1.003838E+00
5.425000E+01 1.003457E+00
5.450000E+01 1.003663E+00
5.475000E+01 1.003451E+00
5.500000E+01 1.003613E+00
5.525000E+01 1.003873E+00
5.550000E+01 1.003311E+00
5.575000E+01 1.003133E+00
5.600000E+01 1.003244E+00
5.625000E+01 1.003592E+00
5.650000E+01 1.003733E+00
5.675000E+01 1.003791E+00
5.700000E+01 1.003318E+00
5.725000E+01 1.003715E+00
5.750000E+01 1.003631E+00
5.775000E+01 1.003413E+00
5.800000E+01 1.003172E+00
5.825000E+01 1.003078E+00
5.850000E+01 1.003436E+00
5.875000E+01 1.003269E+00
5.900000E+01 1.003493E+00
5.925000E+01 1.003387E+00
5.950000E+01 1.003280E+00
5.975000E+01 1.002601E+00
6.000000E+01 1.003032E+00
6.025000E+01 1.003291E+00
6.050000E+01 1.003027E+00
6.075000E+01 1.003223E+00
6.100000E+01 1.003290E+00
6.125000E+01 1.002769E+00
6.150000E+01 1.003334E+00
6.175000E+01 1.003347E+00
6.200000E+01 1.003332E+00
6.225000E+01 1.003101E+00
6.250000E+01 1.003039E+00
6.275000E+01 1.003569E+00
6.300000E+01 1.003011E+00
6.325000E+01 1.002963E+00
6.350000E+01 1.002806E+00
6.375000E+01 1.002899E+00
6.400000E+01 1.002838E+00
6.425000E+01 1.002872E+00
6.450000E+01 1.002968E+00
6.475000E+01 1.003454E+00
6.500000E+01 1.003364E+00
6.525000E+01 1.003418E+00
6.550000E+01 1.002500E+00
6.575000E+01 1.002768E+00
6.600000E+01 1.002739E+00
6.625000E+01 1.003189E+00
6.650000E+01 1.002870E+00
6.675000E+01 1.002401E+00
6.700000E+01 1.002771E+00
6.725000E+01 1.002633E+00
6.750000E+01 1.002928E+00
6.775000E+01 1.002871E+00
6.800000E+01 1.002353E+00
6.825000E+01 1.002659E+00
6.850000E+01 1.002788E+00
6.875000E+01 1.002907E+00
6.900000E+01 1.002821E+00
6.925000E+01 1.002765E+00
6.950000E+01 1.002497E+00
6.975000E+01 1.002995E+00
7.000000E+01 1.002608E+00
7.025000E+01 1.002829E+00
7.050000E+01 1.002819E+00
7.075000E+01 1.002840E+00
7.100000E+01 1.002829E+00
7.125000E+01 1.002717E+00
7.150000E+01 1.002886E+00
7.175000E+01 1.002977E+00
7.200000E+01 1.002622E+00
7.225000E+01 1.002336E+00
7.250000E+01 1.002072E+00
7.275000E+01 1.002876E+00
7.300000E+01 1.002131E+00
7.325000E+01 1.002514E+00
7.350000E+01 1.002578E+00
7.375000E+01 1.003093E+00
7.400000E+01 1.002551E+00
7.425000E+01 1.002309E+00
7.450000E+01 1.002389E+00
7.475000E+01 1.002629E+00
7.500000E+01 1.002715E+00
7.525000E+01 1.002303E+00
7.550000E+01 1.002398E+00
7.575000E+01 1.002903E+00
7.600000E+01 1.002249E+00
7.625000E+01 1.002086E+00
7.650000E+01 1.002189E+00
7.675000E+01 1.002617E+00
7.700000E+01 1.002645E+00
7.725000E+01 1.001856E+00
7.750000E+01 1.002600E+00
7.775000E+01 1.002321E+00
7.800000E+01 1.002525E+00
7.825000E+01 1.002644E+00
7.850000E+01 1.002131E+00
7.875000E+01 1.001816E+00
7.900000E+01 1.002532E+00
7.925000E+01 1.002840E+00
7.950000E+01 1.002857E+00
7.975000E+01 1.002241E+00
8.000000E+01 1.002722E+00
8.025000E+01 1.002374E+00
8.050000E+01 1.002053E+00
8.075000E+01 1.002430E+00
8.100000E+01 1.002065E+00
8.125000E+01 1.002091E+00
8.150000E+01 1.002379E+00
8.175000E+01 1.002015E+00
8.200000E+01 1.002142E+00
8.225000E+01 1.002717E+00
8.250000E+01 1.002609E+00
8.275000E+01 1.002233E+00
8.300000E+01 1.002421E+00
8.325000E+01 1.002355E+00
8.350000E+01 1.001984E+00
8.375000E+01 1.001977E+00
8.400000E+01 1.002531E+00
8.425000E+01 1.001953E+00
8.450000E+01 1.001942E+00
8.475000E+01 1.002265E+00
8.500000E+01 1.002113E+00
8.525000E+01 1.002010E+00
8.550000E+01 1.002333E+00
8.575000E+01 1.001943E+00
8.600000E+01 1.002291E+00
8.625000E+01 1.001954E+00
8.650000E+01 1.002159E+00
8.675000E+01 1.001912E+00
8.700000E+01 1.001881E+00
8.725000E+01 1.001788E+00
8.750000E+01 1.001568E+00
8.775000E+01 1.001968E+00
8.800000E+01 1.002164E+00
8.825000E+01 1.002380E+00
8.850000E+01 1.001982E+00
8.875000E+01 1.002179E+00
8.900000E+01 1.002173E+00
8.925000E+01 1.001682E+00
8.950000E+01 1.002225E+00
8.975000E+01 1.002083E+00
9.000000E+01 1.001814E+00
9.025000E+01 1.002281E+00
9.050000E+01 1.002103E+00
9.075000E+01 1.001641E+00
9.100000E+01 1.002096E+00
9.125000E+01 1.001668E+00
9.150000E+01 1.001730E+00
9.175000E+01 1.002086E+00
9.200000E+01 1.002188E+00
9.225000E+01 1.001690E+00
9.250000E+01 1.001858E+00
9.275000E+01 1.001740E+00
9.300000E+01 1.001166E+00
9.325000E+01 1.002065E+00
9.350000E+01 1.002073E+00
9.375000E+01 1.002115E+00
9.400000E+01 1.002181E+00
9.425000E+01 1.001945E+00
9.450000E+01 1.001947E+00
9.475000E+01 1.001569E+00
9.500000E+01 1.001772E+00
9.525000E+01 1.001534E+00
9.550000E+01 1.002189E+00
9.575000E+01 1.001505E+00
9.600000E+01 1.001666E+00
9.625000E+01 1.002040E+00
9.650000E+01 1.001876E+00
9.675000E+01 1.001977E+00
9.700000E+01 1.001724E+00
9.725000E+01 1.001797E+00
9.750000E+01 1.001493E+00
9.775000E+01 1.002089E+00
9.800000E+01 1.001687E+00
9.825000E+01 1.001862E+00
9.850000E+01 1.001734E+00
9.875000E+01 1.001387E+00
9.900000E+01 1.001846E+00
9.925000E+01 1.001351E+00
9.950000E+01 1.001596E+00
9.975000E+01 1.001936E+00
1.000000E+02 1.001923E+00
1.002500E+02 1.001716E+00
1.005000E+02 1.001786E+00
1.007500E+02 1.001649E+00
1.010000E+02 1.002011E+00
1.012500E+02 1.001810E+00
1.015000E+02 1.001505E+00
1.017500E+02 1.001629E+00
1.020000E+02 1.001585E+00
1.022500E+02 1.001768E+00
1.025000E+02 1.001401E+00
1.027500E+02 1.001537E+00
1.030000E+02 1.001910E+00
1.032500E+02 1.001747E+00
1.035000E+02 1.001791E+00
1.037500E+02 1.001823E+00
1.040000E+02 1.001810E+00
1.042500E+02 1.001362E+00
1.045000E+02 1.001407E+00
1.047500E+02 1.001253E+00
1.050000E+02 1.001289E+00
1.052500E+02 1.001355E+00
1.055000E+02 1.001933E+00
1.057500E+02 1.001724E+00
1.060000E+02 1.001648E+00
1.062500E+02 1.001422E+00
1.065000E+02 1.001274E+00
1.067500E+02 1.001293E+00
1.070000E+02 1.001606E+00
1.072500E+02 1.001533E+00
1.075000E+02 1.001192E+00
1.077500E+02 1.001451E+00
1.080000E+02 1.001781E+00
1.082500E+02 1.001434E+00
1.085000E+02 1.001421E+00
1.087500E+02 1.001644E+00
1.090000E+02 1.001453E+00
1.092500E+02 1.001330E+00
1.095000E+02 1.001514E+00
1.097500E+02 1.001122E+00
1.100000E+02 1.001321E+00
1.102500E+02 1.001213E+00
1.105000E+02 1.001626E+00
1.107500E+02 1.001228E+00
1.110000E+02 1.001170E+00
1.112500E+02 1.001458E+00
1.115000E+02 1.001422E+00
1.117500E+02 1.001020E+00
1.120000E+02 1.001364E+00
1.122500E+02 1.001201E+00
1.125000E+02 1.001605E+00
1.127500E+02 1.001150E+00
1.130000E+02 1.001090E+00
1.132500E+02 1.001133E+00
1.135000E+02 1.001465E+00
1.137500E+02 1.001529E+00
1.140000E+02 1.001335E+00
1.142500E+02 1.001168E+00
1.145000E+02 1.001334E+00
1.147500E+02 1.001118E+00
1.150000E+02 1.001326E+00
1.152500E+02 1.001478E+00
1.155000E+02 1.001411E+00
1.157500E+02 1.000945E+00
1.160000E+02 1.001613E+00
1.162500E+02 1.001033E+00
1.165000E+02 1.001328E+00
1.167500E+02 1.000853E+00
1.170000E+02 1.001206E+00
1.172500E+02 1.001370E+00
1.175000E+02 1.000828E+00
1.177500E+02 1.001500E+00
1.180000E+02 1.001233E+00
1.182500E+02 1.000982E+00
1.185000E+02 1.001180E+00
1.187500E+02 1.001082E+00
1.190000E+02 1.000980E+00
1.192500E+02 1.001349E+00
1.195000E+02 1.001278E+00
1.197500E+02 1.001366E+00
1.200000E+02 1.001422E+00
1.202500E+02 1.001035E+00
1.205000E+02 1.001256E+00
1.207500E+02 1.001570E+00
1.210000E+02 1.001079E+00
1.212500E+02 1.001315E+00
1.215000E+02 1.001274E+00
1.217500E+02 1.001407E+00
1.220000E+02 1.001273E+00
1.222500E+02 1.001143E+00
1.225000E+02 1.001103E+00
1.227500E+02 1.000964E+00
1.230000E+02 1.001361E+00
1.232500E+02 1.001007E+00
1.235000E+02 1.000930E+00
1.237500E+02 1.001295E+00
1.240000E+02 1.001217E+00
1.242500E+02 1.000859E+00
1.245000E+02 1.000961E+00
1.247500E+02 1.001120E+00
1.250000E+02 9.981103E-01
1.252500E+02 9.918769E-01
1.255000E+02 9.862209E-01
1.257500E+02 9.802339E-01
1.260000E+02 9.744324E-01
1.262500E+02 9.681334E-01
1.265000E+02 9.624913E-01
1.267500E+02 9.567277E-01
1.270000E+02 9.506938E-01
1.272500E+02 9.449652E-01
1.275000E+02 9.394141E-01
1.277500E+02 9.336254E-01
1.280000E+02 9.277554E-01
1.282500E+02 9.221556E-01
1.285000E+02 9.164699E-01
1.287500E+02 9.108147E-01
1.290000E+02 9.052238E-01
1.292500E+02 8.994521E-01
1.295000E+02 8.938953E-01
1.297500E+02 8.886386E-01
1.300000E+02 8.828736E-01
1.302500E+02 8.772288E-01
1.305000E+02 8.716836E-01
1.307500E+02 8.661367E-01
1.310000E+02 8.607202E-01
1.312500E+02 8.552016E-01
1.315000E+02 8.499324E-01
1.317500E+02 8.442704E-01
1.320000E+02 8.389383E-01
1.322500E+02 8.334178E-01
1.325000E+02 8.282584E-01
1.327500E+02 8.231132E-01
1.330000E+02 8.176356E-01
1.332500E+02 8.123527E-01
1.335000E+02 8.073064E-01
1.337500E+02 8.019748E-01
1.340000E+02 7.965929E-01
1.342500E+02 7.915378E-01
1.345000E+02 7.864712E-01
1.347500E+02 7.812182E-01
1.350000E+02 7.761412E-01
1.352500E+02 7.709294E-01
1.355000E+02 7.657995E-01
1.357500E+02 7.603925E-01
1.360000E+02 7.554354E-01
1.362500E+02 7.505660E-01
1.365000E+02 7.455303E-01
1.367500E+02 7.405681E-01
1.370000E+02 7.352168E-01
1.372500E+02 7.303255E-01
1.375000E+02 7.253932E-01
1.377500E+02 7.205289E-01
1.380000E+02 7.158809E-01
1.382500E+02 7.106714E-01
1.385000E+02 7.057168E-01
1.387500E+02 7.008464E-01
1.390000E+02 6.962179E-01
1.392500E+02 6.911294E-01
1.395000E+02 6.863555E-01
1.397500E+02 6.815208E-01
1.400000E+02 6.768551E-01
1.402500E+02 6.720397E-01
1.405000E+02 6.673808E-01
1.407500E+02 6.627181E-01
1.410000E+02 6.579975E-01
1.412500E+02 6.531526E-01
1.415000E+02 6.484445E-01
1.417500E+02 6.439082E-01
1.420000E+02 6.390663E-01
1.422500E+02 6.344017E-01
1.425000E+02 6.298420E-01
1.427500E+02 6.250138E-01
1.430000E+02 6.205143E-01
1.432500E+02 6.159721E-01
1.435000E+02 6.114594E-01
1.437500E+02 6.070882E-01
1.440000E+02 6.023043E-01
1.442500E+02 5.977684E-01
1.445000E+02 5.934794E-01
1.447500E+02 5.889613E-01
1.450000E+02 5.843375E-01
1.452500E+02 5.799808E-01
1.455000E+02 5.755601E-01
1.457500E+02 5.711299E-01
1.460000E+02 5.666907E-01
1.462500E+02 5.622334E-01
1.465000E+02 5.579194E-01
1.467500E+02 5.534617E-01
1.470000E+02 5.492868E-01
1.472500E+02 5.447072E-01
1.475000E+02 5.406554E-01
1.477500E+02 5.364002E-01
1.480000E+02 5.320250E-01
1.482500E+02 5.278838E-01
1.485000E+02 5.237203E-01
1.487500E+02 5.192551E-01
1.490000E+02 5.149275E-01
1.492500E+02 5.108330E-01
1.495000E+02 5.066656E-01
1.497500E+02 5.023560E-01
1.500000E+02 4.981586E-01
1.502500E+02 4.941679E-01
1.505000E+02 4.899951E-01
1.507500E+02 4.858789E-01
1.510000E+02 4.818762E-01
1.512500E+02 4.775579E-01
1.515000E+02 4.734642E-01
1.517500E+02 4.694325E-01
1.520000E+02 4.653379E-01
1.522500E+02 4.614437E-01
1.525000E+02 4.572566E-01
1.527500E+02 4.532487E-01
1.530000E+02 4.491762E-01
1.532500E+02 4.452183E-01
1.535000E+02 4.412870E-01
1.537500E+02 4.374291E-01
1.540000E+02 4.334022E-01
1.542500E+02 4.293387E-01
1.545000E+02 4.255375E-01
1.547500E+02 4.216527E-01
1.550000E+02 4.178063E-01
1.552500E+02 4.137075E-01
1.555000E+02 4.098131E-01
1.557500E+02 4.060044E-01
1.560000E+02 4.023486E-01
1.562500E+02 3.984667E-01
1.565000E+02 3.944394E-01
1.567500E+02 3.907056E-01
1.570000E+02 3.869326E-01
1.572500E+02 3.831699E-01
1.575000E+02 3.792605E-01
1.577500E+02 3.755393E-01
1.580000E+02 3.717047E-01
1.582500E+02 3.679425E-01
1.585000E+02 3.643135E-01
1.587500E+02 3.605358E-01
1.590000E+02 3.569827E-01
1.592500E+02 3.532029E-01
1.595000E+02 3.494194E-01
1.597500E+02 3.456862E-01
1.600000E+02 3.420749E-01
1.602500E+02 3.385130E-01
1.605000E+02 3.347530E-01
1.607500E+02 3.310094E-01
1.610000E+02 3.275655E-01
1.612500E+02 3.239600E-01
1.615000E+02 3.201975E-01
1.617500E+02 3.167231E-01
1.620000E+02 3.132876E-01
1.622500E+02 3.096067E-01
1.625000E+02 3.061392E-01
1.627500E+02 3.025728E-01
1.630000E+02 2.989656E-01
1.632500E+02 2.954642E-01
1.635000E+02 2.920260E-01
1.637500E+02 2.885528E-01
1.640000E+02 2.849280E-01
1.642500E+02 2.816052E-01
1.645000E+02 2.780189E-01
1.647500E+02 2.744545E-01
1.650000E+02 2.712011E-01
1.652500E+02 2.677705E-01
1.655000E+02 2.643413E-01
1.657500E+02 2.607859E-01
1.660000E+02 2.575524E-01
1.662500E+02 2.539297E-01
1.665000E+02 2.506953E-01
1.667500E+02 2.472299E-01
1.670000E+02 2.439315E-01
1.672500E+02 2.407065E-01
1.675000E+02 2.372286E-01
1.677500E+02 2.338781E-01
1.680000E+02 2.305678E-01
1.682500E+02 2.272886E-01
1.685000E+02 2.239752E-01
1.687500E+02 2.206589E-01
1.690000E+02 2.172346E-01
1.692500E+02 2.141431E-01
1.695000E+02 2.107965E-01
1.697500E+02 2.076143E-01
1.700000E+02 2.042857E-01
1.702500E+02 2.009855E-01
1.705000E+02 1.978619E-01
1.707500E+02 1.946643E-01
1.710000E+02 1.914623E-01
1.712500E+02 1.882812E-01
1.715000E+02 1.851243E-01
1.717500E+02 1.819483E-01
1.720000E+02 1.786189E-01
1.722500E+02 1.755692E-01
1.725000E+02 1.723446E-01
1.727500E+02 1.692509E-01
1.730000E+02 1.660665E-01
1.732500E+02 1.630419E-01
1.735000E+02 1.599410E-01
1.737500E+02 1.567858E-01
1.740000E+02 1.537349E-01
1.742500E+02 1.505889E-01
1.745000E+02 1.475670E-01
1.747500E+02 1.444144E-01
1.750000E+02 1.413605E-01
1.752500E+02 1.384173E-01
1.755000E+02 1.353185E-01
1.757500E+02 1.322165E-01
1.760000E+02 1.292659E-01
1.762500E+02 1.262350E-01
1.765000E+02 1.231609E-01
1.767500E+02 1.201952E-01
1.770000E+02 1.174845E-01
1.772500E+02 1.149576E-01
1.775000E+02 1.124061E-01
1.777500E+02 1.099654E-01
1.780000E+02 1.076152E-01
1.782500E+02 1.054691E-01
1.785000E+02 1.031962E-01
1.787500E+02 1.010077E-01
1.790000E+02 9.892352E-02
1.792500E+02 9.680819E-02
1.795000E+02 9.481684E-02
1.797500E+02 9.291213E-02
1.800000E+02 9.091079E-02
1.802500E+02 8.910813E-02
1.805000E+02 8.721322E-02
1.807500E+02 8.544335E-02
1.810000E+02 8.369447E-02
1.812500E+02 8.200885E-02
1.815000E+02 8.028961E-02
1.817500E+02 7.860326E-02
1.820000E+02 7.700041E-02
1.822500E+02 7.539345E-02
1.825000E+02 7.386398E-02
1.827500E+02 7.233494E-02
1.830000E+02 7.075384E-02
1.832500E+02 6.932935E-02
1.835000E+02 6.781035E-02
1.837500E+02 6.642151E-02
1.840000E+02 6.502552E-02
1.842500E+02 6.362852E-02
1.845000E+02 6.231105E-02
1.847500E+02 6.096460E-02
1.850000E+02 5.962356E-02
1.852500E+02 5.837562E-02
1.855000E+02 5.712737E-02
1.857500E+02 5.587352E-02
1.860000E+02 5.469167E-02
1.862500E+02 5.342615E-02
1.865000E+02 5.224804E-02
1.867500E+02 5.113857E-02
1.870000E+02 5.001078E-02
1.872500E+02 4.891460E-02
1.875000E+02 4.781985E-02
1.877500E+02 4.680517E-02
1.880000E+02 4.569873E-02
1.882500E+02 4.468634E-02
1.885000E+02 4.362838E-02
1.887500E+02 4.261808E-02
1.890000E+02 4.166674E-02
1.892500E+02 4.066061E-02
1.895000E+02 3.974594E-02
1.897500E+02 3.878723E-02
1.900000E+02 3.791789E-02
1.902500E+02 3.694948E-02
1.905000E+02 3.611253E-02
1.907500E+02 3.520375E-02
1.910000E+02 3.433097E-02
1.912500E+02 3.354794E-02
1.915000E+02 3.270364E-02
1.917500E+02 3.187622E-02
1.920000E+02 3.111528E-02
1.922500E+02 3.032163E-02
1.925000E+02 2.957853E-02
1.927500E+02 2.876867E-02
1.930000E+02 2.806704E-02
1.932500E+02 2.733532E-02
1.935000E+02 2.663041E-02
1.937500E+02 2.593806E-02
1.940000E+02 2.521857E-02
1.942500E+02 2.457764E-02
1.945000E+02 2.390434E-02
1.947500E+02 2.325913E-02
1.950000E+02 2.262914E-02
1.952500E+02 2.198818E-02
1.955000E+02 2.136472E-02
1.957500E+02 2.078556E-02
1.960000E+02 2.014045E-02
1.962500E+02 1.960437E-02
1.965000E+02 1.901945E-02
1.967500E+02 1.848428E-02
1.970000E+02 1.791763E-02
1.972500E+02 1.739174E-02
1.975000E+02 1.684851E-02
1.977500E+02 1.634561E-02
1.980000E+02 1.581997E-02
1.982500E+02 1.532628E-02
1.985000E+02 1.487801E-02
1.987500E+02 1.439268E-02
1.990000E+02 1.392495E-02
1.992500E+02 1.347539E-02
1.995000E+02 1.298692E-02
1.997500E+02 1.260560E-02
2.000000E+02 1.214972E-02
2.002500E+02 1.173283E-02
2.005000E+02 1.132905E-02
2.007500E+02 1.094030E-02
2.010000E+02 1.054530E-02
2.012500E+02 1.013409E-02
2.015000E+02 9.785579E-03
2.017500E+02 9.442156E-03
2.020000E+02 9.063409E-03
2.022500E+02 8.699555E-03
2.025000E+02 8.385043E-03
2.027500E+02 8.040593E-03
2.030000E+02 7.723613E-03
2.032500E+02 7.393879E-03
2.035000E+02 7.102594E-03
2.037500E+02 6.783801E-03
2.040000E+02 6.503926E-03
2.042500E+02 6.206557E-03
2.045000E+02 5.937091E-03
2.047500E+02 5.669858E-03
2.050000E+02 5.419909E-03
2.052500E+02 5.148742E-03
2.055000E+02 4.912248E-03
2.057500E+02 4.663723E-03
2.060000E+02 4.432777E-03
2.062500E+02 4.210945E-03
2.065000E+02 3.993390E-03
2.067500E+02 3.769897E-03
2.070000E+02 3.556612E-03
2.072500E+02 3.368131E-03
2.075000E+02 3.161273E-03
2.077500E+02 2.976374E-03
2.080000E+02 2.801899E-03
2.082500E+02 2.630229E-03
2.085000E+02 2.451069E-03
2.087500E+02 2.301590E-03
2.090000E+02 2.149410E-03
2.092500E+02 1.990529E-03
2.095000E+02 1.842126E-03
2.097500E+02 1.710396E-03
2.100000E+02 1.576472E-03
2.102500E+02 1.445182E-03
2.105000E+02 1.328086E-03
2.107500E+02 1.213624E-03
2.110000E+02 1.107555E-03
2.112500E+02 1.005434E-03
2.115000E+02 9.018041E-04
2.117500E+02 8.051925E-04
2.120000E+02 7.251891E-04
2.122500E+02 6.348722E-04
2.125000E+02 5.589886E-04
2.127500E+02 4.904487E-04
2.130000E+02 4.208364E-04
2.132500E+02 3.595073E-04
2.135000E+02 3.062158E-04
2.137500E+02 2.544566E-04
2.140000E+02 2.069880E-04
2.142500E+02 1.685290E-04
2.145000E+02 1.276887E-04
2.147500E+02 9.518898E-05
2.150000E+02 6.836545E-05
2.152500E+02 4.509456E-05
2.155000E+02 2.819891E-05
2.157500E+02 1.426069E-05
2.160000E+02 5.580817E-06
2.162500E+02 7.526825E-07
