2.500000E-01 0.000000E+00
5.000000E-01 0.000000E+00
7.500000E-01 0.000000E+00
1.000000E+00 0.000000E+00
1.250000E+00 0.000000E+00
1.500000E+00 0.000000E+00
1.750000E+00 0.000000E+00
2.000000E+00 0.000000E+00
2.250000E+00 0.000000E+00
2.500000E+00 0.000000E+00
2.750000E+00 0.000000E+00
3.000000E+00 0.000000E+00
3.250000E+00 0.000000E+00
3.500000E+00 1.502981E-02
3.750000E+00 1.353034E+00
4.000000E+00 1.137255E+01
4.250000E+00 2.521707E+01
4.500000E+00 2.816303E+01
4.750000E+00 2.301231E+01
5.000000E+00 1.676950E+01
5.250000E+00 1.194099E+01
5.500000E+00 8.618969E+00
5.750000E+00 6.494320E+00
6.000000E+00 5.263315E+00
6.250000E+00 4.516624E+00
6.500000E+00 3.917035E+00
6.750000E+00 3.344212E+00
7.000000E+00 2.819222E+00
7.250000E+00 2.400550E+00
7.500000E+00 2.124962E+00
7.750000E+00 1.979440E+00
8.000000E+00 1.946550E+00
8.250000E+00 2.001932E+00
8.500000E+00 2.072436E+00
8.750000E+00 2.075682E+00
9.000000E+00 1.975985E+00
9.250000E+00 1.835646E+00
9.500000E+00 1.691103E+00
9.750000E+00 1.563646E+00
1.000000E+01 1.459799E+00
1.025000E+01 1.377328E+00
1.050000E+01 1.319066E+00
1.075000E+01 1.264566E+00
1.100000E+01 1.225066E+00
1.125000E+01 1.189048E+00
1.150000E+01 1.161630E+00
1.175000E+01 1.139099E+00
1.200000E+01 1.120479E+00
1.225000E+01 1.110197E+00
1.250000E+01 1.103140E+00
1.275000E+01 1.099672E+00
1.300000E+01 1.094435E+00
1.325000E+01 1.086590E+00
1.350000E+01 1.079849E+00
1.375000E+01 1.071738E+00
1.400000E+01 1.063380E+00
1.425000E+01 1.056465E+00
1.450000E+01 1.049655E+00
1.475000E+01 1.047475E+00
1.500000E+01 1.038861E+00
1.525000E+01 1.033851E+00
1.550000E+01 1.033301E+00
1.575000E+01 1.031661E+00
1.600000E+01 1.027326E+00
1.625000E+01 1.025773E+00
1.650000E+01 1.023260E+00
1.675000E+01 1.024444E+00
1.700000E+01 1.020210E+00
1.725000E+01 1.020707E+00
1.750000E+01 1.018725E+00
1.775000E+01 1.018828E+00
1.800000E+01 1.018018E+00
1.825000E+01 1.015344E+00
1.850000E+01 1.015418E+00
1.875000E+01 1.016777E+00
1.900000E+01 1.014747E+00
1.925000E+01 1.012877E+00
1.950000E+01 1.012588E+00
1.975000E+01 1.015175E+00
2.000000E+01 1.013381E+00
2.025000E+01 1.013835E+00
2.050000E+01 1.011824E+00
2.075000E+01 1.010085E+00
2.100000E+01 1.011931E+00
2.125000E+01 1.011839E+00
2.150000E+01 1.011553E+00
2.175000E+01 1.013033E+00
2.200000E+01 1.011021E+00
2.225000E+01 1.010965E+00
2.250000E+01 1.010732E+00
2.275000E+01 1.010971E+00
2.300000E+01 1.012042E+00
2.325000E+01 1.012243E+00
2.350000E+01 1.009796E+00
2.375000E+01 1.009480E+00
2.400000E+01 1.009915E+00
2.425000E+01 1.010555E+00
2.450000E+01 1.010398E+00
2.475000E+01 1.010077E+00
2.500000E+01 1.010267E+00
2.525000E+01 1.009766E+00
2.550000E+01 1.008765E+00
2.575000E+01 1.009407E+00
2.600000E+01 1.009070E+00
2.625000E+01 1.007786E+00
2.650000E+01 1.009244E+00
2.675000E+01 1.010122E+00
2.700000E+01 1.009043E+00
2.725000E+01 1.008329E+00
2.750000E+01 1.008568E+00
2.775000E+01 1.008670E+00
2.800000E+01 1.008576E+00
2.825000E+01 1.008722E+00
2.850000E+01 1.009836E+00
2.875000E+01 1.008116E+00
2.900000E+01 1.008604E+00
2.925000E+01 1.008224E+00
2.950000E+01 1.007796E+00
2.975000E+01 1.007482E+00
3.000000E+01 1.007545E+00
3.025000E+01 1.007779E+00
3.050000E+01 1.006740E+00
3.075000E+01 1.009014E+00
3.100000E+01 1.007419E+00
3.125000E+01 1.006985E+00
3.150000E+01 1.007328E+00
3.175000E+01 1.009122E+00
3.200000E+01 1.006654E+00
3.225000E+01 1.007069E+00
3.250000E+01 1.006433E+00
3.275000E+01 1.006756E+00
3.300000E+01 1.006487E+00
3.325000E+01 1.008878E+00
3.350000E+01 1.006338E+00
3.375000E+01 1.006248E+00
3.400000E+01 1.006972E+00
3.425000E+01 1.006810E+00
3.450000E+01 1.006268E+00
3.475000E+01 1.007480E+00
3.500000E+01 1.007106E+00
3.525000E+01 1.006427E+00
3.550000E+01 1.007020E+00
3.575000E+01 1.006168E+00
3.600000E+01 1.005975E+00
3.625000E+01 1.006733E+00
3.650000E+01 1.005825E+00
3.675000E+01 1.005683E+00
3.700000E+01 1.005933E+00
3.725000E+01 1.006276E+00
3.750000E+01 1.005888E+00
3.775000E+01 1.005750E+00
3.800000E+01 1.006049E+00
3.825000E+01 1.005918E+00
3.850000E+01 1.006109E+00
3.875000E+01 1.006483E+00
3.900000E+01 1.004529E+00
3.925000E+01 1.005157E+00
3.950000E+01 1.005334E+00
3.975000E+01 1.005410E+00
4.000000E+01 1.006128E+00
4.025000E+01 1.005795E+00
4.050000E+01 1.004333E+00
4.075000E+01 1.004533E+00
4.100000E+01 1.005436E+00
4.125000E+01 1.004635E+00
4.150000E+01 1.004591E+00
4.175000E+01 1.004665E+00
4.200000E+01 1.005341E+00
4.225000E+01 1.005493E+00
4.250000E+01 1.005104E+00
4.275000E+01 1.004964E+00
4.300000E+01 1.004659E+00
4.325000E+01 1.005726E+00
4.350000E+01 1.005352E+00
4.375000E+01 1.005125E+00
4.400000E+01 1.004775E+00
4.425000E+01 1.004620E+00
4.450000E+01 1.004350E+00
4.475000E+01 1.005435E+00
4.500000E+01 1.004329E+00
4.525000E+01 1.004902E+00
4.550000E+01 1.005769E+00
4.575000E+01 1.005347E+00
4.600000E+01 1.004166E+00
4.625000E+01 1.005337E+00
4.650000E+01 1.005888E+00
4.675000E+01 1.004146E+00
4.700000E+01 1.004986E+00
4.725000E+01 1.004593E+00
4.750000E+01 1.004784E+00
4.775000E+01 1.004086E+00
4.800000E+01 1.005080E+00
4.825000E+01 1.005891E+00
4.850000E+01 1.004158E+00
4.875000E+01 1.004752E+00
4.900000E+01 1.003805E+00
4.925000E+01 1.004285E+00
4.950000E+01 1.004459E+00
4.975000E+01 1.004365E+00
5.000000E+01 1.004369E+00
5.025000E+01 1.003559E+00
5.050000E+01 1.004062E+00
5.075000E+01 1.003797E+00
5.100000E+01 1.003492E+00
5.125000E+01 1.004317E+00
5.150000E+01 1.004576E+00
5.175000E+01 1.004349E+00
5.200000E+01 1.004719E+00
5.225000E+01 1.003640E+00
5.250000E+01 1.004187E+00
5.275000E+01 1.004487E+00
5.300000E+01 1.003872E+00
5.325000E+01 1.004247E+00
5.350000E+01 1.004101E+00
5.375000E+01 1.003877E+00
5.400000E+01 1.004524E+00
5.425000E+01 1.004332E+00
5.450000E+01 1.004237E+00
5.475000E+01 1.004191E+00
5.500000E+01 1.004616E+00
5.525000E+01 1.003404E+00
5.550000E+01 1.003686E+00
5.575000E+01 1.004015E+00
5.600000E+01 1.003869E+00
5.625000E+01 1.004014E+00
5.650000E+01 1.004007E+00
5.675000E+01 1.003052E+00
5.700000E+01 1.003209E+00
5.725000E+01 1.003473E+00
5.750000E+01 1.003930E+00
5.775000E+01 1.003734E+00
5.800000E+01 1.003271E+00
5.825000E+01 1.003880E+00
5.850000E+01 1.003645E+00
5.875000E+01 1.003514E+00
5.900000E+01 1.004240E+00
5.925000E+01 1.002998E+00
5.950000E+01 1.003741E+00
5.975000E+01 1.003827E+00
6.000000E+01 1.003562E+00
6.025000E+01 1.003982E+00
6.050000E+01 1.003015E+00
6.075000E+01 1.004131E+00
6.100000E+01 1.003546E+00
6.125000E+01 1.003437E+00
6.150000E+01 1.003481E+00
6.175000E+01 1.003156E+00
6.200000E+01 1.003158E+00
6.225000E+01 1.002813E+00
6.250000E+01 1.003862E+00
6.275000E+01 1.003619E+00
6.300000E+01 1.003262E+00
6.325000E+01 1.003589E+00
6.350000E+01 1.002651E+00
6.375000E+01 1.002740E+00
6.400000E+01 1.002865E+00
6.425000E+01 1.003330E+00
6.450000E+01 1.002942E+00
6.475000E+01 1.003697E+00
6.500000E+01 1.002236E+00
6.525000E+01 1.002690E+00
6.550000E+01 1.003175E+00
6.575000E+01 1.002743E+00
6.600000E+01 1.003303E+00
6.625000E+01 1.003005E+00
6.650000E+01 1.002616E+00
6.675000E+01 1.002678E+00
6.700000E+01 1.002711E+00
6.725000E+01 1.002677E+00
6.750000E+01 1.002023E+00
6.775000E+01 1.003350E+00
6.800000E+01 1.002486E+00
6.825000E+01 1.002323E+00
6.850000E+01 1.003066E+00
6.875000E+01 1.002950E+00
6.900000E+01 1.003377E+00
6.925000E+01 1.002375E+00
6.950000E+01 1.002894E+00
6.975000E+01 1.002268E+00
7.000000E+01 1.002643E+00
7.025000E+01 1.002155E+00
7.050000E+01 1.002703E+00
7.075000E+01 1.002361E+00
7.100000E+01 1.002188E+00
7.125000E+01 1.002739E+00
7.150000E+01 1.002458E+00
7.175000E+01 1.001877E+00
7.200000E+01 1.002523E+00
7.225000E+01 1.002276E+00
7.250000E+01 1.002700E+00
7.275000E+01 1.002159E+00
7.300000E+01 1.002105E+00
7.325000E+01 1.002592E+00
7.350000E+01 1.002427E+00
7.375000E+01 1.001956E+00
7.400000E+01 1.002211E+00
7.425000E+01 1.002869E+00
7.450000E+01 1.002662E+00
7.475000E+01 1.002002E+00
7.500000E+01 1.001991E+00
7.525000E+01 1.002194E+00
7.550000E+01 1.001899E+00
7.575000E+01 1.002699E+00
7.600000E+01 1.002647E+00
7.625000E+01 1.002539E+00
7.650000E+01 1.002158E+00
7.675000E+01 1.002908E+00
7.700000E+01 1.002040E+00
7.725000E+01 1.001814E+00
7.750000E+01 1.002238E+00
7.775000E+01 1.001887E+00
7.800000E+01 1.002509E+00
7.825000E+01 1.002304E+00
7.850000E+01 1.002464E+00
7.875000E+01 1.002243E+00
7.900000E+01 1.001619E+00
7.925000E+01 1.002214E+00
7.950000E+01 1.002087E+00
7.975000E+01 1.002196E+00
8.000000E+01 1.002062E+00
8.025000E+01 1.002067E+00
8.050000E+01 1.001918E+00
8.075000E+01 1.001962E+00
8.100000E+01 1.002161E+00
8.125000E+01 1.002181E+00
8.150000E+01 1.002337E+00
8.175000E+01 1.001781E+00
8.200000E+01 1.001814E+00
8.225000E+01 1.002170E+00
8.250000E+01 1.002363E+00
8.275000E+01 1.002411E+00
8.300000E+01 1.001810E+00
8.325000E+01 1.002261E+00
8.350000E+01 1.002376E+00
8.375000E+01 1.002428E+00
8.400000E+01 1.001928E+00
8.425000E+01 1.001989E+00
8.450000E+01 1.001801E+00
8.475000E+01 1.002189E+00
8.500000E+01 1.001946E+00
8.525000E+01 1.001908E+00
8.550000E+01 1.002003E+00
8.575000E+01 1.001739E+00
8.600000E+01 1.002140E+00
8.625000E+01 1.002329E+00
8.650000E+01 1.002031E+00
8.675000E+01 1.001785E+00
8.700000E+01 1.001833E+00
8.725000E+01 1.002106E+00
8.750000E+01 1.002252E+00
8.775000E+01 1.002211E+00
8.800000E+01 1.002359E+00
8.825000E+01 1.001848E+00
8.850000E+01 1.001933E+00
8.875000E+01 1.002309E+00
8.900000E+01 1.001705E+00
8.925000E+01 1.002329E+00
8.950000E+01 1.002116E+00
8.975000E+01 1.001628E+00
9.000000E+01 1.001922E+00
9.025000E+01 1.001927E+00
9.050000E+01 1.002212E+00
9.075000E+01 1.001989E+00
9.100000E+01 1.002067E+00
9.125000E+01 1.002049E+00
9.150000E+01 1.001845E+00
9.175000E+01 1.002184E+00
9.200000E+01 1.001741E+00
9.225000E+01 1.001673E+00
9.250000E+01 1.001866E+00
9.275000E+01 1.001915E+00
9.300000E+01 1.001540E+00
9.325000E+01 1.002001E+00
9.350000E+01 1.001455E+00
9.375000E+01 1.001685E+00
9.400000E+01 1.001751E+00
9.425000E+01 1.001774E+00
9.450000E+01 1.001628E+00
9.475000E+01 1.001770E+00
9.500000E+01 1.001880E+00
9.525000E+01 1.001327E+00
9.550000E+01 1.001847E+00
9.575000E+01 1.001337E+00
9.600000E+01 1.001531E+00
9.625000E+01 1.001528E+00
9.650000E+01 1.001890E+00
9.675000E+01 1.001365E+00
9.700000E+01 1.001620E+00
9.725000E+01 1.001608E+00
9.750000E+01 1.001612E+00
9.775000E+01 1.001555E+00
9.800000E+01 1.001865E+00
9.825000E+01 1.001505E+00
9.850000E+01 1.001966E+00
9.875000E+01 1.001525E+00
9.900000E+01 1.001342E+00
9.925000E+01 1.001981E+00
9.950000E+01 1.001518E+00
9.975000E+01 1.001581E+00
1.000000E+02 1.001194E+00
1.002500E+02 1.001537E+00
1.005000E+02 1.001651E+00
1.007500E+02 1.001436E+00
1.010000E+02 1.001776E+00
1.012500E+02 1.001736E+00
1.015000E+02 1.001584E+00
1.017500E+02 1.001367E+00
1.020000E+02 1.001492E+00
1.022500E+02 1.001421E+00
1.025000E+02 1.001801E+00
1.027500E+02 1.001797E+00
1.030000E+02 1.001770E+00
1.032500E+02 1.001476E+00
1.035000E+02 1.001479E+00
1.037500E+02 1.001563E+00
1.040000E+02 1.001807E+00
1.042500E+02 1.001358E+00
1.045000E+02 1.001795E+00
1.047500E+02 1.001283E+00
1.050000E+02 1.001668E+00
1.052500E+02 1.001523E+00
1.055000E+02 1.001557E+00
1.057500E+02 1.001775E+00
1.060000E+02 1.001581E+00
1.062500E+02 1.001265E+00
1.065000E+02 1.001964E+00
1.067500E+02 1.001849E+00
1.070000E+02 1.001314E+00
1.072500E+02 1.001610E+00
1.075000E+02 1.001264E+00
1.077500E+02 1.001601E+00
1.080000E+02 1.001565E+00
1.082500E+02 1.001582E+00
1.085000E+02 1.001727E+00
1.087500E+02 1.001196E+00
1.090000E+02 1.001457E+00
1.092500E+02 1.001210E+00
1.095000E+02 1.001169E+00
1.097500E+02 1.001767E+00
1.100000E+02 1.001032E+00
1.102500E+02 1.001561E+00
1.105000E+02 1.001218E+00
1.107500E+02 1.001416E+00
1.110000E+02 1.001311E+00
1.112500E+02 1.001435E+00
1.115000E+02 1.001274E+00
1.117500E+02 1.001186E+00
1.120000E+02 1.000973E+00
1.122500E+02 1.001098E+00
1.125000E+02 1.001420E+00
1.127500E+02 1.001166E+00
1.130000E+02 1.000998E+00
1.132500E+02 1.001486E+00
1.135000E+02 1.001473E+00
1.137500E+02 1.001420E+00
1.140000E+02 1.001161E+00
1.142500E+02 1.001499E+00
1.145000E+02 1.001178E+00
1.147500E+02 1.001401E+00
1.150000E+02 1.001652E+00
1.152500E+02 1.001664E+00
1.155000E+02 1.001230E+00
1.157500E+02 1.001255E+00
1.160000E+02 1.001248E+00
1.162500E+02 1.001363E+00
1.165000E+02 1.001458E+00
1.167500E+02 1.001252E+00
1.170000E+02 1.001160E+00
1.172500E+02 1.000897E+00
1.175000E+02 1.001520E+00
1.177500E+02 1.001359E+00
1.180000E+02 1.001337E+00
1.182500E+02 1.000969E+00
1.185000E+02 1.001246E+00
1.187500E+02 1.001491E+00
1.190000E+02 1.001306E+00
1.192500E+02 1.001046E+00
1.195000E+02 1.001151E+00
1.197500E+02 1.001279E+00
1.200000E+02 1.000989E+00
1.202500E+02 1.001413E+00
1.205000E+02 1.001134E+00
1.207500E+02 1.000987E+00
1.210000E+02 1.001179E+00
1.212500E+02 1.001280E+00
1.215000E+02 1.001348E+00
1.217500E+02 1.001088E+00
1.220000E+02 1.001379E+00
1.222500E+02 1.001073E+00
1.225000E+02 1.001069E+00
1.227500E+02 1.000975E+00
1.230000E+02 1.001406E+00
1.232500E+02 1.001314E+00
1.235000E+02 1.000998E+00
1.237500E+02 1.001197E+00
1.240000E+02 1.001036E+00
1.242500E+02 1.001033E+00
1.245000E+02 1.001035E+00
1.247500E+02 1.001229E+00
1.250000E+02 9.978365E-01
1.252500E+02 9.921001E-01
1.255000E+02 9.861110E-01
1.257500E+02 9.798796E-01
1.260000E+02 9.744033E-01
1.262500E+02 9.683057E-01
1.265000E+02 9.625189E-01
1.267500E+02 9.568318E-01
1.270000E+02 9.507066E-01
1.272500E+02 9.452034E-01
1.275000E+02 9.393488E-01
1.277500E+02 9.338237E-01
1.280000E+02 9.279429E-01
1.282500E+02 9.220007E-01
1.285000E+02 9.164817E-01
1.287500E+02 9.108387E-01
1.290000E+02 9.049666E-01
1.292500E+02 8.995464E-01
1.295000E+02 8.937151E-01
1.297500E+02 8.880864E-01
1.300000E+02 8.826819E-01
1.302500E+02 8.770521E-01
1.305000E+02 8.717427E-01
1.307500E+02 8.662077E-01
1.310000E+02 8.606364E-01
1.312500E+02 8.551250E-01
1.315000E+02 8.500317E-01
1.317500E+02 8.444357E-01
1.320000E+02 8.389975E-01
1.322500E+02 8.335036E-01
1.325000E+02 8.286350E-01
1.327500E+02 8.230016E-01
1.330000E+02 8.179395E-01
1.332500E+02 8.125423E-01
1.335000E+02 8.071258E-01
1.337500E+02 8.019667E-01
1.340000E+02 7.965417E-01
1.342500E+02 7.915628E-01
1.345000E+02 7.863475E-01
1.347500E+02 7.811455E-01
1.350000E+02 7.761308E-01
1.352500E+02 7.708165E-01
1.355000E+02 7.656091E-01
1.357500E+02 7.606982E-01
1.360000E+02 7.554016E-01
1.362500E+02 7.505499E-01
1.365000E+02 7.452674E-01
1.367500E+02 7.401830E-01
1.370000E+02 7.354244E-01
1.372500E+02 7.302816E-01
1.375000E+02 7.251164E-01
1.377500E+02 7.204067E-01
1.380000E+02 7.156401E-01
1.382500E+02 7.108206E-01
1.385000E+02 7.057788E-01
1.387500E+02 7.011566E-01
1.390000E+02 6.961531E-01
1.392500E+02 6.912872E-01
1.395000E+02 6.864351E-01
1.397500E+02 6.815175E-01
1.400000E+02 6.768514E-01
1.402500E+02 6.720936E-01
1.405000E+02 6.672830E-01
1.407500E+02 6.623870E-01
1.410000E+02 6.578569E-01
1.412500E+02 6.532468E-01
1.415000E+02 6.484107E-01
1.417500E+02 6.434668E-01
1.420000E+02 6.391955E-01
1.422500E+02 6.345309E-01
1.425000E+02 6.299523E-01
1.427500E+02 6.250753E-01
1.430000E+02 6.204161E-01
1.432500E+02 6.161500E-01
1.435000E+02 6.113907E-01
1.437500E+02 6.067718E-01
1.440000E+02 6.023560E-01
1.442500E+02 5.981049E-01
1.445000E+02 5.933641E-01
1.447500E+02 5.888462E-01
1.450000E+02 5.844159E-01
1.452500E+02 5.799507E-01
1.455000E+02 5.755881E-01
1.457500E+02 5.713198E-01
1.460000E+02 5.667620E-01
1.462500E+02 5.621805E-01
1.465000E+02 5.579660E-01
1.467500E+02 5.538113E-01
1.470000E+02 5.493637E-01
1.472500E+02 5.450705E-01
1.475000E+02 5.405802E-01
1.477500E+02 5.364089E-01
1.480000E+02 5.322277E-01
1.482500E+02 5.278568E-01
1.485000E+02 5.234728E-01
1.487500E+02 5.192725E-01
1.490000E+02 5.151400E-01
1.492500E+02 5.108446E-01
1.495000E+02 5.067473E-01
1.497500E+02 5.024508E-01
1.500000E+02 4.981400E-01
1.502500E+02 4.941407E-01
1.505000E+02 4.899043E-01
1.507500E+02 4.859111E-01
1.510000E+02 4.816825E-01
1.512500E+02 4.774041E-01
1.515000E+02 4.736424E-01
1.517500E+02 4.693637E-01
1.520000E+02 4.654680E-01
1.522500E+02 4.612674E-01
1.525000E+02 4.571358E-01
1.527500E+02 4.532111E-01
1.530000E+02 4.492820E-01
1.532500E+02 4.452197E-01
1.535000E+02 4.413022E-01
1.537500E+02 4.372916E-01
1.540000E+02 4.333737E-01
1.542500E+02 4.296559E-01
1.545000E+02 4.255319E-01
1.547500E+02 4.215230E-01
1.550000E+02 4.176082E-01
1.552500E+02 4.138064E-01
1.555000E+02 4.097063E-01
1.557500E+02 4.061211E-01
1.560000E+02 4.022033E-01
1.562500E+02 3.983822E-01
1.565000E+02 3.943361E-01
1.567500E+02 3.906590E-01
1.570000E+02 3.868536E-01
1.572500E+02 3.830957E-01
1.575000E+02 3.792051E-01
1.577500E+02 3.755174E-01
1.580000E+02 3.716471E-01
1.582500E+02 3.680811E-01
1.585000E+02 3.643656E-01
1.587500E+02 3.605051E-01
1.590000E+02 3.569366E-01
1.592500E+02 3.528909E-01
1.595000E+02 3.494370E-01
1.597500E+02 3.458719E-01
1.600000E+02 3.422831E-01
1.602500E+02 3.384789E-01
1.605000E+02 3.348683E-01
1.607500E+02 3.310996E-01
1.610000E+02 3.275260E-01
1.612500E+02 3.241060E-01
1.615000E+02 3.204675E-01
1.617500E+02 3.167477E-01
1.620000E+02 3.132957E-01
1.622500E+02 3.097187E-01
1.625000E+02 3.062283E-01
1.627500E+02 3.026038E-01
1.630000E+02 2.991868E-01
1.632500E+02 2.955823E-01
1.635000E+02 2.919741E-01
1.637500E+02 2.884817E-01
1.640000E+02 2.849732E-01
1.642500E+02 2.815226E-01
1.645000E+02 2.780656E-01
1.647500E+02 2.746547E-01
1.650000E+02 2.712837E-01
1.652500E+02 2.678761E-01
1.655000E+02 2.641976E-01
1.657500E+02 2.607812E-01
1.660000E+02 2.575276E-01
1.662500E+02 2.541275E-01
1.665000E+02 2.506497E-01
1.667500E+02 2.472693E-01
1.670000E+02 2.440174E-01
1.672500E+02 2.404986E-01
1.675000E+02 2.372584E-01
1.677500E+02 2.339360E-01
1.680000E+02 2.306178E-01
1.682500E+02 2.272598E-01
1.685000E+02 2.240237E-01
1.687500E+02 2.207195E-01
1.690000E+02 2.174702E-01
1.692500E+02 2.140351E-01
1.695000E+02 2.109032E-01
1.697500E+02 2.076211E-01
1.700000E+02 2.044332E-01
1.702500E+02 2.010380E-01
1.705000E+02 1.978685E-01
1.707500E+02 1.946466E-01
1.710000E+02 1.914846E-01
1.712500E+02 1.883023E-01
1.715000E+02 1.851055E-01
1.717500E+02 1.818993E-01
1.720000E+02 1.787234E-01
1.722500E+02 1.756358E-01
1.725000E+02 1.724075E-01
1.727500E+02 1.693484E-01
1.730000E+02 1.661128E-01
1.732500E+02 1.629691E-01
1.735000E+02 1.599253E-01
1.737500E+02 1.568138E-01
1.740000E+02 1.536457E-01
1.742500E+02 1.506829E-01
1.745000E+02 1.475559E-01
1.747500E+02 1.445129E-01
1.750000E+02 1.414313E-01
1.752500E+02 1.383034E-01
1.755000E+02 1.353181E-01
1.757500E+02 1.321944E-01
1.760000E+02 1.292656E-01
1.762500E+02 1.262750E-01
1.765000E+02 1.231595E-01
1.767500E+02 1.202464E-01
1.770000E+02 1.175525E-01
1.772500E+02 1.149443E-01
1.775000E+02 1.124589E-01
1.777500E+02 1.101102E-01
1.780000E+02 1.077948E-01
1.782500E+02 1.053938E-01
1.785000E+02 1.031707E-01
1.787500E+02 1.010770E-01
1.790000E+02 9.891666E-02
1.792500E+02 9.684719E-02
1.795000E+02 9.484536E-02
1.797500E+02 9.283781E-02
1.800000E+02 9.105710E-02
1.802500E+02 8.911476E-02
1.805000E+02 8.729303E-02
1.807500E+02 8.548755E-02
1.810000E+02 8.372282E-02
1.812500E+02 8.199185E-02
1.815000E+02 8.029289E-02
1.817500E+02 7.865956E-02
1.820000E+02 7.704759E-02
1.822500E+02 7.540847E-02
1.825000E+02 7.386531E-02
1.827500E+02 7.224215E-02
1.830000E+02 7.075318E-02
1.832500E+02 6.934363E-02
1.835000E+02 6.787390E-02
1.837500E+02 6.642743E-02
1.840000E+02 6.502608E-02
1.842500E+02 6.362039E-02
1.845000E+02 6.230134E-02
1.847500E+02 6.096900E-02
1.850000E+02 5.967209E-02
1.852500E+02 5.841038E-02
1.855000E+02 5.712019E-02
1.857500E+02 5.586219E-02
1.860000E+02 5.459887E-02
1.862500E+02 5.346009E-02
1.865000E+02 5.231355E-02
1.867500E+02 5.116450E-02
1.870000E+02 5.001133E-02
1.872500E+02 4.891522E-02
1.875000E+02 4.783022E-02
1.877500E+02 4.669044E-02
1.880000E+02 4.568006E-02
1.882500E+02 4.463553E-02
1.885000E+02 4.361829E-02
1.887500E+02 4.263266E-02
1.890000E+02 4.162954E-02
1.892500E+02 4.066392E-02
1.895000E+02 3.972955E-02
1.897500E+02 3.877550E-02
1.900000E+02 3.785690E-02
1.902500E+02 3.692163E-02
1.905000E+02 3.611683E-02
1.907500E+02 3.516782E-02
1.910000E+02 3.434118E-02
1.912500E+02 3.350918E-02
1.915000E+02 3.268813E-02
1.917500E+02 3.185818E-02
1.920000E+02 3.108601E-02
1.922500E+02 3.034083E-02
1.925000E+02 2.956659E-02
1.927500E+02 2.876658E-02
1.930000E+02 2.807336E-02
1.932500E+02 2.733661E-02
1.935000E+02 2.659176E-02
1.937500E+02 2.588544E-02
1.940000E+02 2.522510E-02
1.942500E+02 2.456735E-02
1.945000E+02 2.393929E-02
1.947500E+02 2.324759E-02
1.950000E+02 2.260490E-02
1.952500E+02 2.197054E-02
1.955000E+02 2.135002E-02
1.957500E+02 2.077600E-02
1.960000E+02 2.015846E-02
1.962500E+02 1.959630E-02
1.965000E+02 1.901005E-02
1.967500E+02 1.845641E-02
1.970000E+02 1.791774E-02
1.972500E+02 1.736951E-02
1.975000E+02 1.683801E-02
1.977500E+02 1.632967E-02
1.980000E+02 1.582552E-02
1.982500E+02 1.534500E-02
1.985000E+02 1.485194E-02
1.987500E+02 1.440857E-02
1.990000E+02 1.390354E-02
1.992500E+02 1.348017E-02
1.995000E+02 1.300489E-02
1.997500E+02 1.258056E-02
2.000000E+02 1.215798E-02
2.002500E+02 1.173253E-02
2.005000E+02 1.132602E-02
2.007500E+02 1.093992E-02
2.010000E+02 1.052014E-02
2.012500E+02 1.016500E-02
2.015000E+02 9.777476E-03
2.017500E+02 9.414273E-03
2.020000E+02 9.075696E-03
2.022500E+02 8.722402E-03
2.025000E+02 8.373884E-03
2.027500E+02 8.028188E-03
2.030000E+02 7.706913E-03
2.032500E+02 7.396096E-03
2.035000E+02 7.088962E-03
2.037500E+02 6.792780E-03
2.040000E+02 6.498569E-03
2.042500E+02 6.216205E-03
2.045000E+02 5.955402E-03
2.047500E+02 5.660417E-03
2.050000E+02 5.410535E-03
2.052500E+02 5.154119E-03
2.055000E+02 4.902588E-03
2.057500E+02 4.662423E-03
2.060000E+02 4.423004E-03
2.062500E+02 4.193420E-03
2.065000E+02 3.980490E-03
2.067500E+02 3.761346E-03
2.070000E+02 3.558340E-03
2.072500E+02 3.360472E-03
2.075000E+02 3.162961E-03
2.077500E+02 2.987133E-03
2.080000E+02 2.805956E-03
2.082500E+02 2.619813E-03
2.085000E+02 2.455419E-03
2.087500E+02 2.293109E-03
2.090000E+02 2.148056E-03
2.092500E+02 1.991879E-03
2.095000E+02 1.840307E-03
2.097500E+02 1.707524E-03
2.100000E+02 1.575930E-03
2.102500E+02 1.448826E-03
2.105000E+02 1.326181E-03
2.107500E+02 1.218399E-03
2.110000E+02 1.106238E-03
2.112500E+02 1.001146E-03
2.115000E+02 8.982531E-04
2.117500E+02 8.129722E-04
2.120000E+02 7.248277E-04
2.122500E+02 6.411628E-04
2.125000E+02 5.638154E-04
2.127500E+02 4.883451E-04
2.130000E+02 4.245365E-04
2.132500E+02 3.631888E-04
2.135000E+02 3.040378E-04
2.137500E+02 2.524022E-04
2.140000E+02 2.071161E-04
2.142500E+02 1.660516E-04
2.145000E+02 1.271983E-04
2.147500E+02 9.697964E-05
2.150000E+02 6.882428E-05
2.152500E+02 4.541596E-05
2.155000E+02 2.723692E-05
2.157500E+02 1.375657E-05
2.160000E+02 5.648522E-06
2.162500E+02 6.754843E-07
