2.500000E-01 0.000000E+00
5.000000E-01 0.000000E+00
7.500000E-01 0.000000E+00
1.000000E+00 0.000000E+00
1.250000E+00 0.000000E+00
1.500000E+00 0.000000E+00
1.750000E+00 0.000000E+00
2.000000E+00 0.000000E+00
2.250000E+00 0.000000E+00
2.500000E+00 0.000000E+00
2.750000E+00 0.000000E+00
3.000000E+00 0.000000E+00
3.250000E+00 0.000000E+00
3.500000E+00 1.187903E-02
3.750000E+00 1.079266E+00
4.000000E+00 8.990717E+00
4.250000E+00 1.997079E+01
4.500000E+00 2.240668E+01
4.750000E+00 1.842837E+01
5.000000E+00 1.351110E+01
5.250000E+00 9.669785E+00
5.500000E+00 7.074026E+00
5.750000E+00 5.509673E+00
6.000000E+00 4.608482E+00
6.250000E+00 4.091588E+00
6.500000E+00 3.646258E+00
6.750000E+00 3.184502E+00
7.000000E+00 2.738710E+00
7.250000E+00 2.378160E+00
7.500000E+00 2.143753E+00
7.750000E+00 2.031699E+00
8.000000E+00 2.054401E+00
8.250000E+00 2.169265E+00
8.500000E+00 2.286873E+00
8.750000E+00 2.306408E+00
9.000000E+00 2.221149E+00
9.250000E+00 2.066390E+00
9.500000E+00 1.901530E+00
9.750000E+00 1.755137E+00
1.000000E+01 1.634066E+00
1.025000E+01 1.536556E+00
1.050000E+01 1.461057E+00
1.075000E+01 1.395916E+00
1.100000E+01 1.336920E+00
1.125000E+01 1.289918E+00
1.150000E+01 1.251777E+00
1.175000E+01 1.221783E+00
1.200000E+01 1.200690E+00
1.225000E+01 1.187331E+00
1.250000E+01 1.180997E+00
1.275000E+01 1.176036E+00
1.300000E+01 1.169307E+00
1.325000E+01 1.160519E+00
1.350000E+01 1.150084E+00
1.375000E+01 1.133654E+00
1.400000E+01 1.120582E+00
1.425000E+01 1.107975E+00
1.450000E+01 1.096592E+00
1.475000E+01 1.086031E+00
1.500000E+01 1.076564E+00
1.525000E+01 1.066706E+00
1.550000E+01 1.061289E+00
1.575000E+01 1.055040E+00
1.600000E+01 1.050452E+00
1.625000E+01 1.047175E+00
1.650000E+01 1.044583E+00
1.675000E+01 1.041425E+00
1.700000E+01 1.038857E+00
1.725000E+01 1.037190E+00
1.750000E+01 1.034430E+00
1.775000E+01 1.034303E+00
1.800000E+01 1.031422E+00
1.825000E+01 1.030335E+00
1.850000E+01 1.027321E+00
1.875000E+01 1.025065E+00
1.900000E+01 1.024019E+00
1.925000E+01 1.022229E+00
1.950000E+01 1.021321E+00
1.975000E+01 1.020808E+00
2.000000E+01 1.019406E+00
2.025000E+01 1.017737E+00
2.050000E+01 1.018044E+00
2.075000E+01 1.015887E+00
2.100000E+01 1.016093E+00
2.125000E+01 1.015022E+00
2.150000E+01 1.015051E+00
2.175000E+01 1.013510E+00
2.200000E+01 1.014671E+00
2.225000E+01 1.013358E+00
2.250000E+01 1.012184E+00
2.275000E+01 1.013174E+00
2.300000E+01 1.012047E+00
2.325000E+01 1.012937E+00
2.350000E+01 1.011826E+00
2.375000E+01 1.010524E+00
2.400000E+01 1.011150E+00
2.425000E+01 1.010815E+00
2.450000E+01 1.010032E+00
2.475000E+01 1.010476E+00
2.500000E+01 1.010055E+00
2.525000E+01 1.010426E+00
2.550000E+01 1.010166E+00
2.575000E+01 1.009963E+00
2.600000E+01 1.009212E+00
2.625000E+01 1.009457E+00
2.650000E+01 1.009418E+00
2.675000E+01 1.009547E+00
2.700000E+01 1.009206E+00
2.725000E+01 1.008666E+00
2.750000E+01 1.008390E+00
2.775000E+01 1.008079E+00
2.800000E+01 1.008388E+00
2.825000E+01 1.008044E+00
2.850000E+01 1.007843E+00
2.875000E+01 1.008433E+00
2.900000E+01 1.008237E+00
2.925000E+01 1.007689E+00
2.950000E+01 1.008118E+00
2.975000E+01 1.008263E+00
3.000000E+01 1.007301E+00
3.025000E+01 1.007817E+00
3.050000E+01 1.007830E+00
3.075000E+01 1.007492E+00
3.100000E+01 1.007115E+00
3.125000E+01 1.007844E+00
3.150000E+01 1.007279E+00
3.175000E+01 1.007317E+00
3.200000E+01 1.007210E+00
3.225000E+01 1.007244E+00
3.250000E+01 1.007162E+00
3.275000E+01 1.006750E+00
3.300000E+01 1.006786E+00
3.325000E+01 1.007216E+00
3.350000E+01 1.006666E+00
3.375000E+01 1.006520E+00
3.400000E+01 1.006616E+00
3.425000E+01 1.006249E+00
3.450000E+01 1.007113E+00
3.475000E+01 1.006498E+00
3.500000E+01 1.006559E+00
3.525000E+01 1.005929E+00
3.550000E+01 1.006753E+00
3.575000E+01 1.006303E+00
3.600000E+01 1.005373E+00
3.625000E+01 1.006152E+00
3.650000E+01 1.006587E+00
3.675000E+01 1.006116E+00
3.700000E+01 1.006313E+00
3.725000E+01 1.006157E+00
3.750000E+01 1.005432E+00
3.775000E+01 1.005452E+00
3.800000E+01 1.005875E+00
3.825000E+01 1.005331E+00
3.850000E+01 1.006004E+00
3.875000E+01 1.006049E+00
3.900000E+01 1.005452E+00
3.925000E+01 1.004932E+00
3.950000E+01 1.005217E+00
3.975000E+01 1.005783E+00
4.000000E+01 1.005442E+00
4.025000E+01 1.005203E+00
4.050000E+01 1.005693E+00
4.075000E+01 1.005262E+00
4.100000E+01 1.005587E+00
4.125000E+01 1.005058E+00
4.150000E+01 1.004629E+00
4.175000E+01 1.005130E+00
4.200000E+01 1.005439E+00
4.225000E+01 1.004900E+00
4.250000E+01 1.004507E+00
4.275000E+01 1.004945E+00
4.300000E+01 1.005040E+00
4.325000E+01 1.004693E+00
4.350000E+01 1.004755E+00
4.375000E+01 1.004365E+00
4.400000E+01 1.005109E+00
4.425000E+01 1.004877E+00
4.450000E+01 1.004948E+00
4.475000E+01 1.004544E+00
4.500000E+01 1.004320E+00
4.525000E+01 1.004523E+00
4.550000E+01 1.004733E+00
4.575000E+01 1.004270E+00
4.600000E+01 1.004407E+00
4.625000E+01 1.004633E+00
4.650000E+01 1.004453E+00
4.675000E+01 1.004330E+00
4.700000E+01 1.004331E+00
4.725000E+01 1.004191E+00
4.750000E+01 1.004320E+00
4.775000E+01 1.004404E+00
4.800000E+01 1.004192E+00
4.825000E+01 1.004045E+00
4.850000E+01 1.004116E+00
4.875000E+01 1.003830E+00
4.900000E+01 1.003977E+00
4.925000E+01 1.004079E+00
4.950000E+01 1.004257E+00
4.975000E+01 1.004395E+00
5.000000E+01 1.003984E+00
5.025000E+01 1.004011E+00
5.050000E+01 1.004073E+00
5.075000E+01 1.003840E+00
5.100000E+01 1.003800E+00
5.125000E+01 1.004039E+00
5.150000E+01 1.004157E+00
5.175000E+01 1.004068E+00
5.200000E+01 1.003983E+00
5.225000E+01 1.003473E+00
5.250000E+01 1.004077E+00
5.275000E+01 1.003499E+00
5.300000E+01 1.004077E+00
5.325000E+01 1.003876E+00
5.350000E+01 1.004190E+00
5.375000E+01 1.003730E+00
5.400000E+01 1.003410E+00
5.425000E+01 1.003572E+00
5.450000E+01 1.003847E+00
5.475000E+01 1.003620E+00
5.500000E+01 1.003464E+00
5.525000E+01 1.003851E+00
5.550000E+01 1.003593E+00
5.575000E+01 1.003736E+00
5.600000E+01 1.003466E+00
5.625000E+01 1.003532E+00
5.650000E+01 1.003491E+00
5.675000E+01 1.003155E+00
5.700000E+01 1.003310E+00
5.725000E+01 1.003455E+00
5.750000E+01 1.003311E+00
5.775000E+01 1.003485E+00
5.800000E+01 1.003226E+00
5.825000E+01 1.003195E+00
5.850000E+01 1.003251E+00
5.875000E+01 1.003174E+00
5.900000E+01 1.003046E+00
5.925000E+01 1.003284E+00
5.950000E+01 1.003321E+00
5.975000E+01 1.003387E+00
6.000000E+01 1.003093E+00
6.025000E+01 1.003269E+00
6.050000E+01 1.003548E+00
6.075000E+01 1.003267E+00
6.100000E+01 1.002964E+00
6.125000E+01 1.003389E+00
6.150000E+01 1.003310E+00
6.175000E+01 1.002972E+00
6.200000E+01 1.003285E+00
6.225000E+01 1.003184E+00
6.250000E+01 1.003353E+00
6.275000E+01 1.003321E+00
6.300000E+01 1.003053E+00
6.325000E+01 1.003153E+00
6.350000E+01 1.003065E+00
6.375000E+01 1.003389E+00
6.400000E+01 1.003143E+00
6.425000E+01 1.002985E+00
6.450000E+01 1.002903E+00
6.475000E+01 1.002884E+00
6.500000E+01 1.002792E+00
6.525000E+01 1.003027E+00
6.550000E+01 1.003234E+00
6.575000E+01 1.002908E+00
6.600000E+01 1.003153E+00
6.625000E+01 1.002911E+00
6.650000E+01 1.002964E+00
6.675000E+01 1.002984E+00
6.700000E+01 1.003153E+00
6.725000E+01 1.002997E+00
6.750000E+01 1.002760E+00
6.775000E+01 1.002903E+00
6.800000E+01 1.002722E+00
6.825000E+01 1.002807E+00
6.850000E+01 1.002770E+00
6.875000E+01 1.002777E+00
6.900000E+01 1.002964E+00
6.925000E+01 1.002863E+00
6.950000E+01 1.002846E+00
6.975000E+01 1.002812E+00
7.000000E+01 1.002802E+00
7.025000E+01 1.002855E+00
7.050000E+01 1.002592E+00
7.075000E+01 1.002953E+00
7.100000E+01 1.002673E+00
7.125000E+01 1.002736E+00
7.150000E+01 1.002876E+00
7.175000E+01 1.002612E+00
7.200000E+01 1.002646E+00
7.225000E+01 1.002760E+00
7.250000E+01 1.002587E+00
7.275000E+01 1.002550E+00
7.300000E+01 1.002307E+00
7.325000E+01 1.002640E+00
7.350000E+01 1.002617E+00
7.375000E+01 1.002658E+00
7.400000E+01 1.002444E+00
7.425000E+01 1.002713E+00
7.450000E+01 1.002295E+00
7.475000E+01 1.002565E+00
7.500000E+01 1.002427E+00
7.525000E+01 1.002555E+00
7.550000E+01 1.002518E+00
7.575000E+01 1.002528E+00
7.600000E+01 1.002706E+00
7.625000E+01 1.002423E+00
7.650000E+01 1.002433E+00
7.675000E+01 1.002479E+00
7.700000E+01 1.002615E+00
7.725000E+01 1.002423E+00
7.750000E+01 1.002489E+00
7.775000E+01 1.002309E+00
7.800000E+01 1.002468E+00
7.825000E+01 1.002416E+00
7.850000E+01 1.002322E+00
7.875000E+01 1.001944E+00
7.900000E+01 1.001922E+00
7.925000E+01 1.002358E+00
7.950000E+01 1.002375E+00
7.975000E+01 1.002511E+00
8.000000E+01 1.002496E+00
8.025000E+01 1.002266E+00
8.050000E+01 1.002389E+00
8.075000E+01 1.002365E+00
8.100000E+01 1.002247E+00
8.125000E+01 1.002286E+00
8.150000E+01 1.002153E+00
8.175000E+01 1.002293E+00
8.200000E+01 1.002095E+00
8.225000E+01 1.002231E+00
8.250000E+01 1.002108E+00
8.275000E+01 1.001930E+00
8.300000E+01 1.002287E+00
8.325000E+01 1.002166E+00
8.350000E+01 1.002424E+00
8.375000E+01 1.002071E+00
8.400000E+01 1.002290E+00
8.425000E+01 1.002032E+00
8.450000E+01 1.002079E+00
8.475000E+01 1.002271E+00
8.500000E+01 1.001983E+00
8.525000E+01 1.002301E+00
8.550000E+01 1.002009E+00
8.575000E+01 1.002176E+00
8.600000E+01 1.002129E+00
8.625000E+01 1.002052E+00
8.650000E+01 1.002043E+00
8.675000E+01 1.001950E+00
8.700000E+01 1.001773E+00
8.725000E+01 1.001993E+00
8.750000E+01 1.002043E+00
8.775000E+01 1.002140E+00
8.800000E+01 1.002123E+00
8.825000E+01 1.001875E+00
8.850000E+01 1.002037E+00
8.875000E+01 1.001854E+00
8.900000E+01 1.002102E+00
8.925000E+01 1.002033E+00
8.950000E+01 1.001879E+00
8.975000E+01 1.002023E+00
9.000000E+01 1.001794E+00
9.025000E+01 1.001994E+00
9.050000E+01 1.001938E+00
9.075000E+01 1.001974E+00
9.100000E+01 1.001731E+00
9.125000E+01 1.001968E+00
9.150000E+01 1.001817E+00
9.175000E+01 1.001842E+00
9.200000E+01 1.001939E+00
9.225000E+01 1.001673E+00
9.250000E+01 1.001834E+00
9.275000E+01 1.001843E+00
9.300000E+01 1.001842E+00
9.325000E+01 1.001654E+00
9.350000E+01 1.001624E+00
9.375000E+01 1.001996E+00
9.400000E+01 1.001618E+00
9.425000E+01 1.001642E+00
9.450000E+01 1.001821E+00
9.475000E+01 1.001723E+00
9.500000E+01 1.001759E+00
9.525000E+01 1.001771E+00
9.550000E+01 1.001701E+00
9.575000E+01 1.001843E+00
9.600000E+01 1.001782E+00
9.625000E+01 1.001677E+00
9.650000E+01 1.001806E+00
9.675000E+01 1.001694E+00
9.700000E+01 1.001759E+00
9.725000E+01 1.001687E+00
9.750000E+01 1.001762E+00
9.775000E+01 1.001682E+00
9.800000E+01 1.001799E+00
9.825000E+01 1.001623E+00
9.850000E+01 1.001734E+00
9.875000E+01 1.001509E+00
9.900000E+01 1.001602E+00
9.925000E+01 1.001651E+00
9.950000E+01 1.001601E+00
9.975000E+01 1.001801E+00
1.000000E+02 1.001621E+00
1.002500E+02 1.001540E+00
1.005000E+02 1.001611E+00
1.007500E+02 1.001761E+00
1.010000E+02 1.001631E+00
1.012500E+02 1.001551E+00
1.015000E+02 1.001627E+00
1.017500E+02 1.001632E+00
1.020000E+02 1.001431E+00
1.022500E+02 1.001522E+00
1.025000E+02 1.001413E+00
1.027500E+02 1.001622E+00
1.030000E+02 1.001604E+00
1.032500E+02 1.001338E+00
1.035000E+02 1.001610E+00
1.037500E+02 1.001512E+00
1.040000E+02 1.001339E+00
1.042500E+02 1.001486E+00
1.045000E+02 1.001575E+00
1.047500E+02 1.001574E+00
1.050000E+02 1.001380E+00
1.052500E+02 1.001791E+00
1.055000E+02 1.001313E+00
1.057500E+02 1.001561E+00
1.060000E+02 1.001242E+00
1.062500E+02 1.001385E+00
1.065000E+02 1.001278E+00
1.067500E+02 1.001237E+00
1.070000E+02 1.001484E+00
1.072500E+02 1.001244E+00
1.075000E+02 1.001294E+00
1.077500E+02 1.001422E+00
1.080000E+02 1.001249E+00
1.082500E+02 1.001610E+00
1.085000E+02 1.001358E+00
1.087500E+02 1.001371E+00
1.090000E+02 1.001377E+00
1.092500E+02 1.001352E+00
1.095000E+02 1.001344E+00
1.097500E+02 1.001120E+00
1.100000E+02 1.001336E+00
1.102500E+02 1.001352E+00
1.105000E+02 1.001350E+00
1.107500E+02 1.001114E+00
1.110000E+02 1.001300E+00
1.112500E+02 1.001497E+00
1.115000E+02 1.001316E+00
1.117500E+02 1.001290E+00
1.120000E+02 1.001254E+00
1.122500E+02 1.001197E+00
1.125000E+02 1.001170E+00
1.127500E+02 1.001303E+00
1.130000E+02 1.001207E+00
1.132500E+02 1.001209E+00
1.135000E+02 1.001348E+00
1.137500E+02 1.001269E+00
1.140000E+02 1.001448E+00
1.142500E+02 1.001350E+00
1.145000E+02 1.001234E+00
1.147500E+02 1.001322E+00
1.150000E+02 1.001137E+00
1.152500E+02 1.001229E+00
1.155000E+02 1.001205E+00
1.157500E+02 1.001220E+00
1.160000E+02 1.001246E+00
1.162500E+02 1.001261E+00
1.165000E+02 1.001131E+00
1.167500E+02 1.001314E+00
1.170000E+02 1.001113E+00
1.172500E+02 1.001329E+00
1.175000E+02 1.001190E+00
1.177500E+02 1.001304E+00
1.180000E+02 1.001228E+00
1.182500E+02 1.001116E+00
1.185000E+02 1.001139E+00
1.187500E+02 1.001118E+00
1.190000E+02 1.001120E+00
1.192500E+02 1.001147E+00
1.195000E+02 1.001400E+00
1.197500E+02 1.001103E+00
1.200000E+02 1.001188E+00
1.202500E+02 1.001034E+00
1.205000E+02 1.001182E+00
1.207500E+02 1.001091E+00
1.210000E+02 1.001184E+00
1.212500E+02 1.001162E+00
1.215000E+02 1.001156E+00
1.217500E+02 1.001094E+00
1.220000E+02 1.001079E+00
1.222500E+02 1.001173E+00
1.225000E+02 1.001045E+00
1.227500E+02 1.001190E+00
1.230000E+02 1.001191E+00
1.232500E+02 1.001218E+00
1.235000E+02 1.001092E+00
1.237500E+02 1.000984E+00
1.240000E+02 1.001097E+00
1.242500E+02 1.001138E+00
1.245000E+02 1.001208E+00
1.247500E+02 1.001223E+00
1.250000E+02 9.980898E-01
1.252500E+02 9.922180E-01
1.255000E+02 9.862690E-01
1.257500E+02 9.801582E-01
1.260000E+02 9.742739E-01
1.262500E+02 9.683699E-01
1.265000E+02 9.626600E-01
1.267500E+02 9.565737E-01
1.270000E+02 9.507870E-01
1.272500E+02 9.450695E-01
1.275000E+02 9.393651E-01
1.277500E+02 9.334960E-01
1.280000E+02 9.277170E-01
1.282500E+02 9.221843E-01
1.285000E+02 9.165547E-01
1.287500E+02 9.109116E-01
1.290000E+02 9.052539E-01
1.292500E+02 8.996420E-01
1.295000E+02 8.938688E-01
1.297500E+02 8.884202E-01
1.300000E+02 8.827220E-01
1.302500E+02 8.772354E-01
1.305000E+02 8.718146E-01
1.307500E+02 8.663511E-01
1.310000E+02 8.607152E-01
1.312500E+02 8.553623E-01
1.315000E+02 8.498787E-01
1.317500E+02 8.445574E-01
1.320000E+02 8.391617E-01
1.322500E+02 8.337479E-01
1.325000E+02 8.282414E-01
1.327500E+02 8.228739E-01
1.330000E+02 8.178044E-01
1.332500E+02 8.125064E-01
1.335000E+02 8.072549E-01
1.337500E+02 8.019248E-01
1.340000E+02 7.967252E-01
1.342500E+02 7.914498E-01
1.345000E+02 7.863027E-01
1.347500E+02 7.810723E-01
1.350000E+02 7.760839E-01
1.352500E+02 7.708303E-01
1.355000E+02 7.657041E-01
1.357500E+02 7.606224E-01
1.360000E+02 7.556157E-01
1.362500E+02 7.504748E-01
1.365000E+02 7.453800E-01
1.367500E+02 7.404428E-01
1.370000E+02 7.354063E-01
1.372500E+02 7.304242E-01
1.375000E+02 7.255682E-01
1.377500E+02 7.206347E-01
1.380000E+02 7.156274E-01
1.382500E+02 7.107364E-01
1.385000E+02 7.058558E-01
1.387500E+02 7.009565E-01
1.390000E+02 6.960182E-01
1.392500E+02 6.912889E-01
1.395000E+02 6.863775E-01
1.397500E+02 6.816128E-01
1.400000E+02 6.767138E-01
1.402500E+02 6.720484E-01
1.405000E+02 6.672347E-01
1.407500E+02 6.625588E-01
1.410000E+02 6.577919E-01
1.412500E+02 6.531116E-01
1.415000E+02 6.483540E-01
1.417500E+02 6.436741E-01
1.420000E+02 6.390977E-01
1.422500E+02 6.343645E-01
1.425000E+02 6.298679E-01
1.427500E+02 6.251373E-01
1.430000E+02 6.207005E-01
1.432500E+02 6.161418E-01
1.435000E+02 6.115544E-01
1.437500E+02 6.069603E-01
1.440000E+02 6.023788E-01
1.442500E+02 5.978609E-01
1.445000E+02 5.933720E-01
1.447500E+02 5.889256E-01
1.450000E+02 5.843998E-01
1.452500E+02 5.800652E-01
1.455000E+02 5.755836E-01
1.457500E+02 5.711058E-01
1.460000E+02 5.666583E-01
1.462500E+02 5.622868E-01
1.465000E+02 5.580156E-01
1.467500E+02 5.536891E-01
1.470000E+02 5.492587E-01
1.472500E+02 5.449585E-01
1.475000E+02 5.406627E-01
1.477500E+02 5.363607E-01
1.480000E+02 5.321417E-01
1.482500E+02 5.278404E-01
1.485000E+02 5.235509E-01
1.487500E+02 5.193147E-01
1.490000E+02 5.151909E-01
1.492500E+02 5.109182E-01
1.495000E+02 5.066082E-01
1.497500E+02 5.024586E-01
1.500000E+02 4.983472E-01
1.502500E+02 4.941860E-01
1.505000E+02 4.899875E-01
1.507500E+02 4.858821E-01
1.510000E+02 4.817299E-01
1.512500E+02 4.776805E-01
1.515000E+02 4.735782E-01
1.517500E+02 4.695179E-01
1.520000E+02 4.655162E-01
1.522500E+02 4.614325E-01
1.525000E+02 4.573769E-01
1.527500E+02 4.533113E-01
1.530000E+02 4.493113E-01
1.532500E+02 4.453468E-01
1.535000E+02 4.413109E-01
1.537500E+02 4.372944E-01
1.540000E+02 4.334423E-01
1.542500E+02 4.294409E-01
1.545000E+02 4.255040E-01
1.547500E+02 4.217232E-01
1.550000E+02 4.177099E-01
1.552500E+02 4.138152E-01
1.555000E+02 4.099014E-01
1.557500E+02 4.061832E-01
1.560000E+02 4.022293E-01
1.562500E+02 3.983841E-01
1.565000E+02 3.946064E-01
1.567500E+02 3.907226E-01
1.570000E+02 3.868974E-01
1.572500E+02 3.831121E-01
1.575000E+02 3.792645E-01
1.577500E+02 3.755617E-01
1.580000E+02 3.717905E-01
1.582500E+02 3.681434E-01
1.585000E+02 3.643677E-01
1.587500E+02 3.606336E-01
1.590000E+02 3.569052E-01
1.592500E+02 3.531844E-01
1.595000E+02 3.495268E-01
1.597500E+02 3.458898E-01
1.600000E+02 3.421431E-01
1.602500E+02 3.385161E-01
1.605000E+02 3.349100E-01
1.607500E+02 3.312453E-01
1.610000E+02 3.276641E-01
1.612500E+02 3.240688E-01
1.615000E+02 3.204676E-01
1.617500E+02 3.168616E-01
1.620000E+02 3.132774E-01
1.622500E+02 3.097371E-01
1.625000E+02 3.061250E-01
1.627500E+02 3.026165E-01
1.630000E+02 2.990875E-01
1.632500E+02 2.955911E-01
1.635000E+02 2.920249E-01
1.637500E+02 2.885773E-01
1.640000E+02 2.849938E-01
1.642500E+02 2.815139E-01
1.645000E+02 2.781386E-01
1.647500E+02 2.746525E-01
1.650000E+02 2.712685E-01
1.652500E+02 2.677472E-01
1.655000E+02 2.643740E-01
1.657500E+02 2.608849E-01
1.660000E+02 2.574905E-01
1.662500E+02 2.541668E-01
1.665000E+02 2.507352E-01
1.667500E+02 2.473816E-01
1.670000E+02 2.440057E-01
1.672500E+02 2.406499E-01
1.675000E+02 2.372904E-01
1.677500E+02 2.339930E-01
1.680000E+02 2.306013E-01
1.682500E+02 2.272974E-01
1.685000E+02 2.240077E-01
1.687500E+02 2.207591E-01
1.690000E+02 2.174520E-01
1.692500E+02 2.141688E-01
1.695000E+02 2.109054E-01
1.697500E+02 2.076086E-01
1.700000E+02 2.043951E-01
1.702500E+02 2.012054E-01
1.705000E+02 1.979103E-01
1.707500E+02 1.947108E-01
1.710000E+02 1.915134E-01
1.712500E+02 1.882953E-01
1.715000E+02 1.851001E-01
1.717500E+02 1.819290E-01
1.720000E+02 1.787416E-01
1.722500E+02 1.756427E-01
1.725000E+02 1.724022E-01
1.727500E+02 1.693256E-01
1.730000E+02 1.662194E-01
1.732500E+02 1.630356E-01
1.735000E+02 1.598891E-01
1.737500E+02 1.568480E-01
1.740000E+02 1.537108E-01
1.742500E+02 1.506600E-01
1.745000E+02 1.475617E-01
1.747500E+02 1.444251E-01
1.750000E+02 1.413952E-01
1.752500E+02 1.383395E-01
1.755000E+02 1.353179E-01
1.757500E+02 1.322910E-01
1.760000E+02 1.292653E-01
1.762500E+02 1.262336E-01
1.765000E+02 1.232318E-01
1.767500E+02 1.202414E-01
1.770000E+02 1.175421E-01
1.772500E+02 1.149115E-01
1.775000E+02 1.124482E-01
1.777500E+02 1.100359E-01
1.780000E+02 1.077004E-01
1.782500E+02 1.053939E-01
1.785000E+02 1.031881E-01
1.787500E+02 1.010803E-01
1.790000E+02 9.895185E-02
1.792500E+02 9.692751E-02
1.795000E+02 9.490435E-02
1.797500E+02 9.295733E-02
1.800000E+02 9.102573E-02
1.802500E+02 8.912921E-02
1.805000E+02 8.732045E-02
1.807500E+02 8.547876E-02
1.810000E+02 8.377079E-02
1.812500E+02 8.202031E-02
1.815000E+02 8.031673E-02
1.817500E+02 7.864085E-02
1.820000E+02 7.700359E-02
1.822500E+02 7.540942E-02
1.825000E+02 7.385418E-02
1.827500E+02 7.230038E-02
1.830000E+02 7.081368E-02
1.832500E+02 6.933348E-02
1.835000E+02 6.783387E-02
1.837500E+02 6.643646E-02
1.840000E+02 6.502881E-02
1.842500E+02 6.365823E-02
1.845000E+02 6.232574E-02
1.847500E+02 6.097819E-02
1.850000E+02 5.967028E-02
1.852500E+02 5.837644E-02
1.855000E+02 5.713868E-02
1.857500E+02 5.586877E-02
1.860000E+02 5.466981E-02
1.862500E+02 5.348378E-02
1.865000E+02 5.229599E-02
1.867500E+02 5.114664E-02
1.870000E+02 5.002378E-02
1.872500E+02 4.889487E-02
1.875000E+02 4.780943E-02
1.877500E+02 4.674324E-02
1.880000E+02 4.569933E-02
1.882500E+02 4.464270E-02
1.885000E+02 4.364018E-02
1.887500E+02 4.263475E-02
1.890000E+02 4.163371E-02
1.892500E+02 4.069746E-02
1.895000E+02 3.972169E-02
1.897500E+02 3.878333E-02
1.900000E+02 3.788240E-02
1.902500E+02 3.698079E-02
1.905000E+02 3.611196E-02
1.907500E+02 3.521748E-02
1.910000E+02 3.436141E-02
1.912500E+02 3.353006E-02
1.915000E+02 3.272893E-02
1.917500E+02 3.189371E-02
1.920000E+02 3.110477E-02
1.922500E+02 3.030425E-02
1.925000E+02 2.954488E-02
1.927500E+02 2.880278E-02
1.930000E+02 2.804954E-02
1.932500E+02 2.733300E-02
1.935000E+02 2.661475E-02
1.937500E+02 2.592512E-02
1.940000E+02 2.523852E-02
1.942500E+02 2.454911E-02
1.945000E+02 2.389705E-02
1.947500E+02 2.324566E-02
1.950000E+02 2.260885E-02
1.952500E+02 2.198404E-02
1.955000E+02 2.136902E-02
1.957500E+02 2.076898E-02
1.960000E+02 2.018677E-02
1.962500E+02 1.959194E-02
1.965000E+02 1.902299E-02
1.967500E+02 1.846322E-02
1.970000E+02 1.792772E-02
1.972500E+02 1.738523E-02
1.975000E+02 1.685656E-02
1.977500E+02 1.633876E-02
1.980000E+02 1.583897E-02
1.982500E+02 1.534748E-02
1.985000E+02 1.486826E-02
1.987500E+02 1.438952E-02
1.990000E+02 1.392716E-02
1.992500E+02 1.346218E-02
1.995000E+02 1.301727E-02
1.997500E+02 1.258421E-02
2.000000E+02 1.216494E-02
2.002500E+02 1.173958E-02
2.005000E+02 1.132499E-02
2.007500E+02 1.093181E-02
2.010000E+02 1.054367E-02
2.012500E+02 1.015806E-02
2.015000E+02 9.787429E-03
2.017500E+02 9.420908E-03
2.020000E+02 9.057744E-03
2.022500E+02 8.709806E-03
2.025000E+02 8.374162E-03
2.027500E+02 8.037618E-03
2.030000E+02 7.720662E-03
2.032500E+02 7.407072E-03
2.035000E+02 7.096911E-03
2.037500E+02 6.802636E-03
2.040000E+02 6.500952E-03
2.042500E+02 6.218190E-03
2.045000E+02 5.947408E-03
2.047500E+02 5.672351E-03
2.050000E+02 5.413875E-03
2.052500E+02 5.147105E-03
2.055000E+02 4.904329E-03
2.057500E+02 4.667001E-03
2.060000E+02 4.430204E-03
2.062500E+02 4.203074E-03
2.065000E+02 3.987059E-03
2.067500E+02 3.765978E-03
2.070000E+02 3.560955E-03
2.072500E+02 3.364111E-03
2.075000E+02 3.168809E-03
2.077500E+02 2.987712E-03
2.080000E+02 2.802651E-03
2.082500E+02 2.624634E-03
2.085000E+02 2.456805E-03
2.087500E+02 2.295716E-03
2.090000E+02 2.140227E-03
2.092500E+02 1.991071E-03
2.095000E+02 1.845957E-03
2.097500E+02 1.708396E-03
2.100000E+02 1.579777E-03
2.102500E+02 1.448466E-03
2.105000E+02 1.328907E-03
2.107500E+02 1.212745E-03
2.110000E+02 1.106275E-03
2.112500E+02 9.984887E-04
2.115000E+02 9.030922E-04
2.117500E+02 8.059487E-04
2.120000E+02 7.222316E-04
2.122500E+02 6.410408E-04
2.125000E+02 5.638683E-04
2.127500E+02 4.894591E-04
2.130000E+02 4.227071E-04
2.132500E+02 3.627678E-04
2.135000E+02 3.053654E-04
2.137500E+02 2.548612E-04
2.140000E+02 2.074233E-04
2.142500E+02 1.653459E-04
2.145000E+02 1.279904E-04
2.147500E+02 9.624861E-05
2.150000E+02 6.878975E-05
2.152500E+02 4.660125E-05
2.155000E+02 2.785475E-05
2.157500E+02 1.431669E-05
2.160000E+02 5.350916E-06
2.162500E+02 7.623066E-07
