2.500000E-01 0.000000E+00
5.000000E-01 0.000000E+00
7.500000E-01 0.000000E+00
1.000000E+00 0.000000E+00
1.250000E+00 0.000000E+00
1.500000E+00 0.000000E+00
1.750000E+00 0.000000E+00
2.000000E+00 0.000000E+00
2.250000E+00 0.000000E+00
2.500000E+00 0.000000E+00
2.750000E+00 0.000000E+00
3.000000E+00 0.000000E+00
3.250000E+00 0.000000E+00
3.500000E+00 1.470402E-02
3.750000E+00 1.784015E+00
4.000000E+00 1.452747E+01
4.250000E+00 3.226471E+01
4.500000E+00 3.583379E+01
4.750000E+00 2.937170E+01
5.000000E+00 2.111258E+01
5.250000E+00 1.487054E+01
5.500000E+00 1.053022E+01
5.750000E+00 7.673172E+00
6.000000E+00 6.071389E+00
6.250000E+00 4.976572E+00
6.500000E+00 4.225268E+00
6.750000E+00 3.457596E+00
7.000000E+00 2.939040E+00
7.250000E+00 2.377966E+00
7.500000E+00 2.088097E+00
7.750000E+00 1.835596E+00
8.000000E+00 1.745404E+00
8.250000E+00 1.627464E+00
8.500000E+00 1.587188E+00
8.750000E+00 1.543334E+00
9.000000E+00 1.465989E+00
9.250000E+00 1.394554E+00
9.500000E+00 1.310467E+00
9.750000E+00 1.222524E+00
1.000000E+01 1.179958E+00
1.025000E+01 1.140726E+00
1.050000E+01 1.142339E+00
1.075000E+01 1.119876E+00
1.100000E+01 1.074136E+00
1.125000E+01 1.078049E+00
1.150000E+01 1.073473E+00
1.175000E+01 1.049049E+00
1.200000E+01 1.056129E+00
1.225000E+01 1.039773E+00
1.250000E+01 1.047983E+00
1.275000E+01 1.021294E+00
1.300000E+01 1.031803E+00
1.325000E+01 1.032837E+00
1.350000E+01 1.022098E+00
1.375000E+01 1.025969E+00
1.400000E+01 1.025753E+00
1.425000E+01 1.011295E+00
1.450000E+01 1.022986E+00
1.475000E+01 1.028144E+00
1.500000E+01 1.014972E+00
1.525000E+01 1.026735E+00
1.550000E+01 1.010345E+00
1.575000E+01 1.016313E+00
1.600000E+01 1.002955E+00
1.625000E+01 1.013450E+00
1.650000E+01 1.003456E+00
1.675000E+01 1.022442E+00
1.700000E+01 1.006502E+00
1.725000E+01 1.015143E+00
1.750000E+01 1.008908E+00
1.775000E+01 1.015928E+00
1.800000E+01 1.006472E+00
1.825000E+01 1.015819E+00
1.850000E+01 1.013391E+00
1.875000E+01 1.007758E+00
1.900000E+01 1.010512E+00
1.925000E+01 1.025500E+00
1.950000E+01 1.010458E+00
1.975000E+01 1.009883E+00
2.000000E+01 1.016261E+00
2.025000E+01 1.017117E+00
2.050000E+01 1.016651E+00
2.075000E+01 1.011629E+00
2.100000E+01 1.011670E+00
2.125000E+01 1.022486E+00
2.150000E+01 1.004004E+00
2.175000E+01 1.005562E+00
2.200000E+01 1.011271E+00
2.225000E+01 1.013750E+00
2.250000E+01 1.005195E+00
2.275000E+01 1.009034E+00
2.300000E+01 1.003098E+00
2.325000E+01 1.007100E+00
2.350000E+01 1.010196E+00
2.375000E+01 1.009006E+00
2.400000E+01 1.005556E+00
2.425000E+01 1.009863E+00
2.450000E+01 1.007772E+00
2.475000E+01 1.017803E+00
2.500000E+01 1.011451E+00
2.525000E+01 1.008089E+00
2.550000E+01 1.008818E+00
2.575000E+01 1.005732E+00
2.600000E+01 1.004561E+00
2.625000E+01 9.987025E-01
2.650000E+01 1.006049E+00
2.675000E+01 1.008568E+00
2.700000E+01 1.002875E+00
2.725000E+01 1.005807E+00
2.750000E+01 1.009020E+00
2.775000E+01 1.005162E+00
2.800000E+01 1.006141E+00
2.825000E+01 1.006739E+00
2.850000E+01 1.004793E+00
2.875000E+01 1.006702E+00
2.900000E+01 1.005912E+00
2.925000E+01 1.008269E+00
2.950000E+01 1.007620E+00
2.975000E+01 1.007558E+00
3.000000E+01 1.001467E+00
3.025000E+01 1.000108E+00
3.050000E+01 1.006202E+00
3.075000E+01 1.006115E+00
3.100000E+01 1.006049E+00
3.125000E+01 1.006772E+00
3.150000E+01 1.004368E+00
3.175000E+01 1.002694E+00
3.200000E+01 1.006670E+00
3.225000E+01 1.009536E+00
3.250000E+01 1.001622E+00
3.275000E+01 1.003102E+00
3.300000E+01 1.005626E+00
3.325000E+01 1.004331E+00
3.350000E+01 1.004741E+00
3.375000E+01 1.006604E+00
3.400000E+01 1.008802E+00
3.425000E+01 1.005928E+00
3.450000E+01 1.002231E+00
3.475000E+01 1.003888E+00
3.500000E+01 1.004379E+00
3.525000E+01 1.005926E+00
3.550000E+01 1.000881E+00
3.575000E+01 1.005743E+00
3.600000E+01 1.006400E+00
3.625000E+01 1.003593E+00
3.650000E+01 1.004943E+00
3.675000E+01 1.005400E+00
3.700000E+01 1.002570E+00
3.725000E+01 1.005192E+00
3.750000E+01 1.002609E+00
3.775000E+01 1.002200E+00
3.800000E+01 1.004644E+00
3.825000E+01 1.003462E+00
3.850000E+01 1.002450E+00
3.875000E+01 1.006370E+00
3.900000E+01 1.007213E+00
3.925000E+01 1.005124E+00
3.950000E+01 1.009814E+00
3.975000E+01 1.004881E+00
4.000000E+01 1.003684E+00
4.025000E+01 1.007688E+00
4.050000E+01 1.005028E+00
4.075000E+01 1.002679E+00
4.100000E+01 9.999438E-01
4.125000E+01 1.003620E+00
4.150000E+01 1.004981E+00
4.175000E+01 1.004807E+00
4.200000E+01 1.005241E+00
4.225000E+01 1.000976E+00
4.250000E+01 1.002058E+00
4.275000E+01 1.003883E+00
4.300000E+01 1.003798E+00
4.325000E+01 1.002380E+00
4.350000E+01 1.003898E+00
4.375000E+01 1.001541E+00
4.400000E+01 1.003683E+00
4.425000E+01 1.004852E+00
4.450000E+01 1.002882E+00
4.475000E+01 9.990762E-01
4.500000E+01 1.003629E+00
4.525000E+01 1.002831E+00
4.550000E+01 1.004374E+00
4.575000E+01 1.001974E+00
4.600000E+01 1.001413E+00
4.625000E+01 1.001896E+00
4.650000E+01 1.003588E+00
4.675000E+01 1.005018E+00
4.700000E+01 1.005118E+00
4.725000E+01 1.000306E+00
4.750000E+01 1.003497E+00
4.775000E+01 1.007695E+00
4.800000E+01 1.002145E+00
4.825000E+01 1.002266E+00
4.850000E+01 1.000303E+00
4.875000E+01 1.003031E+00
4.900000E+01 1.001482E+00
4.925000E+01 1.006050E+00
4.950000E+01 1.004388E+00
4.975000E+01 1.000753E+00
5.000000E+01 1.001324E+00
5.025000E+01 1.005661E+00
5.050000E+01 1.005179E+00
5.075000E+01 1.000125E+00
5.100000E+01 1.003469E+00
5.125000E+01 1.001886E+00
5.150000E+01 1.005827E+00
5.175000E+01 1.002509E+00
5.200000E+01 1.004225E+00
5.225000E+01 1.003033E+00
5.250000E+01 1.003295E+00
5.275000E+01 1.004380E+00
5.300000E+01 1.002974E+00
5.325000E+01 1.001013E+00
5.350000E+01 1.003828E+00
5.375000E+01 1.006722E+00
5.400000E+01 1.002512E+00
5.425000E+01 1.001759E+00
5.450000E+01 1.000822E+00
5.475000E+01 1.002483E+00
5.500000E+01 1.000357E+00
5.525000E+01 1.005310E+00
5.550000E+01 1.005814E+00
5.575000E+01 1.002945E+00
5.600000E+01 1.001013E+00
5.625000E+01 1.001858E+00
5.650000E+01 1.003505E+00
5.675000E+01 1.000887E+00
5.700000E+01 1.007465E+00
5.725000E+01 1.004232E+00
5.750000E+01 1.001845E+00
5.775000E+01 1.003278E+00
5.800000E+01 1.004297E+00
5.825000E+01 1.004159E+00
5.850000E+01 1.003759E+00
5.875000E+01 1.002514E+00
5.900000E+01 1.002056E+00
5.925000E+01 1.003034E+00
5.950000E+01 1.002312E+00
5.975000E+01 1.002888E+00
6.000000E+01 1.004765E+00
6.025000E+01 1.002216E+00
6.050000E+01 1.002421E+00
6.075000E+01 1.004833E+00
6.100000E+01 1.006367E+00
6.125000E+01 1.004915E+00
6.150000E+01 1.001364E+00
6.175000E+01 1.005492E+00
6.200000E+01 1.006692E+00
6.225000E+01 1.003952E+00
6.250000E+01 1.003910E+00
6.275000E+01 1.001502E+00
6.300000E+01 1.003299E+00
6.325000E+01 1.003699E+00
6.350000E+01 1.003584E+00
6.375000E+01 1.002272E+00
6.400000E+01 1.001825E+00
6.425000E+01 1.003450E+00
6.450000E+01 1.003289E+00
6.475000E+01 1.005222E+00
6.500000E+01 1.002194E+00
6.525000E+01 1.004911E+00
6.550000E+01 1.005735E+00
6.575000E+01 1.004468E+00
6.600000E+01 1.001776E+00
6.625000E+01 1.006321E+00
6.650000E+01 1.003223E+00
6.675000E+01 1.003667E+00
6.700000E+01 1.002618E+00
6.725000E+01 1.001953E+00
6.750000E+01 1.002851E+00
6.775000E+01 1.003454E+00
6.800000E+01 1.001303E+00
6.825000E+01 1.004048E+00
6.850000E+01 1.001160E+00
6.875000E+01 1.003995E+00
6.900000E+01 1.002567E+00
6.925000E+01 1.001425E+00
6.950000E+01 1.002938E+00
6.975000E+01 1.004058E+00
7.000000E+01 1.003606E+00
7.025000E+01 1.003521E+00
7.050000E+01 1.002905E+00
7.075000E+01 1.002917E+00
7.100000E+01 1.002709E+00
7.125000E+01 9.998246E-01
7.150000E+01 1.003405E+00
7.175000E+01 1.003886E+00
7.200000E+01 1.000503E+00
7.225000E+01 1.002775E+00
7.250000E+01 1.004290E+00
7.275000E+01 1.003040E+00
7.300000E+01 1.003295E+00
7.325000E+01 1.003665E+00
7.350000E+01 1.001858E+00
7.375000E+01 1.002350E+00
7.400000E+01 1.003021E+00
7.425000E+01 1.002528E+00
7.450000E+01 1.005853E+00
7.475000E+01 1.002771E+00
7.500000E+01 1.003418E+00
7.525000E+01 1.003019E+00
7.550000E+01 1.003444E+00
7.575000E+01 1.002701E+00
7.600000E+01 1.004204E+00
7.625000E+01 1.002329E+00
7.650000E+01 1.003848E+00
7.675000E+01 1.001739E+00
7.700000E+01 1.001997E+00
7.725000E+01 1.002274E+00
7.750000E+01 1.002294E+00
7.775000E+01 1.001495E+00
7.800000E+01 1.001499E+00
7.825000E+01 1.002542E+00
7.850000E+01 1.001827E+00
7.875000E+01 1.003551E+00
7.900000E+01 1.001598E+00
7.925000E+01 1.001241E+00
7.950000E+01 1.003426E+00
7.975000E+01 1.001800E+00
8.000000E+01 1.002479E+00
8.025000E+01 1.003460E+00
8.050000E+01 1.002401E+00
8.075000E+01 1.001309E+00
8.100000E+01 1.004622E+00
8.125000E+01 1.001211E+00
8.150000E+01 1.001359E+00
8.175000E+01 1.000330E+00
8.200000E+01 1.002564E+00
8.225000E+01 1.001528E+00
8.250000E+01 1.000664E+00
8.275000E+01 1.000643E+00
8.300000E+01 1.001684E+00
8.325000E+01 1.002049E+00
8.350000E+01 1.002282E+00
8.375000E+01 1.001999E+00
8.400000E+01 1.003028E+00
8.425000E+01 1.002210E+00
8.450000E+01 1.002533E+00
8.475000E+01 1.000596E+00
8.500000E+01 1.001720E+00
8.525000E+01 1.001150E+00
8.550000E+01 1.000492E+00
8.575000E+01 1.002604E+00
8.600000E+01 1.004627E+00
8.625000E+01 1.002572E+00
8.650000E+01 1.000144E+00
8.675000E+01 1.002324E+00
8.700000E+01 1.001127E+00
8.725000E+01 1.002905E+00
8.750000E+01 1.001166E+00
8.775000E+01 1.001444E+00
8.800000E+01 1.001283E+00
8.825000E+01 1.001882E+00
8.850000E+01 1.001201E+00
8.875000E+01 1.002025E+00
8.900000E+01 1.003196E+00
8.925000E+01 1.001868E+00
8.950000E+01 1.000550E+00
8.975000E+01 1.000269E+00
9.000000E+01 1.000032E+00
9.025000E+01 9.999725E-01
9.050000E+01 1.000953E+00
9.075000E+01 9.998707E-01
9.100000E+01 1.001074E+00
9.125000E+01 1.001763E+00
9.150000E+01 1.001093E+00
9.175000E+01 1.000908E+00
9.200000E+01 1.002665E+00
9.225000E+01 9.983960E-01
9.250000E+01 1.004304E+00
9.275000E+01 9.998393E-01
9.300000E+01 1.002083E+00
9.325000E+01 1.000763E+00
9.350000E+01 1.000671E+00
9.375000E+01 1.001712E+00
9.400000E+01 1.000754E+00
9.425000E+01 1.001405E+00
9.450000E+01 1.001495E+00
9.475000E+01 1.002411E+00
9.500000E+01 1.001327E+00
9.525000E+01 1.002624E+00
9.550000E+01 1.000637E+00
9.575000E+01 1.000482E+00
9.600000E+01 1.001370E+00
9.625000E+01 1.001816E+00
9.650000E+01 1.001759E+00
9.675000E+01 1.001308E+00
9.700000E+01 1.000947E+00
9.725000E+01 1.001315E+00
9.750000E+01 1.001238E+00
9.775000E+01 1.000281E+00
9.800000E+01 1.001562E+00
9.825000E+01 1.003020E+00
9.850000E+01 1.002213E+00
9.875000E+01 1.001750E+00
9.900000E+01 1.002724E+00
9.925000E+01 1.000127E+00
9.950000E+01 1.001202E+00
9.975000E+01 1.002043E+00
1.000000E+02 1.000570E+00
1.002500E+02 1.000837E+00
1.005000E+02 1.001182E+00
1.007500E+02 1.002561E+00
1.010000E+02 1.001557E+00
1.012500E+02 1.000811E+00
1.015000E+02 1.001394E+00
1.017500E+02 1.000579E+00
1.020000E+02 1.002389E+00
1.022500E+02 1.000808E+00
1.025000E+02 1.002373E+00
1.027500E+02 1.000758E+00
1.030000E+02 1.001941E+00
1.032500E+02 1.000747E+00
1.035000E+02 9.999658E-01
1.037500E+02 1.001165E+00
1.040000E+02 1.001845E+00
1.042500E+02 1.000308E+00
1.045000E+02 1.000845E+00
1.047500E+02 1.001823E+00
1.050000E+02 1.001154E+00
1.052500E+02 1.002199E+00
1.055000E+02 1.000044E+00
1.057500E+02 1.000760E+00
1.060000E+02 9.997200E-01
1.062500E+02 1.001786E+00
1.065000E+02 1.000977E+00
1.067500E+02 1.000045E+00
1.070000E+02 1.002689E+00
1.072500E+02 1.001549E+00
1.075000E+02 1.001253E+00
1.077500E+02 1.000262E+00
1.080000E+02 1.000875E+00
1.082500E+02 1.002116E+00
1.085000E+02 1.000618E+00
1.087500E+02 9.996755E-01
1.090000E+02 1.002543E+00
1.092500E+02 1.001373E+00
1.095000E+02 1.001294E+00
1.097500E+02 1.000258E+00
1.100000E+02 1.000022E+00
1.102500E+02 1.001117E+00
1.105000E+02 1.002631E+00
1.107500E+02 1.001647E+00
1.110000E+02 1.001549E+00
1.112500E+02 1.000298E+00
1.115000E+02 1.000170E+00
1.117500E+02 1.000884E+00
1.120000E+02 1.001592E+00
1.122500E+02 1.000825E+00
1.125000E+02 1.001158E+00
1.127500E+02 1.001285E+00
1.130000E+02 1.000349E+00
1.132500E+02 9.999972E-01
1.135000E+02 1.001631E+00
1.137500E+02 1.001011E+00
1.140000E+02 1.001374E+00
1.142500E+02 1.000808E+00
1.145000E+02 9.999585E-01
1.147500E+02 1.001241E+00
1.150000E+02 1.000810E+00
1.152500E+02 1.001400E+00
1.155000E+02 1.001781E+00
1.157500E+02 1.000737E+00
1.160000E+02 1.000407E+00
1.162500E+02 1.000837E+00
1.165000E+02 1.000906E+00
1.167500E+02 1.001832E+00
1.170000E+02 1.000179E+00
1.172500E+02 1.000141E+00
1.175000E+02 1.001381E+00
1.177500E+02 9.986607E-01
1.180000E+02 1.001989E+00
1.182500E+02 1.001020E+00
1.185000E+02 1.001439E+00
1.187500E+02 1.000612E+00
1.190000E+02 1.001887E+00
1.192500E+02 1.001045E+00
1.195000E+02 1.000877E+00
1.197500E+02 9.999297E-01
1.200000E+02 1.000172E+00
1.202500E+02 1.000127E+00
1.205000E+02 1.000771E+00
1.207500E+02 1.001966E+00
1.210000E+02 9.999458E-01
1.212500E+02 1.000263E+00
1.215000E+02 9.995028E-01
1.217500E+02 1.000590E+00
1.220000E+02 1.001287E+00
1.222500E+02 1.001392E+00
1.225000E+02 1.001102E+00
1.227500E+02 9.989762E-01
1.230000E+02 1.000825E+00
1.232500E+02 1.001063E+00
1.235000E+02 1.000769E+00
1.237500E+02 1.001715E+00
1.240000E+02 1.000454E+00
1.242500E+02 1.002055E+00
1.245000E+02 9.991624E-01
1.247500E+02 1.000507E+00
1.250000E+02 9.975951E-01
1.252500E+02 9.920220E-01
1.255000E+02 9.854589E-01
1.257500E+02 9.793519E-01
1.260000E+02 9.738520E-01
1.262500E+02 9.667381E-01
1.265000E+02 9.627019E-01
1.267500E+02 9.564943E-01
1.270000E+02 9.519515E-01
1.272500E+02 9.449825E-01
1.275000E+02 9.395345E-01
1.277500E+02 9.336416E-01
1.280000E+02 9.276502E-01
1.282500E+02 9.229495E-01
1.285000E+02 9.171002E-01
1.287500E+02 9.107352E-01
1.290000E+02 9.054179E-01
1.292500E+02 8.993348E-01
1.295000E+02 8.937976E-01
1.297500E+02 8.883066E-01
1.300000E+02 8.837171E-01
1.302500E+02 8.769002E-01
1.305000E+02 8.710476E-01
1.307500E+02 8.657663E-01
1.310000E+02 8.601966E-01
1.312500E+02 8.553732E-01
1.315000E+02 8.492215E-01
1.317500E+02 8.454563E-01
1.320000E+02 8.387676E-01
1.322500E+02 8.353540E-01
1.325000E+02 8.284323E-01
1.327500E+02 8.240529E-01
1.330000E+02 8.178716E-01
1.332500E+02 8.143645E-01
1.335000E+02 8.067498E-01
1.337500E+02 8.018921E-01
1.340000E+02 7.968351E-01
1.342500E+02 7.918629E-01
1.345000E+02 7.869971E-01
1.347500E+02 7.812488E-01
1.350000E+02 7.771249E-01
1.352500E+02 7.709878E-01
1.355000E+02 7.662403E-01
1.357500E+02 7.608065E-01
1.360000E+02 7.565968E-01
1.362500E+02 7.515085E-01
1.365000E+02 7.456787E-01
1.367500E+02 7.411138E-01
1.370000E+02 7.359847E-01
1.372500E+02 7.306771E-01
1.375000E+02 7.253664E-01
1.377500E+02 7.217763E-01
1.380000E+02 7.154400E-01
1.382500E+02 7.115965E-01
1.385000E+02 7.061783E-01
1.387500E+02 7.018907E-01
1.390000E+02 6.962961E-01
1.392500E+02 6.916531E-01
1.395000E+02 6.867912E-01
1.397500E+02 6.831752E-01
1.400000E+02 6.764855E-01
1.402500E+02 6.725195E-01
1.405000E+02 6.674019E-01
1.407500E+02 6.625985E-01
1.410000E+02 6.591279E-01
1.412500E+02 6.527395E-01
1.415000E+02 6.493458E-01
1.417500E+02 6.452713E-01
1.420000E+02 6.392183E-01
1.422500E+02 6.354057E-01
1.425000E+02 6.306976E-01
1.427500E+02 6.252528E-01
1.430000E+02 6.213089E-01
1.432500E+02 6.168670E-01
1.435000E+02 6.124033E-01
1.437500E+02 6.066052E-01
1.440000E+02 6.032937E-01
1.442500E+02 5.979558E-01
1.445000E+02 5.932398E-01
1.447500E+02 5.892434E-01
1.450000E+02 5.851475E-01
1.452500E+02 5.804077E-01
1.455000E+02 5.760986E-01
1.457500E+02 5.714676E-01
1.460000E+02 5.667615E-01
1.462500E+02 5.623998E-01
1.465000E+02 5.577742E-01
1.467500E+02 5.542595E-01
1.470000E+02 5.501042E-01
1.472500E+02 5.455573E-01
1.475000E+02 5.406177E-01
1.477500E+02 5.363777E-01
1.480000E+02 5.325502E-01
1.482500E+02 5.278723E-01
1.485000E+02 5.242342E-01
1.487500E+02 5.199815E-01
1.490000E+02 5.151479E-01
1.492500E+02 5.111151E-01
1.495000E+02 5.064793E-01
1.497500E+02 5.030827E-01
1.500000E+02 4.989164E-01
1.502500E+02 4.947885E-01
1.505000E+02 4.901992E-01
1.507500E+02 4.857090E-01
1.510000E+02 4.817191E-01
1.512500E+02 4.781970E-01
1.515000E+02 4.733953E-01
1.517500E+02 4.701106E-01
1.520000E+02 4.654828E-01
1.522500E+02 4.619643E-01
1.525000E+02 4.580269E-01
1.527500E+02 4.542064E-01
1.530000E+02 4.489218E-01
1.532500E+02 4.459220E-01
1.535000E+02 4.416192E-01
1.537500E+02 4.376923E-01
1.540000E+02 4.339516E-01
1.542500E+02 4.287363E-01
1.545000E+02 4.255981E-01
1.547500E+02 4.210286E-01
1.550000E+02 4.179675E-01
1.552500E+02 4.139393E-01
1.555000E+02 4.105215E-01
1.557500E+02 4.060433E-01
1.560000E+02 4.017414E-01
1.562500E+02 3.985377E-01
1.565000E+02 3.953836E-01
1.567500E+02 3.910330E-01
1.570000E+02 3.873006E-01
1.572500E+02 3.822907E-01
1.575000E+02 3.793272E-01
1.577500E+02 3.753805E-01
1.580000E+02 3.721129E-01
1.582500E+02 3.686734E-01
1.585000E+02 3.651320E-01
1.587500E+02 3.607700E-01
1.590000E+02 3.566257E-01
1.592500E+02 3.534949E-01
1.595000E+02 3.490539E-01
1.597500E+02 3.454696E-01
1.600000E+02 3.421081E-01
1.602500E+02 3.384583E-01
1.605000E+02 3.345776E-01
1.607500E+02 3.308176E-01
1.610000E+02 3.279064E-01
1.612500E+02 3.237686E-01
1.615000E+02 3.203861E-01
1.617500E+02 3.168442E-01
1.620000E+02 3.131911E-01
1.622500E+02 3.098393E-01
1.625000E+02 3.058750E-01
1.627500E+02 3.030123E-01
1.630000E+02 2.993576E-01
1.632500E+02 2.956552E-01
1.635000E+02 2.922032E-01
1.637500E+02 2.888917E-01
1.640000E+02 2.851528E-01
1.642500E+02 2.816457E-01
1.645000E+02 2.785053E-01
1.647500E+02 2.750041E-01
1.650000E+02 2.716130E-01
1.652500E+02 2.678948E-01
1.655000E+02 2.647052E-01
1.657500E+02 2.604925E-01
1.660000E+02 2.576758E-01
1.662500E+02 2.537680E-01
1.665000E+02 2.503935E-01
1.667500E+02 2.473260E-01
1.670000E+02 2.431095E-01
1.672500E+02 2.404890E-01
1.675000E+02 2.375121E-01
1.677500E+02 2.336393E-01
1.680000E+02 2.308601E-01
1.682500E+02 2.271686E-01
1.685000E+02 2.237100E-01
1.687500E+02 2.207998E-01
1.690000E+02 2.172374E-01
1.692500E+02 2.139642E-01
1.695000E+02 2.107056E-01
1.697500E+02 2.073000E-01
1.700000E+02 2.041732E-01
1.702500E+02 2.010920E-01
1.705000E+02 1.976443E-01
1.707500E+02 1.943839E-01
1.710000E+02 1.915373E-01
1.712500E+02 1.884546E-01
1.715000E+02 1.848792E-01
1.717500E+02 1.816893E-01
1.720000E+02 1.788170E-01
1.722500E+02 1.752084E-01
1.725000E+02 1.724733E-01
1.727500E+02 1.691700E-01
1.730000E+02 1.661183E-01
1.732500E+02 1.628137E-01
1.735000E+02 1.598815E-01
1.737500E+02 1.570045E-01
1.740000E+02 1.534574E-01
1.742500E+02 1.504247E-01
1.745000E+02 1.476437E-01
1.747500E+02 1.444257E-01
1.750000E+02 1.412650E-01
1.752500E+02 1.383042E-01
1.755000E+02 1.350395E-01
1.757500E+02 1.322276E-01
1.760000E+02 1.291178E-01
1.762500E+02 1.259620E-01
1.765000E+02 1.236443E-01
1.767500E+02 1.203651E-01
1.770000E+02 1.174521E-01
1.772500E+02 1.149248E-01
1.775000E+02 1.124512E-01
1.777500E+02 1.097685E-01
1.780000E+02 1.077360E-01
1.782500E+02 1.053820E-01
1.785000E+02 1.030121E-01
1.787500E+02 1.009244E-01
1.790000E+02 9.892698E-02
1.792500E+02 9.674585E-02
1.795000E+02 9.469187E-02
1.797500E+02 9.290092E-02
1.800000E+02 9.095899E-02
1.802500E+02 8.934746E-02
1.805000E+02 8.724274E-02
1.807500E+02 8.547856E-02
1.810000E+02 8.360635E-02
1.812500E+02 8.186454E-02
1.815000E+02 8.016285E-02
1.817500E+02 7.840084E-02
1.820000E+02 7.684788E-02
1.822500E+02 7.517061E-02
1.825000E+02 7.386760E-02
1.827500E+02 7.223403E-02
1.830000E+02 7.070377E-02
1.832500E+02 6.930582E-02
1.835000E+02 6.792270E-02
1.837500E+02 6.631788E-02
1.840000E+02 6.515992E-02
1.842500E+02 6.357313E-02
1.845000E+02 6.227111E-02
1.847500E+02 6.090013E-02
1.850000E+02 5.950222E-02
1.852500E+02 5.843475E-02
1.855000E+02 5.711903E-02
1.857500E+02 5.584485E-02
1.860000E+02 5.455356E-02
1.862500E+02 5.363124E-02
1.865000E+02 5.234349E-02
1.867500E+02 5.116594E-02
1.870000E+02 4.996339E-02
1.872500E+02 4.897831E-02
1.875000E+02 4.790916E-02
1.877500E+02 4.665972E-02
1.880000E+02 4.559758E-02
1.882500E+02 4.466493E-02
1.885000E+02 4.360810E-02
1.887500E+02 4.262588E-02
1.890000E+02 4.150972E-02
1.892500E+02 4.067431E-02
1.895000E+02 3.959436E-02
1.897500E+02 3.882674E-02
1.900000E+02 3.785504E-02
1.902500E+02 3.698446E-02
1.905000E+02 3.604863E-02
1.907500E+02 3.529718E-02
1.910000E+02 3.430602E-02
1.912500E+02 3.342511E-02
1.915000E+02 3.277481E-02
1.917500E+02 3.184757E-02
1.920000E+02 3.099873E-02
1.922500E+02 3.011443E-02
1.925000E+02 2.952626E-02
1.927500E+02 2.882100E-02
1.930000E+02 2.798119E-02
1.932500E+02 2.734221E-02
1.935000E+02 2.674800E-02
1.937500E+02 2.576504E-02
1.940000E+02 2.525741E-02
1.942500E+02 2.457626E-02
1.945000E+02 2.389795E-02
1.947500E+02 2.328117E-02
1.950000E+02 2.253200E-02
1.952500E+02 2.198219E-02
1.955000E+02 2.126546E-02
1.957500E+02 2.071308E-02
1.960000E+02 2.027655E-02
1.962500E+02 1.961731E-02
1.965000E+02 1.900054E-02
1.967500E+02 1.843057E-02
1.970000E+02 1.787978E-02
1.972500E+02 1.734820E-02
1.975000E+02 1.682110E-02
1.977500E+02 1.635962E-02
1.980000E+02 1.590464E-02
1.982500E+02 1.531918E-02
1.985000E+02 1.488656E-02
1.987500E+02 1.429136E-02
1.990000E+02 1.380118E-02
1.992500E+02 1.353953E-02
1.995000E+02 1.299240E-02
1.997500E+02 1.258503E-02
2.000000E+02 1.212561E-02
2.002500E+02 1.172558E-02
2.005000E+02 1.136640E-02
2.007500E+02 1.093657E-02
2.010000E+02 1.054129E-02
2.012500E+02 1.018246E-02
2.015000E+02 9.789346E-03
2.017500E+02 9.374432E-03
2.020000E+02 9.110571E-03
2.022500E+02 8.654936E-03
2.025000E+02 8.377929E-03
2.027500E+02 8.086312E-03
2.030000E+02 7.703615E-03
2.032500E+02 7.404050E-03
2.035000E+02 7.049737E-03
2.037500E+02 6.755801E-03
2.040000E+02 6.517473E-03
2.042500E+02 6.219153E-03
2.045000E+02 5.920032E-03
2.047500E+02 5.641945E-03
2.050000E+02 5.413887E-03
2.052500E+02 5.126549E-03
2.055000E+02 4.899795E-03
2.057500E+02 4.652683E-03
2.060000E+02 4.473650E-03
2.062500E+02 4.265491E-03
2.065000E+02 3.951374E-03
2.067500E+02 3.741749E-03
2.070000E+02 3.557338E-03
2.072500E+02 3.346631E-03
2.075000E+02 3.137264E-03
2.077500E+02 2.987655E-03
2.080000E+02 2.794957E-03
2.082500E+02 2.642052E-03
2.085000E+02 2.438824E-03
2.087500E+02 2.326011E-03
2.090000E+02 2.163256E-03
2.092500E+02 1.971489E-03
2.095000E+02 1.853517E-03
2.097500E+02 1.675671E-03
2.100000E+02 1.541145E-03
2.102500E+02 1.437570E-03
2.105000E+02 1.331880E-03
2.107500E+02 1.193108E-03
2.110000E+02 1.108719E-03
2.112500E+02 1.010517E-03
2.115000E+02 9.119718E-04
2.117500E+02 7.860893E-04
2.120000E+02 7.425558E-04
2.122500E+02 6.459676E-04
2.125000E+02 5.598836E-04
2.127500E+02 4.756349E-04
2.130000E+02 4.310056E-04
2.132500E+02 3.705821E-04
2.135000E+02 3.069628E-04
2.137500E+02 2.445861E-04
2.140000E+02 2.083017E-04
2.142500E+02 1.659073E-04
2.145000E+02 1.269985E-04
2.147500E+02 9.858147E-05
2.150000E+02 7.029621E-05
2.152500E+02 4.945077E-05
2.155000E+02 2.621950E-05
2.157500E+02 1.609771E-05
2.160000E+02 6.177102E-06
2.162500E+02 7.703535E-07
