2.500000E-01 0.000000E+00
5.000000E-01 0.000000E+00
7.500000E-01 0.000000E+00
1.000000E+00 0.000000E+00
1.250000E+00 0.000000E+00
1.500000E+00 0.000000E+00
1.750000E+00 0.000000E+00
2.000000E+00 0.000000E+00
2.250000E+00 0.000000E+00
2.500000E+00 0.000000E+00
2.750000E+00 0.000000E+00
3.000000E+00 0.000000E+00
3.250000E+00 0.000000E+00
3.500000E+00 4.184771E-02
3.750000E+00 3.358261E+00
4.000000E+00 2.509926E+01
4.250000E+00 5.016555E+01
4.500000E+00 5.084701E+01
4.750000E+00 3.815001E+01
5.000000E+00 2.571790E+01
5.250000E+00 1.713210E+01
5.500000E+00 1.172472E+01
5.750000E+00 8.656082E+00
6.000000E+00 6.959436E+00
6.250000E+00 5.969306E+00
6.500000E+00 5.188357E+00
6.750000E+00 4.390904E+00
7.000000E+00 3.690721E+00
7.250000E+00 3.146292E+00
7.500000E+00 2.828523E+00
7.750000E+00 2.793941E+00
8.000000E+00 3.055711E+00
8.250000E+00 3.497867E+00
8.500000E+00 3.835845E+00
8.750000E+00 3.823083E+00
9.000000E+00 3.530551E+00
9.250000E+00 3.093607E+00
9.500000E+00 2.686126E+00
9.750000E+00 2.331020E+00
1.000000E+01 2.072334E+00
1.025000E+01 1.880646E+00
1.050000E+01 1.733180E+00
1.075000E+01 1.609199E+00
1.100000E+01 1.514684E+00
1.125000E+01 1.439234E+00
1.150000E+01 1.380506E+00
1.175000E+01 1.344805E+00
1.200000E+01 1.326581E+00
1.225000E+01 1.320281E+00
1.250000E+01 1.327091E+00
1.275000E+01 1.325317E+00
1.300000E+01 1.314817E+00
1.325000E+01 1.289237E+00
1.350000E+01 1.259262E+00
1.375000E+01 1.224754E+00
1.400000E+01 1.194460E+00
1.425000E+01 1.165251E+00
1.450000E+01 1.146319E+00
1.475000E+01 1.124054E+00
1.500000E+01 1.106097E+00
1.525000E+01 1.095206E+00
1.550000E+01 1.084394E+00
1.575000E+01 1.077409E+00
1.600000E+01 1.070133E+00
1.625000E+01 1.063299E+00
1.650000E+01 1.063377E+00
1.675000E+01 1.060667E+00
1.700000E+01 1.057193E+00
1.725000E+01 1.053953E+00
1.750000E+01 1.049676E+00
1.775000E+01 1.046894E+00
1.800000E+01 1.041562E+00
1.825000E+01 1.037869E+00
1.850000E+01 1.034253E+00
1.875000E+01 1.034321E+00
1.900000E+01 1.027269E+00
1.925000E+01 1.028346E+00
1.950000E+01 1.024759E+00
1.975000E+01 1.023591E+00
2.000000E+01 1.021864E+00
2.025000E+01 1.020698E+00
2.050000E+01 1.017680E+00
2.075000E+01 1.018944E+00
2.100000E+01 1.019042E+00
2.125000E+01 1.016528E+00
2.150000E+01 1.016678E+00
2.175000E+01 1.016443E+00
2.200000E+01 1.016201E+00
2.225000E+01 1.013154E+00
2.250000E+01 1.012397E+00
2.275000E+01 1.011902E+00
2.300000E+01 1.012853E+00
2.325000E+01 1.013119E+00
2.350000E+01 1.012645E+00
2.375000E+01 1.012780E+00
2.400000E+01 1.011006E+00
2.425000E+01 1.011323E+00
2.450000E+01 1.010243E+00
2.475000E+01 1.010464E+00
2.500000E+01 1.008875E+00
2.525000E+01 1.008767E+00
2.550000E+01 1.010205E+00
2.575000E+01 1.009145E+00
2.600000E+01 1.008337E+00
2.625000E+01 1.008766E+00
2.650000E+01 1.009735E+00
2.675000E+01 1.009921E+00
2.700000E+01 1.007510E+00
2.725000E+01 1.007832E+00
2.750000E+01 1.007139E+00
2.775000E+01 1.006782E+00
2.800000E+01 1.007367E+00
2.825000E+01 1.007897E+00
2.850000E+01 1.006601E+00
2.875000E+01 1.006674E+00
2.900000E+01 1.006917E+00
2.925000E+01 1.005590E+00
2.950000E+01 1.006594E+00
2.975000E+01 1.007094E+00
3.000000E+01 1.007867E+00
3.025000E+01 1.006435E+00
3.050000E+01 1.005752E+00
3.075000E+01 1.006102E+00
3.100000E+01 1.006490E+00
3.125000E+01 1.006710E+00
3.150000E+01 1.005791E+00
3.175000E+01 1.004820E+00
3.200000E+01 1.007561E+00
3.225000E+01 1.006089E+00
3.250000E+01 1.006191E+00
3.275000E+01 1.005791E+00
3.300000E+01 1.005727E+00
3.325000E+01 1.005122E+00
3.350000E+01 1.005254E+00
3.375000E+01 1.005738E+00
3.400000E+01 1.005495E+00
3.425000E+01 1.005734E+00
3.450000E+01 1.005583E+00
3.475000E+01 1.005122E+00
3.500000E+01 1.004968E+00
3.525000E+01 1.004531E+00
3.550000E+01 1.005428E+00
3.575000E+01 1.005173E+00
3.600000E+01 1.005928E+00
3.625000E+01 1.005904E+00
3.650000E+01 1.004214E+00
3.675000E+01 1.004916E+00
3.700000E+01 1.005140E+00
3.725000E+01 1.004458E+00
3.750000E+01 1.003998E+00
3.775000E+01 1.005000E+00
3.800000E+01 1.004874E+00
3.825000E+01 1.004578E+00
3.850000E+01 1.004470E+00
3.875000E+01 1.004554E+00
3.900000E+01 1.004112E+00
3.925000E+01 1.003919E+00
3.950000E+01 1.004657E+00
3.975000E+01 1.004776E+00
4.000000E+01 1.004084E+00
4.025000E+01 1.004641E+00
4.050000E+01 1.004459E+00
4.075000E+01 1.003696E+00
4.100000E+01 1.003625E+00
4.125000E+01 1.004233E+00
4.150000E+01 1.003505E+00
4.175000E+01 1.004333E+00
4.200000E+01 1.004418E+00
4.225000E+01 1.003711E+00
4.250000E+01 1.003952E+00
4.275000E+01 1.002884E+00
4.300000E+01 1.003084E+00
4.325000E+01 1.003125E+00
4.350000E+01 1.002996E+00
4.375000E+01 1.003822E+00
4.400000E+01 1.003951E+00
4.425000E+01 1.002817E+00
4.450000E+01 1.003279E+00
4.475000E+01 1.003526E+00
4.500000E+01 1.004118E+00
4.525000E+01 1.003188E+00
4.550000E+01 1.003341E+00
4.575000E+01 1.003951E+00
4.600000E+01 1.004054E+00
4.625000E+01 1.003545E+00
4.650000E+01 1.002698E+00
4.675000E+01 1.002841E+00
4.700000E+01 1.002802E+00
4.725000E+01 1.002421E+00
4.750000E+01 1.003258E+00
4.775000E+01 1.002850E+00
4.800000E+01 1.001807E+00
4.825000E+01 1.004033E+00
4.850000E+01 1.002716E+00
4.875000E+01 1.003051E+00
4.900000E+01 1.003413E+00
4.925000E+01 1.003275E+00
4.950000E+01 1.003197E+00
4.975000E+01 1.002567E+00
5.000000E+01 1.003046E+00
5.025000E+01 1.002849E+00
5.050000E+01 1.003129E+00
5.075000E+01 1.002907E+00
5.100000E+01 1.002753E+00
5.125000E+01 1.003971E+00
5.150000E+01 1.002660E+00
5.175000E+01 1.002372E+00
5.200000E+01 1.002988E+00
5.225000E+01 1.003034E+00
5.250000E+01 1.002954E+00
5.275000E+01 1.003071E+00
5.300000E+01 1.002025E+00
5.325000E+01 1.003117E+00
5.350000E+01 1.002772E+00
5.375000E+01 1.002515E+00
5.400000E+01 1.001774E+00
5.425000E+01 1.003104E+00
5.450000E+01 1.002012E+00
5.475000E+01 1.002926E+00
5.500000E+01 1.002051E+00
5.525000E+01 1.002302E+00
5.550000E+01 1.002784E+00
5.575000E+01 1.002851E+00
5.600000E+01 1.002306E+00
5.625000E+01 1.002742E+00
5.650000E+01 1.003062E+00
5.675000E+01 1.002654E+00
5.700000E+01 1.002042E+00
5.725000E+01 1.002496E+00
5.750000E+01 1.002501E+00
5.775000E+01 1.002234E+00
5.800000E+01 1.001966E+00
5.825000E+01 1.001913E+00
5.850000E+01 1.001981E+00
5.875000E+01 1.002844E+00
5.900000E+01 1.002753E+00
5.925000E+01 1.002877E+00
5.950000E+01 1.001996E+00
5.975000E+01 1.002639E+00
6.000000E+01 1.002395E+00
6.025000E+01 1.002713E+00
6.050000E+01 1.002179E+00
6.075000E+01 1.002408E+00
6.100000E+01 1.002640E+00
6.125000E+01 1.002993E+00
6.150000E+01 1.001647E+00
6.175000E+01 1.002639E+00
6.200000E+01 1.002259E+00
6.225000E+01 1.002677E+00
6.250000E+01 1.002460E+00
6.275000E+01 1.002215E+00
6.300000E+01 1.001900E+00
6.325000E+01 1.002139E+00
6.350000E+01 1.002339E+00
6.375000E+01 1.002425E+00
6.400000E+01 1.002379E+00
6.425000E+01 1.002422E+00
6.450000E+01 1.002880E+00
6.475000E+01 1.002019E+00
6.500000E+01 1.001727E+00
6.525000E+01 1.002475E+00
6.550000E+01 1.001185E+00
6.575000E+01 1.001773E+00
6.600000E+01 1.002059E+00
6.625000E+01 1.001735E+00
6.650000E+01 1.002969E+00
6.675000E+01 1.001687E+00
6.700000E+01 1.002275E+00
6.725000E+01 1.002048E+00
6.750000E+01 1.001830E+00
6.775000E+01 1.002001E+00
6.800000E+01 1.001741E+00
6.825000E+01 1.001934E+00
6.850000E+01 1.002827E+00
6.875000E+01 1.002135E+00
6.900000E+01 1.001862E+00
6.925000E+01 1.002307E+00
6.950000E+01 1.001691E+00
6.975000E+01 1.001925E+00
7.000000E+01 1.001372E+00
7.025000E+01 1.001769E+00
7.050000E+01 1.002234E+00
7.075000E+01 1.001905E+00
7.100000E+01 1.001465E+00
7.125000E+01 1.001630E+00
7.150000E+01 1.001641E+00
7.175000E+01 1.001774E+00
7.200000E+01 1.001743E+00
7.225000E+01 1.001436E+00
7.250000E+01 1.001792E+00
7.275000E+01 1.001323E+00
7.300000E+01 1.001858E+00
7.325000E+01 1.001668E+00
7.350000E+01 1.001800E+00
7.375000E+01 1.001835E+00
7.400000E+01 1.001671E+00
7.425000E+01 1.001874E+00
7.450000E+01 1.001528E+00
7.475000E+01 1.002167E+00
7.500000E+01 1.001322E+00
7.525000E+01 1.001703E+00
7.550000E+01 1.001576E+00
7.575000E+01 1.001302E+00
7.600000E+01 1.001283E+00
7.625000E+01 1.001708E+00
7.650000E+01 1.001346E+00
7.675000E+01 1.001155E+00
7.700000E+01 1.001099E+00
7.725000E+01 1.001365E+00
7.750000E+01 1.001689E+00
7.775000E+01 1.001189E+00
7.800000E+01 1.001629E+00
7.825000E+01 1.001794E+00
7.850000E+01 1.001321E+00
7.875000E+01 1.001637E+00
7.900000E+01 1.001575E+00
7.925000E+01 1.001152E+00
7.950000E+01 1.001560E+00
7.975000E+01 1.001452E+00
8.000000E+01 1.000892E+00
8.025000E+01 1.001346E+00
8.050000E+01 1.001180E+00
8.075000E+01 1.001572E+00
8.100000E+01 1.001478E+00
8.125000E+01 1.001240E+00
8.150000E+01 1.001182E+00
8.175000E+01 1.001320E+00
8.200000E+01 1.000811E+00
8.225000E+01 1.001600E+00
8.250000E+01 1.001273E+00
8.275000E+01 1.001152E+00
8.300000E+01 1.001490E+00
8.325000E+01 1.001052E+00
8.350000E+01 1.001277E+00
8.375000E+01 1.001367E+00
8.400000E+01 1.001308E+00
8.425000E+01 1.001092E+00
8.450000E+01 1.000677E+00
8.475000E+01 1.000639E+00
8.500000E+01 1.001390E+00
8.525000E+01 1.000807E+00
8.550000E+01 1.000787E+00
8.575000E+01 1.000785E+00
8.600000E+01 1.000990E+00
8.625000E+01 1.000382E+00
8.650000E+01 1.000917E+00
8.675000E+01 1.001371E+00
8.700000E+01 1.001241E+00
8.725000E+01 1.000969E+00
8.750000E+01 1.001384E+00
8.775000E+01 1.001458E+00
8.800000E+01 1.000643E+00
8.825000E+01 1.001068E+00
8.850000E+01 1.000879E+00
8.875000E+01 1.000786E+00
8.900000E+01 1.001260E+00
8.925000E+01 1.000704E+00
8.950000E+01 1.000672E+00
8.975000E+01 1.001011E+00
9.000000E+01 1.001057E+00
9.025000E+01 1.000900E+00
9.050000E+01 1.001065E+00
9.075000E+01 1.001434E+00
9.100000E+01 1.001159E+00
9.125000E+01 1.001674E+00
9.150000E+01 1.000923E+00
9.175000E+01 1.001069E+00
9.200000E+01 1.001010E+00
9.225000E+01 1.000897E+00
9.250000E+01 1.000859E+00
9.275000E+01 1.001322E+00
9.300000E+01 1.001368E+00
9.325000E+01 1.001436E+00
9.350000E+01 1.001157E+00
9.375000E+01 1.001243E+00
9.400000E+01 1.001291E+00
9.425000E+01 1.001207E+00
9.450000E+01 1.001315E+00
9.475000E+01 1.000912E+00
9.500000E+01 1.001398E+00
9.525000E+01 1.000522E+00
9.550000E+01 1.001014E+00
9.575000E+01 1.000860E+00
9.600000E+01 1.001021E+00
9.625000E+01 1.001155E+00
9.650000E+01 1.001306E+00
9.675000E+01 1.000942E+00
9.700000E+01 1.000772E+00
9.725000E+01 1.000894E+00
9.750000E+01 1.000676E+00
9.775000E+01 1.001240E+00
9.800000E+01 1.000682E+00
9.825000E+01 1.000892E+00
9.850000E+01 1.000940E+00
9.875000E+01 1.000524E+00
9.900000E+01 1.001009E+00
9.925000E+01 1.000696E+00
9.950000E+01 1.000670E+00
9.975000E+01 1.000816E+00
1.000000E+02 1.000833E+00
1.002500E+02 1.000875E+00
1.005000E+02 1.000857E+00
1.007500E+02 1.000765E+00
1.010000E+02 1.000695E+00
1.012500E+02 1.000814E+00
1.015000E+02 1.000891E+00
1.017500E+02 1.000600E+00
1.020000E+02 1.000753E+00
1.022500E+02 1.000687E+00
1.025000E+02 1.000274E+00
1.027500E+02 1.000754E+00
1.030000E+02 1.000812E+00
1.032500E+02 1.001016E+00
1.035000E+02 1.000783E+00
1.037500E+02 1.000570E+00
1.040000E+02 1.001152E+00
1.042500E+02 1.000789E+00
1.045000E+02 1.000542E+00
1.047500E+02 1.000905E+00
1.050000E+02 1.000820E+00
1.052500E+02 1.000435E+00
1.055000E+02 1.000459E+00
1.057500E+02 1.000589E+00
1.060000E+02 1.000683E+00
1.062500E+02 1.000844E+00
1.065000E+02 1.000599E+00
1.067500E+02 1.000689E+00
1.070000E+02 1.000467E+00
1.072500E+02 1.000733E+00
1.075000E+02 1.000384E+00
1.077500E+02 1.000139E+00
1.080000E+02 1.000480E+00
1.082500E+02 1.000551E+00
1.085000E+02 1.000459E+00
1.087500E+02 1.000696E+00
1.090000E+02 1.000437E+00
1.092500E+02 1.000505E+00
1.095000E+02 1.000293E+00
1.097500E+02 1.000199E+00
1.100000E+02 1.000481E+00
1.102500E+02 1.000260E+00
1.105000E+02 1.000662E+00
1.107500E+02 1.000526E+00
1.110000E+02 1.000583E+00
1.112500E+02 1.000198E+00
1.115000E+02 1.000668E+00
1.117500E+02 1.000269E+00
1.120000E+02 1.000213E+00
1.122500E+02 1.000129E+00
1.125000E+02 1.000326E+00
1.127500E+02 1.000450E+00
1.130000E+02 1.000675E+00
1.132500E+02 1.000709E+00
1.135000E+02 1.000639E+00
1.137500E+02 1.000216E+00
1.140000E+02 1.000226E+00
1.142500E+02 1.000449E+00
1.145000E+02 1.000286E+00
1.147500E+02 1.000411E+00
1.150000E+02 1.000178E+00
1.152500E+02 1.000329E+00
1.155000E+02 1.000055E+00
1.157500E+02 1.000466E+00
1.160000E+02 1.000394E+00
1.162500E+02 1.000118E+00
1.165000E+02 1.000580E+00
1.167500E+02 9.999035E-01
1.170000E+02 1.000259E+00
1.172500E+02 1.000217E+00
1.175000E+02 1.000517E+00
1.177500E+02 1.000335E+00
1.180000E+02 1.000021E+00
1.182500E+02 1.000597E+00
1.185000E+02 1.000295E+00
1.187500E+02 1.000372E+00
1.190000E+02 1.000225E+00
1.192500E+02 1.000161E+00
1.195000E+02 1.000348E+00
1.197500E+02 1.000309E+00
1.200000E+02 1.000407E+00
1.202500E+02 1.000431E+00
1.205000E+02 9.999313E-01
1.207500E+02 1.000274E+00
1.210000E+02 1.000230E+00
1.212500E+02 1.000201E+00
1.215000E+02 1.000289E+00
1.217500E+02 1.000032E+00
1.220000E+02 9.998331E-01
1.222500E+02 1.000435E+00
1.225000E+02 1.000125E+00
1.227500E+02 1.000105E+00
1.230000E+02 1.000040E+00
1.232500E+02 9.999924E-01
1.235000E+02 1.000116E+00
1.237500E+02 1.000039E+00
1.240000E+02 1.000183E+00
1.242500E+02 1.000082E+00
1.245000E+02 1.000263E+00
1.247500E+02 1.000036E+00
1.250000E+02 9.972469E-01
1.252500E+02 9.913307E-01
1.255000E+02 9.853696E-01
1.257500E+02 9.793689E-01
1.260000E+02 9.734669E-01
1.262500E+02 9.674429E-01
1.265000E+02 9.614967E-01
1.267500E+02 9.558252E-01
1.270000E+02 9.499499E-01
1.272500E+02 9.442252E-01
1.275000E+02 9.385457E-01
1.277500E+02 9.327321E-01
1.280000E+02 9.270525E-01
1.282500E+02 9.213202E-01
1.285000E+02 9.155159E-01
1.287500E+02 9.097267E-01
1.290000E+02 9.043285E-01
1.292500E+02 8.987756E-01
1.295000E+02 8.932993E-01
1.297500E+02 8.873468E-01
1.300000E+02 8.819638E-01
1.302500E+02 8.763250E-01
1.305000E+02 8.709480E-01
1.307500E+02 8.654601E-01
1.310000E+02 8.600106E-01
1.312500E+02 8.544119E-01
1.315000E+02 8.489796E-01
1.317500E+02 8.436055E-01
1.320000E+02 8.382934E-01
1.322500E+02 8.328987E-01
1.325000E+02 8.275574E-01
1.327500E+02 8.221893E-01
1.330000E+02 8.171228E-01
1.332500E+02 8.119178E-01
1.335000E+02 8.061810E-01
1.337500E+02 8.013398E-01
1.340000E+02 7.961627E-01
1.342500E+02 7.908568E-01
1.345000E+02 7.856171E-01
1.347500E+02 7.805388E-01
1.350000E+02 7.751427E-01
1.352500E+02 7.698620E-01
1.355000E+02 7.649381E-01
1.357500E+02 7.597600E-01
1.360000E+02 7.548359E-01
1.362500E+02 7.499246E-01
1.365000E+02 7.446994E-01
1.367500E+02 7.400765E-01
1.370000E+02 7.346974E-01
1.372500E+02 7.296569E-01
1.375000E+02 7.250802E-01
1.377500E+02 7.200804E-01
1.380000E+02 7.149365E-01
1.382500E+02 7.101564E-01
1.385000E+02 7.050720E-01
1.387500E+02 7.002479E-01
1.390000E+02 6.955111E-01
1.392500E+02 6.906994E-01
1.395000E+02 6.858600E-01
1.397500E+02 6.811484E-01
1.400000E+02 6.763872E-01
1.402500E+02 6.717870E-01
1.405000E+02 6.667788E-01
1.407500E+02 6.618851E-01
1.410000E+02 6.574703E-01
1.412500E+02 6.525221E-01
1.415000E+02 6.478516E-01
1.417500E+02 6.433001E-01
1.420000E+02 6.385101E-01
1.422500E+02 6.340410E-01
1.425000E+02 6.296354E-01
1.427500E+02 6.246958E-01
1.430000E+02 6.200133E-01
1.432500E+02 6.157841E-01
1.435000E+02 6.110700E-01
1.437500E+02 6.065119E-01
1.440000E+02 6.020094E-01
1.442500E+02 5.975678E-01
1.445000E+02 5.929691E-01
1.447500E+02 5.886470E-01
1.450000E+02 5.842245E-01
1.452500E+02 5.797003E-01
1.455000E+02 5.752165E-01
1.457500E+02 5.707052E-01
1.460000E+02 5.663840E-01
1.462500E+02 5.619873E-01
1.465000E+02 5.574240E-01
1.467500E+02 5.532133E-01
1.470000E+02 5.489231E-01
1.472500E+02 5.446566E-01
1.475000E+02 5.400951E-01
1.477500E+02 5.360327E-01
1.480000E+02 5.318155E-01
1.482500E+02 5.275758E-01
1.485000E+02 5.229509E-01
1.487500E+02 5.190585E-01
1.490000E+02 5.147762E-01
1.492500E+02 5.105774E-01
1.495000E+02 5.063065E-01
1.497500E+02 5.022050E-01
1.500000E+02 4.978519E-01
1.502500E+02 4.937525E-01
1.505000E+02 4.894032E-01
1.507500E+02 4.855266E-01
1.510000E+02 4.813564E-01
1.512500E+02 4.772598E-01
1.515000E+02 4.729921E-01
1.517500E+02 4.691479E-01
1.520000E+02 4.650720E-01
1.522500E+02 4.611700E-01
1.525000E+02 4.571577E-01
1.527500E+02 4.530186E-01
1.530000E+02 4.490904E-01
1.532500E+02 4.449609E-01
1.535000E+02 4.409941E-01
1.537500E+02 4.370306E-01
1.540000E+02 4.330826E-01
1.542500E+02 4.290756E-01
1.545000E+02 4.251069E-01
1.547500E+02 4.213425E-01
1.550000E+02 4.174786E-01
1.552500E+02 4.135761E-01
1.555000E+02 4.096528E-01
1.557500E+02 4.059091E-01
1.560000E+02 4.020174E-01
1.562500E+02 3.979807E-01
1.565000E+02 3.942474E-01
1.567500E+02 3.905070E-01
1.570000E+02 3.865619E-01
1.572500E+02 3.827991E-01
1.575000E+02 3.789067E-01
1.577500E+02 3.752851E-01
1.580000E+02 3.715078E-01
1.582500E+02 3.676305E-01
1.585000E+02 3.640722E-01
1.587500E+02 3.602931E-01
1.590000E+02 3.567926E-01
1.592500E+02 3.529016E-01
1.595000E+02 3.492966E-01
1.597500E+02 3.455783E-01
1.600000E+02 3.418201E-01
1.602500E+02 3.384011E-01
1.605000E+02 3.346249E-01
1.607500E+02 3.308806E-01
1.610000E+02 3.274051E-01
1.612500E+02 3.237855E-01
1.615000E+02 3.201255E-01
1.617500E+02 3.166704E-01
1.620000E+02 3.129042E-01
1.622500E+02 3.093788E-01
1.625000E+02 3.059437E-01
1.627500E+02 3.024385E-01
1.630000E+02 2.989330E-01
1.632500E+02 2.952928E-01
1.635000E+02 2.919321E-01
1.637500E+02 2.883449E-01
1.640000E+02 2.848719E-01
1.642500E+02 2.813796E-01
1.645000E+02 2.778495E-01
1.647500E+02 2.744560E-01
1.650000E+02 2.709925E-01
1.652500E+02 2.675681E-01
1.655000E+02 2.641110E-01
1.657500E+02 2.607672E-01
1.660000E+02 2.572735E-01
1.662500E+02 2.539524E-01
1.665000E+02 2.505379E-01
1.667500E+02 2.471564E-01
1.670000E+02 2.439606E-01
1.672500E+02 2.404572E-01
1.675000E+02 2.371582E-01
1.677500E+02 2.336703E-01
1.680000E+02 2.304510E-01
1.682500E+02 2.270790E-01
1.685000E+02 2.239351E-01
1.687500E+02 2.205408E-01
1.690000E+02 2.172277E-01
1.692500E+02 2.139796E-01
1.695000E+02 2.106528E-01
1.697500E+02 2.074835E-01
1.700000E+02 2.042705E-01
1.702500E+02 2.010248E-01
1.705000E+02 1.977618E-01
1.707500E+02 1.944875E-01
1.710000E+02 1.912344E-01
1.712500E+02 1.882928E-01
1.715000E+02 1.849569E-01
1.717500E+02 1.818225E-01
1.720000E+02 1.786027E-01
1.722500E+02 1.753942E-01
1.725000E+02 1.722356E-01
1.727500E+02 1.691144E-01
1.730000E+02 1.661182E-01
1.732500E+02 1.628861E-01
1.735000E+02 1.597272E-01
1.737500E+02 1.566253E-01
1.740000E+02 1.536751E-01
1.742500E+02 1.506107E-01
1.745000E+02 1.474148E-01
1.747500E+02 1.443352E-01
1.750000E+02 1.413162E-01
1.752500E+02 1.382420E-01
1.755000E+02 1.351745E-01
1.757500E+02 1.321044E-01
1.760000E+02 1.291054E-01
1.762500E+02 1.261198E-01
1.765000E+02 1.230055E-01
1.767500E+02 1.201442E-01
1.770000E+02 1.174064E-01
1.772500E+02 1.148266E-01
1.775000E+02 1.123033E-01
1.777500E+02 1.099282E-01
1.780000E+02 1.076358E-01
1.782500E+02 1.053467E-01
1.785000E+02 1.030871E-01
1.787500E+02 1.009532E-01
1.790000E+02 9.888157E-02
1.792500E+02 9.680378E-02
1.795000E+02 9.476020E-02
1.797500E+02 9.280594E-02
1.800000E+02 9.090123E-02
1.802500E+02 8.908778E-02
1.805000E+02 8.722787E-02
1.807500E+02 8.544296E-02
1.810000E+02 8.366567E-02
1.812500E+02 8.192330E-02
1.815000E+02 8.023908E-02
1.817500E+02 7.860100E-02
1.820000E+02 7.695430E-02
1.822500E+02 7.534993E-02
1.825000E+02 7.376910E-02
1.827500E+02 7.228178E-02
1.830000E+02 7.077811E-02
1.832500E+02 6.928209E-02
1.835000E+02 6.780448E-02
1.837500E+02 6.639730E-02
1.840000E+02 6.496933E-02
1.842500E+02 6.361578E-02
1.845000E+02 6.229594E-02
1.847500E+02 6.092232E-02
1.850000E+02 5.963226E-02
1.852500E+02 5.839942E-02
1.855000E+02 5.707423E-02
1.857500E+02 5.589320E-02
1.860000E+02 5.461951E-02
1.862500E+02 5.342039E-02
1.865000E+02 5.226196E-02
1.867500E+02 5.111767E-02
1.870000E+02 4.996457E-02
1.872500E+02 4.889446E-02
1.875000E+02 4.776145E-02
1.877500E+02 4.671996E-02
1.880000E+02 4.566366E-02
1.882500E+02 4.462178E-02
1.885000E+02 4.362413E-02
1.887500E+02 4.259291E-02
1.890000E+02 4.158329E-02
1.892500E+02 4.065036E-02
1.895000E+02 3.968098E-02
1.897500E+02 3.876005E-02
1.900000E+02 3.786658E-02
1.902500E+02 3.697248E-02
1.905000E+02 3.609921E-02
1.907500E+02 3.521427E-02
1.910000E+02 3.433710E-02
1.912500E+02 3.350816E-02
1.915000E+02 3.267451E-02
1.917500E+02 3.182818E-02
1.920000E+02 3.107590E-02
1.922500E+02 3.030905E-02
1.925000E+02 2.952835E-02
1.927500E+02 2.874404E-02
1.930000E+02 2.802709E-02
1.932500E+02 2.731263E-02
1.935000E+02 2.660820E-02
1.937500E+02 2.587252E-02
1.940000E+02 2.521935E-02
1.942500E+02 2.454117E-02
1.945000E+02 2.386924E-02
1.947500E+02 2.326026E-02
1.950000E+02 2.260708E-02
1.952500E+02 2.195268E-02
1.955000E+02 2.134545E-02
1.957500E+02 2.073843E-02
1.960000E+02 2.018784E-02
1.962500E+02 1.957579E-02
1.965000E+02 1.900818E-02
1.967500E+02 1.842569E-02
1.970000E+02 1.788635E-02
1.972500E+02 1.738351E-02
1.975000E+02 1.684023E-02
1.977500E+02 1.631780E-02
1.980000E+02 1.582774E-02
1.982500E+02 1.534100E-02
1.985000E+02 1.486386E-02
1.987500E+02 1.440263E-02
1.990000E+02 1.391095E-02
1.992500E+02 1.349103E-02
1.995000E+02 1.300164E-02
1.997500E+02 1.256424E-02
2.000000E+02 1.215486E-02
2.002500E+02 1.172024E-02
2.005000E+02 1.130792E-02
2.007500E+02 1.091583E-02
2.010000E+02 1.052770E-02
2.012500E+02 1.016048E-02
2.015000E+02 9.755793E-03
2.017500E+02 9.403042E-03
2.020000E+02 9.056674E-03
2.022500E+02 8.718806E-03
2.025000E+02 8.362087E-03
2.027500E+02 8.038485E-03
2.030000E+02 7.715597E-03
2.032500E+02 7.410854E-03
2.035000E+02 7.114700E-03
2.037500E+02 6.787497E-03
2.040000E+02 6.511570E-03
2.042500E+02 6.210570E-03
2.045000E+02 5.929052E-03
2.047500E+02 5.670256E-03
2.050000E+02 5.411330E-03
2.052500E+02 5.145378E-03
2.055000E+02 4.900472E-03
2.057500E+02 4.661730E-03
2.060000E+02 4.433138E-03
2.062500E+02 4.193049E-03
2.065000E+02 3.981517E-03
2.067500E+02 3.761810E-03
2.070000E+02 3.552579E-03
2.072500E+02 3.360378E-03
2.075000E+02 3.173651E-03
2.077500E+02 2.974147E-03
2.080000E+02 2.803891E-03
2.082500E+02 2.616234E-03
2.085000E+02 2.462301E-03
2.087500E+02 2.303775E-03
2.090000E+02 2.138046E-03
2.092500E+02 1.982129E-03
2.095000E+02 1.839145E-03
2.097500E+02 1.710108E-03
2.100000E+02 1.574692E-03
2.102500E+02 1.450051E-03
2.105000E+02 1.330968E-03
2.107500E+02 1.209296E-03
2.110000E+02 1.099953E-03
2.112500E+02 1.000479E-03
2.115000E+02 9.019756E-04
2.117500E+02 8.089968E-04
2.120000E+02 7.216348E-04
2.122500E+02 6.392395E-04
2.125000E+02 5.605076E-04
2.127500E+02 4.893820E-04
2.130000E+02 4.205380E-04
2.132500E+02 3.628216E-04
2.135000E+02 3.022658E-04
2.137500E+02 2.541998E-04
2.140000E+02 2.077665E-04
2.142500E+02 1.640167E-04
2.145000E+02 1.312293E-04
2.147500E+02 9.605006E-05
2.150000E+02 6.744779E-05
2.152500E+02 4.543544E-05
2.155000E+02 2.806287E-05
2.157500E+02 1.445458E-05
2.160000E+02 5.077866E-06
2.162500E+02 7.044336E-07
