2.500000E-01 0.000000E+00
5.000000E-01 0.000000E+00
7.500000E-01 0.000000E+00
1.000000E+00 0.000000E+00
1.250000E+00 0.000000E+00
1.500000E+00 0.000000E+00
1.750000E+00 0.000000E+00
2.000000E+00 0.000000E+00
2.250000E+00 0.000000E+00
2.500000E+00 0.000000E+00
2.750000E+00 0.000000E+00
3.000000E+00 0.000000E+00
3.250000E+00 0.000000E+00
3.500000E+00 4.531046E-03
3.750000E+00 5.240905E-01
4.000000E+00 4.752727E+00
4.250000E+00 1.174093E+01
4.500000E+00 1.449320E+01
4.750000E+00 1.298901E+01
5.000000E+00 1.023975E+01
5.250000E+00 7.765501E+00
5.500000E+00 5.952192E+00
5.750000E+00 4.724729E+00
6.000000E+00 3.945590E+00
6.250000E+00 3.485163E+00
6.500000E+00 3.087288E+00
6.750000E+00 2.691185E+00
7.000000E+00 2.318873E+00
7.250000E+00 2.020618E+00
7.500000E+00 1.792231E+00
7.750000E+00 1.637822E+00
8.000000E+00 1.547260E+00
8.250000E+00 1.495676E+00
8.500000E+00 1.462953E+00
8.750000E+00 1.430502E+00
9.000000E+00 1.385399E+00
9.250000E+00 1.325828E+00
9.500000E+00 1.273331E+00
9.750000E+00 1.234987E+00
1.000000E+01 1.193712E+00
1.025000E+01 1.162337E+00
1.050000E+01 1.142704E+00
1.075000E+01 1.123958E+00
1.100000E+01 1.107492E+00
1.125000E+01 1.092030E+00
1.150000E+01 1.081611E+00
1.175000E+01 1.071345E+00
1.200000E+01 1.059618E+00
1.225000E+01 1.051152E+00
1.250000E+01 1.046756E+00
1.275000E+01 1.047007E+00
1.300000E+01 1.043792E+00
1.325000E+01 1.037501E+00
1.350000E+01 1.036503E+00
1.375000E+01 1.029515E+00
1.400000E+01 1.029312E+00
1.425000E+01 1.029869E+00
1.450000E+01 1.024702E+00
1.475000E+01 1.025240E+00
1.500000E+01 1.022674E+00
1.525000E+01 1.019987E+00
1.550000E+01 1.020412E+00
1.575000E+01 1.020726E+00
1.600000E+01 1.021354E+00
1.625000E+01 1.018997E+00
1.650000E+01 1.018630E+00
1.675000E+01 1.016474E+00
1.700000E+01 1.016081E+00
1.725000E+01 1.016852E+00
1.750000E+01 1.017887E+00
1.775000E+01 1.015677E+00
1.800000E+01 1.013941E+00
1.825000E+01 1.012935E+00
1.850000E+01 1.014756E+00
1.875000E+01 1.014019E+00
1.900000E+01 1.014671E+00
1.925000E+01 1.013790E+00
1.950000E+01 1.012668E+00
1.975000E+01 1.012361E+00
2.000000E+01 1.011922E+00
2.025000E+01 1.013607E+00
2.050000E+01 1.014057E+00
2.075000E+01 1.013022E+00
2.100000E+01 1.012711E+00
2.125000E+01 1.009808E+00
2.150000E+01 1.010319E+00
2.175000E+01 1.009341E+00
2.200000E+01 1.011184E+00
2.225000E+01 1.011171E+00
2.250000E+01 1.011040E+00
2.275000E+01 1.011183E+00
2.300000E+01 1.010763E+00
2.325000E+01 1.009656E+00
2.350000E+01 1.010270E+00
2.375000E+01 1.010033E+00
2.400000E+01 1.010533E+00
2.425000E+01 1.008275E+00
2.450000E+01 1.010580E+00
2.475000E+01 1.011100E+00
2.500000E+01 1.008421E+00
2.525000E+01 1.008290E+00
2.550000E+01 1.010213E+00
2.575000E+01 1.008589E+00
2.600000E+01 1.009776E+00
2.625000E+01 1.009353E+00
2.650000E+01 1.010057E+00
2.675000E+01 1.008564E+00
2.700000E+01 1.008174E+00
2.725000E+01 1.009172E+00
2.750000E+01 1.008051E+00
2.775000E+01 1.009855E+00
2.800000E+01 1.008656E+00
2.825000E+01 1.009509E+00
2.850000E+01 1.008816E+00
2.875000E+01 1.009356E+00
2.900000E+01 1.009112E+00
2.925000E+01 1.007859E+00
2.950000E+01 1.008278E+00
2.975000E+01 1.008466E+00
3.000000E+01 1.008558E+00
3.025000E+01 1.008872E+00
3.050000E+01 1.007683E+00
3.075000E+01 1.007659E+00
3.100000E+01 1.007515E+00
3.125000E+01 1.007669E+00
3.150000E+01 1.007866E+00
3.175000E+01 1.008119E+00
3.200000E+01 1.007560E+00
3.225000E+01 1.007646E+00
3.250000E+01 1.007367E+00
3.275000E+01 1.008068E+00
3.300000E+01 1.008636E+00
3.325000E+01 1.007603E+00
3.350000E+01 1.008003E+00
3.375000E+01 1.007604E+00
3.400000E+01 1.006586E+00
3.425000E+01 1.007551E+00
3.450000E+01 1.007207E+00
3.475000E+01 1.006819E+00
3.500000E+01 1.007113E+00
3.525000E+01 1.006655E+00
3.550000E+01 1.005658E+00
3.575000E+01 1.007233E+00
3.600000E+01 1.006387E+00
3.625000E+01 1.005552E+00
3.650000E+01 1.006722E+00
3.675000E+01 1.006868E+00
3.700000E+01 1.007013E+00
3.725000E+01 1.007022E+00
3.750000E+01 1.005702E+00
3.775000E+01 1.005575E+00
3.800000E+01 1.006654E+00
3.825000E+01 1.005678E+00
3.850000E+01 1.006950E+00
3.875000E+01 1.006558E+00
3.900000E+01 1.006467E+00
3.925000E+01 1.006196E+00
3.950000E+01 1.005685E+00
3.975000E+01 1.006654E+00
4.000000E+01 1.006053E+00
4.025000E+01 1.005654E+00
4.050000E+01 1.007152E+00
4.075000E+01 1.005724E+00
4.100000E+01 1.005373E+00
4.125000E+01 1.006616E+00
4.150000E+01 1.005184E+00
4.175000E+01 1.006209E+00
4.200000E+01 1.004937E+00
4.225000E+01 1.006080E+00
4.250000E+01 1.005084E+00
4.275000E+01 1.005259E+00
4.300000E+01 1.005731E+00
4.325000E+01 1.006178E+00
4.350000E+01 1.005529E+00
4.375000E+01 1.004850E+00
4.400000E+01 1.005169E+00
4.425000E+01 1.004959E+00
4.450000E+01 1.005947E+00
4.475000E+01 1.005614E+00
4.500000E+01 1.005150E+00
4.525000E+01 1.004895E+00
4.550000E+01 1.006041E+00
4.575000E+01 1.005339E+00
4.600000E+01 1.003938E+00
4.625000E+01 1.005452E+00
4.650000E+01 1.005697E+00
4.675000E+01 1.004487E+00
4.700000E+01 1.004275E+00
4.725000E+01 1.004427E+00
4.750000E+01 1.005369E+00
4.775000E+01 1.004748E+00
4.800000E+01 1.004727E+00
4.825000E+01 1.005550E+00
4.850000E+01 1.005662E+00
4.875000E+01 1.004712E+00
4.900000E+01 1.004805E+00
4.925000E+01 1.005850E+00
4.950000E+01 1.004443E+00
4.975000E+01 1.004737E+00
5.000000E+01 1.004517E+00
5.025000E+01 1.005111E+00
5.050000E+01 1.005237E+00
5.075000E+01 1.004936E+00
5.100000E+01 1.003725E+00
5.125000E+01 1.004015E+00
5.150000E+01 1.003911E+00
5.175000E+01 1.003546E+00
5.200000E+01 1.003723E+00
5.225000E+01 1.004734E+00
5.250000E+01 1.004717E+00
5.275000E+01 1.004406E+00
5.300000E+01 1.004261E+00
5.325000E+01 1.004357E+00
5.350000E+01 1.004699E+00
5.375000E+01 1.003985E+00
5.400000E+01 1.004505E+00
5.425000E+01 1.004545E+00
5.450000E+01 1.004474E+00
5.475000E+01 1.004187E+00
5.500000E+01 1.003929E+00
5.525000E+01 1.003775E+00
5.550000E+01 1.003473E+00
5.575000E+01 1.004035E+00
5.600000E+01 1.003072E+00
5.625000E+01 1.003785E+00
5.650000E+01 1.003971E+00
5.675000E+01 1.003937E+00
5.700000E+01 1.003711E+00
5.725000E+01 1.003411E+00
5.750000E+01 1.003820E+00
5.775000E+01 1.003817E+00
5.800000E+01 1.003551E+00
5.825000E+01 1.003641E+00
5.850000E+01 1.003267E+00
5.875000E+01 1.003604E+00
5.900000E+01 1.003659E+00
5.925000E+01 1.004118E+00
5.950000E+01 1.003473E+00
5.975000E+01 1.004158E+00
6.000000E+01 1.003274E+00
6.025000E+01 1.004067E+00
6.050000E+01 1.003335E+00
6.075000E+01 1.003684E+00
6.100000E+01 1.003783E+00
6.125000E+01 1.003586E+00
6.150000E+01 1.003646E+00
6.175000E+01 1.004019E+00
6.200000E+01 1.003493E+00
6.225000E+01 1.003294E+00
6.250000E+01 1.003572E+00
6.275000E+01 1.003526E+00
6.300000E+01 1.003489E+00
6.325000E+01 1.003033E+00
6.350000E+01 1.003093E+00
6.375000E+01 1.003334E+00
6.400000E+01 1.003543E+00
6.425000E+01 1.004378E+00
6.450000E+01 1.002955E+00
6.475000E+01 1.003361E+00
6.500000E+01 1.003200E+00
6.525000E+01 1.003165E+00
6.550000E+01 1.003481E+00
6.575000E+01 1.003267E+00
6.600000E+01 1.003589E+00
6.625000E+01 1.003644E+00
6.650000E+01 1.004069E+00
6.675000E+01 1.003555E+00
6.700000E+01 1.002878E+00
6.725000E+01 1.003440E+00
6.750000E+01 1.003886E+00
6.775000E+01 1.002905E+00
6.800000E+01 1.003232E+00
6.825000E+01 1.003775E+00
6.850000E+01 1.003023E+00
6.875000E+01 1.003418E+00
6.900000E+01 1.003523E+00
6.925000E+01 1.003880E+00
6.950000E+01 1.002915E+00
6.975000E+01 1.003289E+00
7.000000E+01 1.003200E+00
7.025000E+01 1.003161E+00
7.050000E+01 1.003654E+00
7.075000E+01 1.003613E+00
7.100000E+01 1.002790E+00
7.125000E+01 1.003394E+00
7.150000E+01 1.003478E+00
7.175000E+01 1.002837E+00
7.200000E+01 1.003159E+00
7.225000E+01 1.002827E+00
7.250000E+01 1.002738E+00
7.275000E+01 1.003498E+00
7.300000E+01 1.002457E+00
7.325000E+01 1.003506E+00
7.350000E+01 1.002467E+00
7.375000E+01 1.002995E+00
7.400000E+01 1.002834E+00
7.425000E+01 1.002840E+00
7.450000E+01 1.002740E+00
7.475000E+01 1.003077E+00
7.500000E+01 1.003109E+00
7.525000E+01 1.002849E+00
7.550000E+01 1.003227E+00
7.575000E+01 1.003063E+00
7.600000E+01 1.003714E+00
7.625000E+01 1.003136E+00
7.650000E+01 1.003224E+00
7.675000E+01 1.003051E+00
7.700000E+01 1.002984E+00
7.725000E+01 1.003121E+00
7.750000E+01 1.002476E+00
7.775000E+01 1.003306E+00
7.800000E+01 1.002587E+00
7.825000E+01 1.003165E+00
7.850000E+01 1.002940E+00
7.875000E+01 1.003037E+00
7.900000E+01 1.002837E+00
7.925000E+01 1.002913E+00
7.950000E+01 1.002630E+00
7.975000E+01 1.003050E+00
8.000000E+01 1.003014E+00
8.025000E+01 1.002753E+00
8.050000E+01 1.002979E+00
8.075000E+01 1.002785E+00
8.100000E+01 1.002588E+00
8.125000E+01 1.002719E+00
8.150000E+01 1.002865E+00
8.175000E+01 1.002540E+00
8.200000E+01 1.002358E+00
8.225000E+01 1.002691E+00
8.250000E+01 1.003001E+00
8.275000E+01 1.002432E+00
8.300000E+01 1.002613E+00
8.325000E+01 1.002592E+00
8.350000E+01 1.002944E+00
8.375000E+01 1.002449E+00
8.400000E+01 1.002958E+00
8.425000E+01 1.002613E+00
8.450000E+01 1.002669E+00
8.475000E+01 1.002461E+00
8.500000E+01 1.002960E+00
8.525000E+01 1.002544E+00
8.550000E+01 1.002392E+00
8.575000E+01 1.003080E+00
8.600000E+01 1.002806E+00
8.625000E+01 1.002241E+00
8.650000E+01 1.002695E+00
8.675000E+01 1.002159E+00
8.700000E+01 1.002506E+00
8.725000E+01 1.002663E+00
8.750000E+01 1.002457E+00
8.775000E+01 1.002318E+00
8.800000E+01 1.002027E+00
8.825000E+01 1.002247E+00
8.850000E+01 1.002657E+00
8.875000E+01 1.002764E+00
8.900000E+01 1.002732E+00
8.925000E+01 1.002228E+00
8.950000E+01 1.002408E+00
8.975000E+01 1.002883E+00
9.000000E+01 1.002494E+00
9.025000E+01 1.002571E+00
9.050000E+01 1.002578E+00
9.075000E+01 1.002377E+00
9.100000E+01 1.002709E+00
9.125000E+01 1.001940E+00
9.150000E+01 1.002451E+00
9.175000E+01 1.002482E+00
9.200000E+01 1.002304E+00
9.225000E+01 1.002315E+00
9.250000E+01 1.002005E+00
9.275000E+01 1.002418E+00
9.300000E+01 1.002011E+00
9.325000E+01 1.002367E+00
9.350000E+01 1.002244E+00
9.375000E+01 1.002228E+00
9.400000E+01 1.002391E+00
9.425000E+01 1.002320E+00
9.450000E+01 1.002449E+00
9.475000E+01 1.002343E+00
9.500000E+01 1.002133E+00
9.525000E+01 1.001696E+00
9.550000E+01 1.002264E+00
9.575000E+01 1.002549E+00
9.600000E+01 1.002415E+00
9.625000E+01 1.001927E+00
9.650000E+01 1.002189E+00
9.675000E+01 1.002333E+00
9.700000E+01 1.002121E+00
9.725000E+01 1.002106E+00
9.750000E+01 1.002198E+00
9.775000E+01 1.002288E+00
9.800000E+01 1.002163E+00
9.825000E+01 1.001955E+00
9.850000E+01 1.002315E+00
9.875000E+01 1.002131E+00
9.900000E+01 1.001910E+00
9.925000E+01 1.001961E+00
9.950000E+01 1.002102E+00
9.975000E+01 1.001895E+00
1.000000E+02 1.002142E+00
1.002500E+02 1.002130E+00
1.005000E+02 1.002179E+00
1.007500E+02 1.001807E+00
1.010000E+02 1.001971E+00
1.012500E+02 1.001913E+00
1.015000E+02 1.002070E+00
1.017500E+02 1.001871E+00
1.020000E+02 1.002067E+00
1.022500E+02 1.002079E+00
1.025000E+02 1.002027E+00
1.027500E+02 1.001929E+00
1.030000E+02 1.001963E+00
1.032500E+02 1.002134E+00
1.035000E+02 1.001829E+00
1.037500E+02 1.001997E+00
1.040000E+02 1.002094E+00
1.042500E+02 1.002082E+00
1.045000E+02 1.002206E+00
1.047500E+02 1.002402E+00
1.050000E+02 1.002017E+00
1.052500E+02 1.002163E+00
1.055000E+02 1.001900E+00
1.057500E+02 1.002269E+00
1.060000E+02 1.002151E+00
1.062500E+02 1.001916E+00
1.065000E+02 1.002100E+00
1.067500E+02 1.001869E+00
1.070000E+02 1.002021E+00
1.072500E+02 1.001844E+00
1.075000E+02 1.001849E+00
1.077500E+02 1.001749E+00
1.080000E+02 1.002110E+00
1.082500E+02 1.001933E+00
1.085000E+02 1.002269E+00
1.087500E+02 1.002175E+00
1.090000E+02 1.002003E+00
1.092500E+02 1.001905E+00
1.095000E+02 1.001899E+00
1.097500E+02 1.002150E+00
1.100000E+02 1.002121E+00
1.102500E+02 1.001688E+00
1.105000E+02 1.001840E+00
1.107500E+02 1.002200E+00
1.110000E+02 1.001457E+00
1.112500E+02 1.002273E+00
1.115000E+02 1.001980E+00
1.117500E+02 1.001924E+00
1.120000E+02 1.002073E+00
1.122500E+02 1.001813E+00
1.125000E+02 1.001653E+00
1.127500E+02 1.001881E+00
1.130000E+02 1.002089E+00
1.132500E+02 1.001753E+00
1.135000E+02 1.001664E+00
1.137500E+02 1.001841E+00
1.140000E+02 1.002043E+00
1.142500E+02 1.001908E+00
1.145000E+02 1.001685E+00
1.147500E+02 1.001798E+00
1.150000E+02 1.001852E+00
1.152500E+02 1.001590E+00
1.155000E+02 1.001775E+00
1.157500E+02 1.001883E+00
1.160000E+02 1.001843E+00
1.162500E+02 1.001902E+00
1.165000E+02 1.001506E+00
1.167500E+02 1.001815E+00
1.170000E+02 1.001492E+00
1.172500E+02 1.001896E+00
1.175000E+02 1.001684E+00
1.177500E+02 1.001746E+00
1.180000E+02 1.001657E+00
1.182500E+02 1.001783E+00
1.185000E+02 1.001726E+00
1.187500E+02 1.001382E+00
1.190000E+02 1.001888E+00
1.192500E+02 1.001692E+00
1.195000E+02 1.001760E+00
1.197500E+02 1.001391E+00
1.200000E+02 1.001823E+00
1.202500E+02 1.001806E+00
1.205000E+02 1.001620E+00
1.207500E+02 1.001573E+00
1.210000E+02 1.001617E+00
1.212500E+02 1.001585E+00
1.215000E+02 1.001513E+00
1.217500E+02 1.001692E+00
1.220000E+02 1.001464E+00
1.222500E+02 1.001537E+00
1.225000E+02 1.001706E+00
1.227500E+02 1.001770E+00
1.230000E+02 1.001424E+00
1.232500E+02 1.001542E+00
1.235000E+02 1.001340E+00
1.237500E+02 1.001868E+00
1.240000E+02 1.001713E+00
1.242500E+02 1.001381E+00
1.245000E+02 1.001394E+00
1.247500E+02 1.001204E+00
1.250000E+02 9.985933E-01
1.252500E+02 9.922697E-01
1.255000E+02 9.867375E-01
1.257500E+02 9.810110E-01
1.260000E+02 9.746802E-01
1.262500E+02 9.688932E-01
1.265000E+02 9.629451E-01
1.267500E+02 9.571500E-01
1.270000E+02 9.511663E-01
1.272500E+02 9.456749E-01
1.275000E+02 9.396230E-01
1.277500E+02 9.339230E-01
1.280000E+02 9.280100E-01
1.282500E+02 9.225739E-01
1.285000E+02 9.168744E-01
1.287500E+02 9.112796E-01
1.290000E+02 9.054257E-01
1.292500E+02 8.998388E-01
1.295000E+02 8.940654E-01
1.297500E+02 8.885743E-01
1.300000E+02 8.829992E-01
1.302500E+02 8.775450E-01
1.305000E+02 8.721102E-01
1.307500E+02 8.667842E-01
1.310000E+02 8.610416E-01
1.312500E+02 8.554269E-01
1.315000E+02 8.501347E-01
1.317500E+02 8.449396E-01
1.320000E+02 8.393462E-01
1.322500E+02 8.339692E-01
1.325000E+02 8.284015E-01
1.327500E+02 8.234027E-01
1.330000E+02 8.177159E-01
1.332500E+02 8.125095E-01
1.335000E+02 8.074394E-01
1.337500E+02 8.022949E-01
1.340000E+02 7.968003E-01
1.342500E+02 7.915984E-01
1.345000E+02 7.863231E-01
1.347500E+02 7.812948E-01
1.350000E+02 7.760883E-01
1.352500E+02 7.711601E-01
1.355000E+02 7.660144E-01
1.357500E+02 7.607762E-01
1.360000E+02 7.555630E-01
1.362500E+02 7.506470E-01
1.365000E+02 7.454973E-01
1.367500E+02 7.408002E-01
1.370000E+02 7.355049E-01
1.372500E+02 7.307708E-01
1.375000E+02 7.255679E-01
1.377500E+02 7.208410E-01
1.380000E+02 7.158138E-01
1.382500E+02 7.108287E-01
1.385000E+02 7.060046E-01
1.387500E+02 7.012923E-01
1.390000E+02 6.960897E-01
1.392500E+02 6.914926E-01
1.395000E+02 6.864929E-01
1.397500E+02 6.818688E-01
1.400000E+02 6.770077E-01
1.402500E+02 6.720180E-01
1.405000E+02 6.674109E-01
1.407500E+02 6.627075E-01
1.410000E+02 6.582586E-01
1.412500E+02 6.533046E-01
1.415000E+02 6.483998E-01
1.417500E+02 6.437596E-01
1.420000E+02 6.393640E-01
1.422500E+02 6.346131E-01
1.425000E+02 6.301289E-01
1.427500E+02 6.252919E-01
1.430000E+02 6.206399E-01
1.432500E+02 6.161497E-01
1.435000E+02 6.119199E-01
1.437500E+02 6.070607E-01
1.440000E+02 6.024412E-01
1.442500E+02 5.979330E-01
1.445000E+02 5.935601E-01
1.447500E+02 5.892904E-01
1.450000E+02 5.846892E-01
1.452500E+02 5.801261E-01
1.455000E+02 5.757903E-01
1.457500E+02 5.714236E-01
1.460000E+02 5.670893E-01
1.462500E+02 5.627275E-01
1.465000E+02 5.581140E-01
1.467500E+02 5.537384E-01
1.470000E+02 5.494628E-01
1.472500E+02 5.450919E-01
1.475000E+02 5.408757E-01
1.477500E+02 5.363584E-01
1.480000E+02 5.321039E-01
1.482500E+02 5.280549E-01
1.485000E+02 5.238603E-01
1.487500E+02 5.194681E-01
1.490000E+02 5.153667E-01
1.492500E+02 5.108545E-01
1.495000E+02 5.067926E-01
1.497500E+02 5.026927E-01
1.500000E+02 4.986173E-01
1.502500E+02 4.942949E-01
1.505000E+02 4.901107E-01
1.507500E+02 4.859495E-01
1.510000E+02 4.818395E-01
1.512500E+02 4.776563E-01
1.515000E+02 4.735239E-01
1.517500E+02 4.696879E-01
1.520000E+02 4.654300E-01
1.522500E+02 4.615236E-01
1.525000E+02 4.576039E-01
1.527500E+02 4.535146E-01
1.530000E+02 4.495642E-01
1.532500E+02 4.455187E-01
1.535000E+02 4.414913E-01
1.537500E+02 4.374792E-01
1.540000E+02 4.336159E-01
1.542500E+02 4.296605E-01
1.545000E+02 4.256213E-01
1.547500E+02 4.216635E-01
1.550000E+02 4.177238E-01
1.552500E+02 4.139090E-01
1.555000E+02 4.101315E-01
1.557500E+02 4.061836E-01
1.560000E+02 4.022678E-01
1.562500E+02 3.984797E-01
1.565000E+02 3.947745E-01
1.567500E+02 3.908072E-01
1.570000E+02 3.869239E-01
1.572500E+02 3.833189E-01
1.575000E+02 3.794966E-01
1.577500E+02 3.756421E-01
1.580000E+02 3.717644E-01
1.582500E+02 3.683216E-01
1.585000E+02 3.643896E-01
1.587500E+02 3.606945E-01
1.590000E+02 3.570693E-01
1.592500E+02 3.533436E-01
1.595000E+02 3.496193E-01
1.597500E+02 3.459646E-01
1.600000E+02 3.422105E-01
1.602500E+02 3.385875E-01
1.605000E+02 3.349991E-01
1.607500E+02 3.312068E-01
1.610000E+02 3.278144E-01
1.612500E+02 3.242158E-01
1.615000E+02 3.205128E-01
1.617500E+02 3.169548E-01
1.620000E+02 3.132918E-01
1.622500E+02 3.097370E-01
1.625000E+02 3.062659E-01
1.627500E+02 3.026801E-01
1.630000E+02 2.991043E-01
1.632500E+02 2.954914E-01
1.635000E+02 2.921571E-01
1.637500E+02 2.886951E-01
1.640000E+02 2.851463E-01
1.642500E+02 2.816413E-01
1.645000E+02 2.781890E-01
1.647500E+02 2.747151E-01
1.650000E+02 2.712945E-01
1.652500E+02 2.679328E-01
1.655000E+02 2.644699E-01
1.657500E+02 2.609141E-01
1.660000E+02 2.574695E-01
1.662500E+02 2.542161E-01
1.665000E+02 2.507362E-01
1.667500E+02 2.473833E-01
1.670000E+02 2.439328E-01
1.672500E+02 2.407167E-01
1.675000E+02 2.373796E-01
1.677500E+02 2.340349E-01
1.680000E+02 2.307637E-01
1.682500E+02 2.273287E-01
1.685000E+02 2.240633E-01
1.687500E+02 2.208241E-01
1.690000E+02 2.175082E-01
1.692500E+02 2.141422E-01
1.695000E+02 2.109007E-01
1.697500E+02 2.076451E-01
1.700000E+02 2.043604E-01
1.702500E+02 2.010905E-01
1.705000E+02 1.980063E-01
1.707500E+02 1.947947E-01
1.710000E+02 1.914556E-01
1.712500E+02 1.883585E-01
1.715000E+02 1.852218E-01
1.717500E+02 1.820272E-01
1.720000E+02 1.788985E-01
1.722500E+02 1.757457E-01
1.725000E+02 1.724907E-01
1.727500E+02 1.693003E-01
1.730000E+02 1.662266E-01
1.732500E+02 1.631282E-01
1.735000E+02 1.600185E-01
1.737500E+02 1.569500E-01
1.740000E+02 1.538026E-01
1.742500E+02 1.506197E-01
1.745000E+02 1.475759E-01
1.747500E+02 1.446122E-01
1.750000E+02 1.414177E-01
1.752500E+02 1.383451E-01
1.755000E+02 1.353511E-01
1.757500E+02 1.323235E-01
1.760000E+02 1.293259E-01
1.762500E+02 1.262778E-01
1.765000E+02 1.232692E-01
1.767500E+02 1.202367E-01
1.770000E+02 1.175558E-01
1.772500E+02 1.150066E-01
1.775000E+02 1.124867E-01
1.777500E+02 1.100162E-01
1.780000E+02 1.077590E-01
1.782500E+02 1.054320E-01
1.785000E+02 1.032336E-01
1.787500E+02 1.010941E-01
1.790000E+02 9.900402E-02
1.792500E+02 9.696157E-02
1.795000E+02 9.494188E-02
1.797500E+02 9.300432E-02
1.800000E+02 9.110241E-02
1.802500E+02 8.913498E-02
1.805000E+02 8.732745E-02
1.807500E+02 8.552654E-02
1.810000E+02 8.373370E-02
1.812500E+02 8.202722E-02
1.815000E+02 8.030674E-02
1.817500E+02 7.867996E-02
1.820000E+02 7.702330E-02
1.822500E+02 7.540267E-02
1.825000E+02 7.383207E-02
1.827500E+02 7.232484E-02
1.830000E+02 7.080657E-02
1.832500E+02 6.933038E-02
1.835000E+02 6.786366E-02
1.837500E+02 6.644432E-02
1.840000E+02 6.504851E-02
1.842500E+02 6.368688E-02
1.845000E+02 6.232558E-02
1.847500E+02 6.097933E-02
1.850000E+02 5.969981E-02
1.852500E+02 5.836939E-02
1.855000E+02 5.712512E-02
1.857500E+02 5.585898E-02
1.860000E+02 5.466652E-02
1.862500E+02 5.349439E-02
1.865000E+02 5.232849E-02
1.867500E+02 5.115491E-02
1.870000E+02 5.000837E-02
1.872500E+02 4.891781E-02
1.875000E+02 4.780076E-02
1.877500E+02 4.677229E-02
1.880000E+02 4.567477E-02
1.882500E+02 4.464428E-02
1.885000E+02 4.364007E-02
1.887500E+02 4.264049E-02
1.890000E+02 4.160387E-02
1.892500E+02 4.070521E-02
1.895000E+02 3.978456E-02
1.897500E+02 3.881048E-02
1.900000E+02 3.786177E-02
1.902500E+02 3.698782E-02
1.905000E+02 3.608651E-02
1.907500E+02 3.522083E-02
1.910000E+02 3.439400E-02
1.912500E+02 3.351581E-02
1.915000E+02 3.271055E-02
1.917500E+02 3.194020E-02
1.920000E+02 3.108871E-02
1.922500E+02 3.032615E-02
1.925000E+02 2.955007E-02
1.927500E+02 2.879733E-02
1.930000E+02 2.804338E-02
1.932500E+02 2.733250E-02
1.935000E+02 2.660536E-02
1.937500E+02 2.595901E-02
1.940000E+02 2.523032E-02
1.942500E+02 2.455121E-02
1.945000E+02 2.386151E-02
1.947500E+02 2.323857E-02
1.950000E+02 2.260435E-02
1.952500E+02 2.198001E-02
1.955000E+02 2.135774E-02
1.957500E+02 2.078041E-02
1.960000E+02 2.018333E-02
1.962500E+02 1.959476E-02
1.965000E+02 1.902154E-02
1.967500E+02 1.844533E-02
1.970000E+02 1.791973E-02
1.972500E+02 1.739300E-02
1.975000E+02 1.687672E-02
1.977500E+02 1.631983E-02
1.980000E+02 1.582343E-02
1.982500E+02 1.533469E-02
1.985000E+02 1.487020E-02
1.987500E+02 1.438482E-02
1.990000E+02 1.390689E-02
1.992500E+02 1.346906E-02
1.995000E+02 1.301148E-02
1.997500E+02 1.256407E-02
2.000000E+02 1.215868E-02
2.002500E+02 1.171161E-02
2.005000E+02 1.133176E-02
2.007500E+02 1.093289E-02
2.010000E+02 1.053596E-02
2.012500E+02 1.013544E-02
2.015000E+02 9.775120E-03
2.017500E+02 9.411279E-03
2.020000E+02 9.042142E-03
2.022500E+02 8.725348E-03
2.025000E+02 8.362670E-03
2.027500E+02 8.039462E-03
2.030000E+02 7.717820E-03
2.032500E+02 7.395037E-03
2.035000E+02 7.088450E-03
2.037500E+02 6.784649E-03
2.040000E+02 6.505021E-03
2.042500E+02 6.209521E-03
2.045000E+02 5.942011E-03
2.047500E+02 5.672538E-03
2.050000E+02 5.419834E-03
2.052500E+02 5.139208E-03
2.055000E+02 4.913498E-03
2.057500E+02 4.654108E-03
2.060000E+02 4.418953E-03
2.062500E+02 4.198257E-03
2.065000E+02 3.986321E-03
2.067500E+02 3.767881E-03
2.070000E+02 3.557908E-03
2.072500E+02 3.350933E-03
2.075000E+02 3.162311E-03
2.077500E+02 2.968742E-03
2.080000E+02 2.812434E-03
2.082500E+02 2.626577E-03
2.085000E+02 2.451890E-03
2.087500E+02 2.292322E-03
2.090000E+02 2.145184E-03
2.092500E+02 1.989251E-03
2.095000E+02 1.844039E-03
2.097500E+02 1.714745E-03
2.100000E+02 1.565667E-03
2.102500E+02 1.443385E-03
2.105000E+02 1.324083E-03
2.107500E+02 1.219689E-03
2.110000E+02 1.103227E-03
2.112500E+02 9.968082E-04
2.115000E+02 9.013804E-04
2.117500E+02 8.063499E-04
2.120000E+02 7.240947E-04
2.122500E+02 6.394900E-04
2.125000E+02 5.662238E-04
2.127500E+02 4.931107E-04
2.130000E+02 4.225372E-04
2.132500E+02 3.650643E-04
2.135000E+02 3.049882E-04
2.137500E+02 2.530837E-04
2.140000E+02 2.068501E-04
2.142500E+02 1.655601E-04
2.145000E+02 1.301505E-04
2.147500E+02 9.599135E-05
2.150000E+02 6.926358E-05
2.152500E+02 4.695483E-05
2.155000E+02 2.838353E-05
2.157500E+02 1.458061E-05
2.160000E+02 5.358358E-06
2.162500E+02 9.746273E-07
