2.500000E-01 0.000000E+00
5.000000E-01 0.000000E+00
7.500000E-01 0.000000E+00
1.000000E+00 0.000000E+00
1.250000E+00 0.000000E+00
1.500000E+00 0.000000E+00
1.750000E+00 0.000000E+00
2.000000E+00 0.000000E+00
2.250000E+00 0.000000E+00
2.500000E+00 0.000000E+00
2.750000E+00 0.000000E+00
3.000000E+00 0.000000E+00
3.250000E+00 4.258689E-05
3.500000E+00 2.851334E-02
3.750000E+00 2.368841E+00
4.000000E+00 1.771879E+01
4.250000E+00 3.569129E+01
4.500000E+00 3.639104E+01
4.750000E+00 2.750857E+01
5.000000E+00 1.880451E+01
5.250000E+00 1.275752E+01
5.500000E+00 9.060854E+00
5.750000E+00 6.982242E+00
6.000000E+00 5.924682E+00
6.250000E+00 5.345827E+00
6.500000E+00 4.861701E+00
6.750000E+00 4.256579E+00
7.000000E+00 3.670785E+00
7.250000E+00 3.204018E+00
7.500000E+00 2.944800E+00
7.750000E+00 2.945133E+00
8.000000E+00 3.247635E+00
8.250000E+00 3.727454E+00
8.500000E+00 4.093835E+00
8.750000E+00 4.100192E+00
9.000000E+00 3.808766E+00
9.250000E+00 3.376225E+00
9.500000E+00 2.949733E+00
9.750000E+00 2.609095E+00
1.000000E+01 2.352031E+00
1.025000E+01 2.159499E+00
1.050000E+01 2.005795E+00
1.075000E+01 1.878541E+00
1.100000E+01 1.762750E+00
1.125000E+01 1.670339E+00
1.150000E+01 1.601071E+00
1.175000E+01 1.561762E+00
1.200000E+01 1.540820E+00
1.225000E+01 1.544558E+00
1.250000E+01 1.556023E+00
1.275000E+01 1.556052E+00
1.300000E+01 1.540804E+00
1.325000E+01 1.506906E+00
1.350000E+01 1.463217E+00
1.375000E+01 1.411543E+00
1.400000E+01 1.364959E+00
1.425000E+01 1.322293E+00
1.450000E+01 1.285790E+00
1.475000E+01 1.256040E+00
1.500000E+01 1.226621E+00
1.525000E+01 1.205220E+00
1.550000E+01 1.187059E+00
1.575000E+01 1.173119E+00
1.600000E+01 1.162488E+00
1.625000E+01 1.154804E+00
1.650000E+01 1.149137E+00
1.675000E+01 1.144026E+00
1.700000E+01 1.139562E+00
1.725000E+01 1.133264E+00
1.750000E+01 1.124075E+00
1.775000E+01 1.115593E+00
1.800000E+01 1.106564E+00
1.825000E+01 1.096870E+00
1.850000E+01 1.088175E+00
1.875000E+01 1.081689E+00
1.900000E+01 1.074828E+00
1.925000E+01 1.067738E+00
1.950000E+01 1.062579E+00
1.975000E+01 1.058195E+00
2.000000E+01 1.054871E+00
2.025000E+01 1.051678E+00
2.050000E+01 1.049512E+00
2.075000E+01 1.047912E+00
2.100000E+01 1.045475E+00
2.125000E+01 1.042282E+00
2.150000E+01 1.040704E+00
2.175000E+01 1.038525E+00
2.200000E+01 1.036217E+00
2.225000E+01 1.033946E+00
2.250000E+01 1.032377E+00
2.275000E+01 1.029553E+00
2.300000E+01 1.029055E+00
2.325000E+01 1.026670E+00
2.350000E+01 1.024419E+00
2.375000E+01 1.023687E+00
2.400000E+01 1.021635E+00
2.425000E+01 1.020847E+00
2.450000E+01 1.020031E+00
2.475000E+01 1.019632E+00
2.500000E+01 1.018426E+00
2.525000E+01 1.017223E+00
2.550000E+01 1.018051E+00
2.575000E+01 1.016219E+00
2.600000E+01 1.015069E+00
2.625000E+01 1.014975E+00
2.650000E+01 1.015373E+00
2.675000E+01 1.013611E+00
2.700000E+01 1.013472E+00
2.725000E+01 1.013094E+00
2.750000E+01 1.011997E+00
2.775000E+01 1.011951E+00
2.800000E+01 1.011200E+00
2.825000E+01 1.011054E+00
2.850000E+01 1.011098E+00
2.875000E+01 1.009794E+00
2.900000E+01 1.009963E+00
2.925000E+01 1.009223E+00
2.950000E+01 1.009900E+00
2.975000E+01 1.009673E+00
3.000000E+01 1.008450E+00
3.025000E+01 1.009031E+00
3.050000E+01 1.008740E+00
3.075000E+01 1.008676E+00
3.100000E+01 1.008538E+00
3.125000E+01 1.008030E+00
3.150000E+01 1.008324E+00
3.175000E+01 1.007255E+00
3.200000E+01 1.007422E+00
3.225000E+01 1.007602E+00
3.250000E+01 1.006829E+00
3.275000E+01 1.007221E+00
3.300000E+01 1.006448E+00
3.325000E+01 1.006335E+00
3.350000E+01 1.006247E+00
3.375000E+01 1.006795E+00
3.400000E+01 1.005950E+00
3.425000E+01 1.006059E+00
3.450000E+01 1.006595E+00
3.475000E+01 1.006294E+00
3.500000E+01 1.005116E+00
3.525000E+01 1.005579E+00
3.550000E+01 1.006422E+00
3.575000E+01 1.006203E+00
3.600000E+01 1.005486E+00
3.625000E+01 1.005442E+00
3.650000E+01 1.004889E+00
3.675000E+01 1.005634E+00
3.700000E+01 1.005767E+00
3.725000E+01 1.005318E+00
3.750000E+01 1.005294E+00
3.775000E+01 1.004980E+00
3.800000E+01 1.004867E+00
3.825000E+01 1.005333E+00
3.850000E+01 1.004677E+00
3.875000E+01 1.004050E+00
3.900000E+01 1.004965E+00
3.925000E+01 1.004666E+00
3.950000E+01 1.004419E+00
3.975000E+01 1.004119E+00
4.000000E+01 1.004605E+00
4.025000E+01 1.004210E+00
4.050000E+01 1.003732E+00
4.075000E+01 1.004307E+00
4.100000E+01 1.004117E+00
4.125000E+01 1.004125E+00
4.150000E+01 1.003933E+00
4.175000E+01 1.003917E+00
4.200000E+01 1.004341E+00
4.225000E+01 1.004083E+00
4.250000E+01 1.004012E+00
4.275000E+01 1.004247E+00
4.300000E+01 1.004078E+00
4.325000E+01 1.003693E+00
4.350000E+01 1.004043E+00
4.375000E+01 1.004185E+00
4.400000E+01 1.003843E+00
4.425000E+01 1.003871E+00
4.450000E+01 1.003976E+00
4.475000E+01 1.003989E+00
4.500000E+01 1.003385E+00
4.525000E+01 1.003988E+00
4.550000E+01 1.003551E+00
4.575000E+01 1.003210E+00
4.600000E+01 1.003208E+00
4.625000E+01 1.003525E+00
4.650000E+01 1.003404E+00
4.675000E+01 1.003605E+00
4.700000E+01 1.003083E+00
4.725000E+01 1.003387E+00
4.750000E+01 1.003496E+00
4.775000E+01 1.003419E+00
4.800000E+01 1.003421E+00
4.825000E+01 1.003511E+00
4.850000E+01 1.003840E+00
4.875000E+01 1.003204E+00
4.900000E+01 1.002853E+00
4.925000E+01 1.003044E+00
4.950000E+01 1.003128E+00
4.975000E+01 1.003256E+00
5.000000E+01 1.003009E+00
5.025000E+01 1.002744E+00
5.050000E+01 1.003291E+00
5.075000E+01 1.003080E+00
5.100000E+01 1.002811E+00
5.125000E+01 1.002794E+00
5.150000E+01 1.003015E+00
5.175000E+01 1.002944E+00
5.200000E+01 1.002884E+00
5.225000E+01 1.003048E+00
5.250000E+01 1.003076E+00
5.275000E+01 1.002669E+00
5.300000E+01 1.002799E+00
5.325000E+01 1.002963E+00
5.350000E+01 1.002722E+00
5.375000E+01 1.002730E+00
5.400000E+01 1.002939E+00
5.425000E+01 1.002845E+00
5.450000E+01 1.002612E+00
5.475000E+01 1.002304E+00
5.500000E+01 1.002778E+00
5.525000E+01 1.002980E+00
5.550000E+01 1.002389E+00
5.575000E+01 1.002292E+00
5.600000E+01 1.002560E+00
5.625000E+01 1.002657E+00
5.650000E+01 1.002355E+00
5.675000E+01 1.002603E+00
5.700000E+01 1.002315E+00
5.725000E+01 1.002546E+00
5.750000E+01 1.002481E+00
5.775000E+01 1.002028E+00
5.800000E+01 1.002446E+00
5.825000E+01 1.002541E+00
5.850000E+01 1.002402E+00
5.875000E+01 1.002339E+00
5.900000E+01 1.002166E+00
5.925000E+01 1.002516E+00
5.950000E+01 1.002233E+00
5.975000E+01 1.002067E+00
6.000000E+01 1.002207E+00
6.025000E+01 1.002115E+00
6.050000E+01 1.002070E+00
6.075000E+01 1.002539E+00
6.100000E+01 1.002058E+00
6.125000E+01 1.001778E+00
6.150000E+01 1.002015E+00
6.175000E+01 1.002052E+00
6.200000E+01 1.001863E+00
6.225000E+01 1.002313E+00
6.250000E+01 1.002014E+00
6.275000E+01 1.001850E+00
6.300000E+01 1.001903E+00
6.325000E+01 1.001732E+00
6.350000E+01 1.001968E+00
6.375000E+01 1.001909E+00
6.400000E+01 1.001856E+00
6.425000E+01 1.001547E+00
6.450000E+01 1.002279E+00
6.475000E+01 1.001971E+00
6.500000E+01 1.001826E+00
6.525000E+01 1.001776E+00
6.550000E+01 1.002013E+00
6.575000E+01 1.001887E+00
6.600000E+01 1.001395E+00
6.625000E+01 1.001970E+00
6.650000E+01 1.001552E+00
6.675000E+01 1.001836E+00
6.700000E+01 1.001629E+00
6.725000E+01 1.001723E+00
6.750000E+01 1.001676E+00
6.775000E+01 1.001824E+00
6.800000E+01 1.001834E+00
6.825000E+01 1.001605E+00
6.850000E+01 1.001940E+00
6.875000E+01 1.001734E+00
6.900000E+01 1.001672E+00
6.925000E+01 1.001751E+00
6.950000E+01 1.001994E+00
6.975000E+01 1.001537E+00
7.000000E+01 1.001523E+00
7.025000E+01 1.001655E+00
7.050000E+01 1.001631E+00
7.075000E+01 1.001395E+00
7.100000E+01 1.001491E+00
7.125000E+01 1.001335E+00
7.150000E+01 1.001437E+00
7.175000E+01 1.001718E+00
7.200000E+01 1.001360E+00
7.225000E+01 1.001576E+00
7.250000E+01 1.001338E+00
7.275000E+01 1.001393E+00
7.300000E+01 1.001371E+00
7.325000E+01 1.001407E+00
7.350000E+01 1.001388E+00
7.375000E+01 1.001432E+00
7.400000E+01 1.001442E+00
7.425000E+01 1.001267E+00
7.450000E+01 1.001428E+00
7.475000E+01 1.001118E+00
7.500000E+01 1.001373E+00
7.525000E+01 1.001374E+00
7.550000E+01 1.001535E+00
7.575000E+01 1.001257E+00
7.600000E+01 1.001248E+00
7.625000E+01 1.001414E+00
7.650000E+01 1.001324E+00
7.675000E+01 1.001359E+00
7.700000E+01 1.001354E+00
7.725000E+01 1.001210E+00
7.750000E+01 1.001214E+00
7.775000E+01 1.001250E+00
7.800000E+01 1.001212E+00
7.825000E+01 1.001091E+00
7.850000E+01 1.001548E+00
7.875000E+01 1.001112E+00
7.900000E+01 1.001191E+00
7.925000E+01 1.001359E+00
7.950000E+01 1.001106E+00
7.975000E+01 1.001218E+00
8.000000E+01 1.001147E+00
8.025000E+01 1.001143E+00
8.050000E+01 1.001185E+00
8.075000E+01 1.001126E+00
8.100000E+01 1.001223E+00
8.125000E+01 1.000903E+00
8.150000E+01 1.000859E+00
8.175000E+01 1.001334E+00
8.200000E+01 1.001427E+00
8.225000E+01 1.001149E+00
8.250000E+01 1.001197E+00
8.275000E+01 1.001246E+00
8.300000E+01 1.001024E+00
8.325000E+01 1.001361E+00
8.350000E+01 1.001108E+00
8.375000E+01 1.001162E+00
8.400000E+01 1.001206E+00
8.425000E+01 1.001154E+00
8.450000E+01 1.001054E+00
8.475000E+01 1.000965E+00
8.500000E+01 1.001087E+00
8.525000E+01 1.001046E+00
8.550000E+01 1.000971E+00
8.575000E+01 1.000993E+00
8.600000E+01 1.001087E+00
8.625000E+01 1.001024E+00
8.650000E+01 1.000897E+00
8.675000E+01 1.001148E+00
8.700000E+01 1.000952E+00
8.725000E+01 1.001007E+00
8.750000E+01 1.001060E+00
8.775000E+01 1.000834E+00
8.800000E+01 1.000813E+00
8.825000E+01 1.000734E+00
8.850000E+01 1.000922E+00
8.875000E+01 1.000933E+00
8.900000E+01 1.000826E+00
8.925000E+01 1.000904E+00
8.950000E+01 1.001009E+00
8.975000E+01 1.000804E+00
9.000000E+01 1.000832E+00
9.025000E+01 1.000910E+00
9.050000E+01 1.000883E+00
9.075000E+01 1.000613E+00
9.100000E+01 1.000942E+00
9.125000E+01 1.000644E+00
9.150000E+01 1.000784E+00
9.175000E+01 1.000785E+00
9.200000E+01 1.000959E+00
9.225000E+01 1.000859E+00
9.250000E+01 1.000782E+00
9.275000E+01 1.000758E+00
9.300000E+01 1.000675E+00
9.325000E+01 1.000857E+00
9.350000E+01 1.000765E+00
9.375000E+01 1.000763E+00
9.400000E+01 1.000901E+00
9.425000E+01 1.000731E+00
9.450000E+01 1.000795E+00
9.475000E+01 1.000965E+00
9.500000E+01 1.000704E+00
9.525000E+01 1.000848E+00
9.550000E+01 1.000654E+00
9.575000E+01 1.000861E+00
9.600000E+01 1.000823E+00
9.625000E+01 1.000853E+00
9.650000E+01 1.000821E+00
9.675000E+01 1.000662E+00
9.700000E+01 1.000800E+00
9.725000E+01 1.000748E+00
9.750000E+01 1.000540E+00
9.775000E+01 1.000595E+00
9.800000E+01 1.000815E+00
9.825000E+01 1.000840E+00
9.850000E+01 1.000652E+00
9.875000E+01 1.000745E+00
9.900000E+01 1.000744E+00
9.925000E+01 1.000556E+00
9.950000E+01 1.000728E+00
9.975000E+01 1.000667E+00
1.000000E+02 1.000611E+00
1.002500E+02 1.000681E+00
1.005000E+02 1.000649E+00
1.007500E+02 1.000733E+00
1.010000E+02 1.000666E+00
1.012500E+02 1.000669E+00
1.015000E+02 1.000679E+00
1.017500E+02 1.000560E+00
1.020000E+02 1.000497E+00
1.022500E+02 1.000591E+00
1.025000E+02 1.000591E+00
1.027500E+02 1.000419E+00
1.030000E+02 1.000475E+00
1.032500E+02 1.000742E+00
1.035000E+02 1.000553E+00
1.037500E+02 1.000595E+00
1.040000E+02 1.000630E+00
1.042500E+02 1.000729E+00
1.045000E+02 1.000577E+00
1.047500E+02 1.000728E+00
1.050000E+02 1.000452E+00
1.052500E+02 1.000770E+00
1.055000E+02 1.000550E+00
1.057500E+02 1.000543E+00
1.060000E+02 1.000582E+00
1.062500E+02 1.000467E+00
1.065000E+02 1.000656E+00
1.067500E+02 1.000474E+00
1.070000E+02 1.000530E+00
1.072500E+02 1.000615E+00
1.075000E+02 1.000385E+00
1.077500E+02 1.000548E+00
1.080000E+02 1.000575E+00
1.082500E+02 1.000533E+00
1.085000E+02 1.000581E+00
1.087500E+02 1.000648E+00
1.090000E+02 1.000598E+00
1.092500E+02 1.000638E+00
1.095000E+02 1.000667E+00
1.097500E+02 1.000510E+00
1.100000E+02 1.000258E+00
1.102500E+02 1.000494E+00
1.105000E+02 1.000680E+00
1.107500E+02 1.000443E+00
1.110000E+02 1.000612E+00
1.112500E+02 1.000598E+00
1.115000E+02 1.000715E+00
1.117500E+02 1.000479E+00
1.120000E+02 1.000539E+00
1.122500E+02 1.000485E+00
1.125000E+02 1.000535E+00
1.127500E+02 1.000714E+00
1.130000E+02 1.000501E+00
1.132500E+02 1.000388E+00
1.135000E+02 1.000503E+00
1.137500E+02 1.000456E+00
1.140000E+02 1.000624E+00
1.142500E+02 1.000375E+00
1.145000E+02 1.000431E+00
1.147500E+02 1.000519E+00
1.150000E+02 1.000479E+00
1.152500E+02 1.000694E+00
1.155000E+02 1.000414E+00
1.157500E+02 1.000522E+00
1.160000E+02 1.000346E+00
1.162500E+02 1.000540E+00
1.165000E+02 1.000386E+00
1.167500E+02 1.000321E+00
1.170000E+02 1.000515E+00
1.172500E+02 1.000662E+00
1.175000E+02 1.000605E+00
1.177500E+02 1.000171E+00
1.180000E+02 1.000499E+00
1.182500E+02 1.000491E+00
1.185000E+02 1.000487E+00
1.187500E+02 1.000443E+00
1.190000E+02 1.000386E+00
1.192500E+02 1.000384E+00
1.195000E+02 1.000409E+00
1.197500E+02 1.000387E+00
1.200000E+02 1.000561E+00
1.202500E+02 1.000312E+00
1.205000E+02 1.000314E+00
1.207500E+02 1.000420E+00
1.210000E+02 1.000351E+00
1.212500E+02 1.000439E+00
1.215000E+02 1.000406E+00
1.217500E+02 1.000371E+00
1.220000E+02 1.000444E+00
1.222500E+02 1.000320E+00
1.225000E+02 1.000481E+00
1.227500E+02 1.000417E+00
1.230000E+02 1.000389E+00
1.232500E+02 1.000289E+00
1.235000E+02 1.000297E+00
1.237500E+02 1.000327E+00
1.240000E+02 1.000220E+00
1.242500E+02 1.000347E+00
1.245000E+02 1.000297E+00
1.247500E+02 1.000372E+00
1.250000E+02 9.973112E-01
1.252500E+02 9.913620E-01
1.255000E+02 9.854116E-01
1.257500E+02 9.794615E-01
1.260000E+02 9.735453E-01
1.262500E+02 9.675752E-01
1.265000E+02 9.617470E-01
1.267500E+02 9.560909E-01
1.270000E+02 9.502913E-01
1.272500E+02 9.442296E-01
1.275000E+02 9.384902E-01
1.277500E+02 9.328017E-01
1.280000E+02 9.271420E-01
1.282500E+02 9.213435E-01
1.285000E+02 9.157968E-01
1.287500E+02 9.099170E-01
1.290000E+02 9.043930E-01
1.292500E+02 8.988985E-01
1.295000E+02 8.931456E-01
1.297500E+02 8.874879E-01
1.300000E+02 8.820227E-01
1.302500E+02 8.766257E-01
1.305000E+02 8.709959E-01
1.307500E+02 8.654555E-01
1.310000E+02 8.600579E-01
1.312500E+02 8.546320E-01
1.315000E+02 8.492326E-01
1.317500E+02 8.437344E-01
1.320000E+02 8.383823E-01
1.322500E+02 8.330606E-01
1.325000E+02 8.276497E-01
1.327500E+02 8.223036E-01
1.330000E+02 8.169882E-01
1.332500E+02 8.117000E-01
1.335000E+02 8.064189E-01
1.337500E+02 8.012259E-01
1.340000E+02 7.960799E-01
1.342500E+02 7.908946E-01
1.345000E+02 7.856366E-01
1.347500E+02 7.805796E-01
1.350000E+02 7.751872E-01
1.352500E+02 7.702493E-01
1.355000E+02 7.650028E-01
1.357500E+02 7.599483E-01
1.360000E+02 7.548812E-01
1.362500E+02 7.498083E-01
1.365000E+02 7.447885E-01
1.367500E+02 7.398747E-01
1.370000E+02 7.349128E-01
1.372500E+02 7.299073E-01
1.375000E+02 7.248784E-01
1.377500E+02 7.199127E-01
1.380000E+02 7.150197E-01
1.382500E+02 7.100333E-01
1.385000E+02 7.052415E-01
1.387500E+02 7.002871E-01
1.390000E+02 6.954665E-01
1.392500E+02 6.907500E-01
1.395000E+02 6.859956E-01
1.397500E+02 6.810252E-01
1.400000E+02 6.763223E-01
1.402500E+02 6.715425E-01
1.405000E+02 6.667765E-01
1.407500E+02 6.620424E-01
1.410000E+02 6.572805E-01
1.412500E+02 6.525598E-01
1.415000E+02 6.478568E-01
1.417500E+02 6.432282E-01
1.420000E+02 6.385948E-01
1.422500E+02 6.339412E-01
1.425000E+02 6.293805E-01
1.427500E+02 6.248200E-01
1.430000E+02 6.200932E-01
1.432500E+02 6.155714E-01
1.435000E+02 6.110805E-01
1.437500E+02 6.064060E-01
1.440000E+02 6.019481E-01
1.442500E+02 5.974235E-01
1.445000E+02 5.929668E-01
1.447500E+02 5.884739E-01
1.450000E+02 5.838729E-01
1.452500E+02 5.795872E-01
1.455000E+02 5.751113E-01
1.457500E+02 5.707288E-01
1.460000E+02 5.662949E-01
1.462500E+02 5.619726E-01
1.465000E+02 5.576180E-01
1.467500E+02 5.531594E-01
1.470000E+02 5.489283E-01
1.472500E+02 5.445110E-01
1.475000E+02 5.402340E-01
1.477500E+02 5.359880E-01
1.480000E+02 5.315834E-01
1.482500E+02 5.273915E-01
1.485000E+02 5.231409E-01
1.487500E+02 5.188874E-01
1.490000E+02 5.146537E-01
1.492500E+02 5.104721E-01
1.495000E+02 5.063030E-01
1.497500E+02 5.021338E-01
1.500000E+02 4.979738E-01
1.502500E+02 4.938332E-01
1.505000E+02 4.897240E-01
1.507500E+02 4.855162E-01
1.510000E+02 4.814178E-01
1.512500E+02 4.773153E-01
1.515000E+02 4.732842E-01
1.517500E+02 4.692039E-01
1.520000E+02 4.651770E-01
1.522500E+02 4.610573E-01
1.525000E+02 4.570293E-01
1.527500E+02 4.529862E-01
1.530000E+02 4.490215E-01
1.532500E+02 4.450633E-01
1.535000E+02 4.410182E-01
1.537500E+02 4.371093E-01
1.540000E+02 4.330120E-01
1.542500E+02 4.291700E-01
1.545000E+02 4.251804E-01
1.547500E+02 4.213921E-01
1.550000E+02 4.174576E-01
1.552500E+02 4.134795E-01
1.555000E+02 4.096201E-01
1.557500E+02 4.058558E-01
1.560000E+02 4.018886E-01
1.562500E+02 3.980386E-01
1.565000E+02 3.941920E-01
1.567500E+02 3.904877E-01
1.570000E+02 3.866101E-01
1.572500E+02 3.828894E-01
1.575000E+02 3.790392E-01
1.577500E+02 3.751874E-01
1.580000E+02 3.715355E-01
1.582500E+02 3.677907E-01
1.585000E+02 3.640487E-01
1.587500E+02 3.602924E-01
1.590000E+02 3.566512E-01
1.592500E+02 3.529724E-01
1.595000E+02 3.492487E-01
1.597500E+02 3.455468E-01
1.600000E+02 3.419061E-01
1.602500E+02 3.382341E-01
1.605000E+02 3.346267E-01
1.607500E+02 3.310215E-01
1.610000E+02 3.273363E-01
1.612500E+02 3.237649E-01
1.615000E+02 3.201607E-01
1.617500E+02 3.165377E-01
1.620000E+02 3.129469E-01
1.622500E+02 3.093802E-01
1.625000E+02 3.059227E-01
1.627500E+02 3.023282E-01
1.630000E+02 2.988174E-01
1.632500E+02 2.952795E-01
1.635000E+02 2.917826E-01
1.637500E+02 2.882117E-01
1.640000E+02 2.848187E-01
1.642500E+02 2.813246E-01
1.645000E+02 2.778787E-01
1.647500E+02 2.744538E-01
1.650000E+02 2.709543E-01
1.652500E+02 2.674617E-01
1.655000E+02 2.640230E-01
1.657500E+02 2.606978E-01
1.660000E+02 2.572674E-01
1.662500E+02 2.539039E-01
1.665000E+02 2.504985E-01
1.667500E+02 2.471113E-01
1.670000E+02 2.437477E-01
1.672500E+02 2.404694E-01
1.675000E+02 2.370722E-01
1.677500E+02 2.337189E-01
1.680000E+02 2.304447E-01
1.682500E+02 2.271179E-01
1.685000E+02 2.238155E-01
1.687500E+02 2.205417E-01
1.690000E+02 2.172233E-01
1.692500E+02 2.138918E-01
1.695000E+02 2.106889E-01
1.697500E+02 2.074560E-01
1.700000E+02 2.042349E-01
1.702500E+02 2.009143E-01
1.705000E+02 1.977319E-01
1.707500E+02 1.945600E-01
1.710000E+02 1.913016E-01
1.712500E+02 1.880767E-01
1.715000E+02 1.849247E-01
1.717500E+02 1.817750E-01
1.720000E+02 1.785461E-01
1.722500E+02 1.754298E-01
1.725000E+02 1.722676E-01
1.727500E+02 1.691359E-01
1.730000E+02 1.659994E-01
1.732500E+02 1.629117E-01
1.735000E+02 1.598051E-01
1.737500E+02 1.566483E-01
1.740000E+02 1.535697E-01
1.742500E+02 1.504849E-01
1.745000E+02 1.474063E-01
1.747500E+02 1.443295E-01
1.750000E+02 1.413019E-01
1.752500E+02 1.382575E-01
1.755000E+02 1.351668E-01
1.757500E+02 1.321780E-01
1.760000E+02 1.291082E-01
1.762500E+02 1.261299E-01
1.765000E+02 1.231134E-01
1.767500E+02 1.201630E-01
1.770000E+02 1.173847E-01
1.772500E+02 1.148692E-01
1.775000E+02 1.123399E-01
1.777500E+02 1.099706E-01
1.780000E+02 1.076219E-01
1.782500E+02 1.053345E-01
1.785000E+02 1.030966E-01
1.787500E+02 1.009454E-01
1.790000E+02 9.884994E-02
1.792500E+02 9.681171E-02
1.795000E+02 9.479829E-02
1.797500E+02 9.283868E-02
1.800000E+02 9.092400E-02
1.802500E+02 8.906799E-02
1.805000E+02 8.725728E-02
1.807500E+02 8.540147E-02
1.810000E+02 8.362609E-02
1.812500E+02 8.192117E-02
1.815000E+02 8.024162E-02
1.817500E+02 7.857229E-02
1.820000E+02 7.694431E-02
1.822500E+02 7.533373E-02
1.825000E+02 7.378272E-02
1.827500E+02 7.220932E-02
1.830000E+02 7.072328E-02
1.832500E+02 6.927295E-02
1.835000E+02 6.780495E-02
1.837500E+02 6.637882E-02
1.840000E+02 6.497610E-02
1.842500E+02 6.357346E-02
1.845000E+02 6.225254E-02
1.847500E+02 6.091607E-02
1.850000E+02 5.960645E-02
1.852500E+02 5.831562E-02
1.855000E+02 5.706448E-02
1.857500E+02 5.586384E-02
1.860000E+02 5.461254E-02
1.862500E+02 5.343829E-02
1.865000E+02 5.224718E-02
1.867500E+02 5.108713E-02
1.870000E+02 4.995515E-02
1.872500E+02 4.884385E-02
1.875000E+02 4.777633E-02
1.877500E+02 4.668425E-02
1.880000E+02 4.561810E-02
1.882500E+02 4.460355E-02
1.885000E+02 4.359712E-02
1.887500E+02 4.256223E-02
1.890000E+02 4.160484E-02
1.892500E+02 4.063489E-02
1.895000E+02 3.967354E-02
1.897500E+02 3.876315E-02
1.900000E+02 3.783568E-02
1.902500E+02 3.694300E-02
1.905000E+02 3.605786E-02
1.907500E+02 3.516007E-02
1.910000E+02 3.433654E-02
1.912500E+02 3.348069E-02
1.915000E+02 3.265477E-02
1.917500E+02 3.185752E-02
1.920000E+02 3.105151E-02
1.922500E+02 3.029424E-02
1.925000E+02 2.951946E-02
1.927500E+02 2.877055E-02
1.930000E+02 2.801222E-02
1.932500E+02 2.730178E-02
1.935000E+02 2.659060E-02
1.937500E+02 2.589369E-02
1.940000E+02 2.518899E-02
1.942500E+02 2.453085E-02
1.945000E+02 2.386599E-02
1.947500E+02 2.320496E-02
1.950000E+02 2.257954E-02
1.952500E+02 2.195537E-02
1.955000E+02 2.133894E-02
1.957500E+02 2.073451E-02
1.960000E+02 2.015725E-02
1.962500E+02 1.957041E-02
1.965000E+02 1.900085E-02
1.967500E+02 1.843675E-02
1.970000E+02 1.790078E-02
1.972500E+02 1.735968E-02
1.975000E+02 1.683944E-02
1.977500E+02 1.631714E-02
1.980000E+02 1.583447E-02
1.982500E+02 1.532434E-02
1.985000E+02 1.484851E-02
1.987500E+02 1.437518E-02
1.990000E+02 1.390765E-02
1.992500E+02 1.345010E-02
1.995000E+02 1.300542E-02
1.997500E+02 1.256171E-02
2.000000E+02 1.214196E-02
2.002500E+02 1.173000E-02
2.005000E+02 1.131196E-02
2.007500E+02 1.091241E-02
2.010000E+02 1.052471E-02
2.012500E+02 1.014317E-02
2.015000E+02 9.770819E-03
2.017500E+02 9.414443E-03
2.020000E+02 9.051606E-03
2.022500E+02 8.703155E-03
2.025000E+02 8.360603E-03
2.027500E+02 8.027401E-03
2.030000E+02 7.708300E-03
2.032500E+02 7.394379E-03
2.035000E+02 7.091247E-03
2.037500E+02 6.790278E-03
2.040000E+02 6.494429E-03
2.042500E+02 6.208868E-03
2.045000E+02 5.935047E-03
2.047500E+02 5.663322E-03
2.050000E+02 5.401030E-03
2.052500E+02 5.160196E-03
2.055000E+02 4.903335E-03
2.057500E+02 4.658017E-03
2.060000E+02 4.434770E-03
2.062500E+02 4.197213E-03
2.065000E+02 3.980936E-03
2.067500E+02 3.767915E-03
2.070000E+02 3.558669E-03
2.072500E+02 3.364138E-03
2.075000E+02 3.166098E-03
2.077500E+02 2.977777E-03
2.080000E+02 2.799641E-03
2.082500E+02 2.625497E-03
2.085000E+02 2.451236E-03
2.087500E+02 2.292795E-03
2.090000E+02 2.137918E-03
2.092500E+02 1.986340E-03
2.095000E+02 1.839987E-03
2.097500E+02 1.706476E-03
2.100000E+02 1.577641E-03
2.102500E+02 1.450265E-03
2.105000E+02 1.326539E-03
2.107500E+02 1.211403E-03
2.110000E+02 1.100087E-03
2.112500E+02 9.969692E-04
2.115000E+02 8.995274E-04
2.117500E+02 8.093521E-04
2.120000E+02 7.209230E-04
2.122500E+02 6.382525E-04
2.125000E+02 5.591690E-04
2.127500E+02 4.918144E-04
2.130000E+02 4.220527E-04
2.132500E+02 3.624043E-04
2.135000E+02 3.056516E-04
2.137500E+02 2.533943E-04
2.140000E+02 2.067309E-04
2.142500E+02 1.651033E-04
2.145000E+02 1.270568E-04
2.147500E+02 9.608767E-05
2.150000E+02 6.894545E-05
2.152500E+02 4.614737E-05
2.155000E+02 2.828578E-05
2.157500E+02 1.482403E-05
2.160000E+02 5.338865E-06
2.162500E+02 7.334496E-07
