2.500000E-01 0.000000E+00
5.000000E-01 0.000000E+00
7.500000E-01 0.000000E+00
1.000000E+00 0.000000E+00
1.250000E+00 0.000000E+00
1.500000E+00 0.000000E+00
1.750000E+00 0.000000E+00
2.000000E+00 0.000000E+00
2.250000E+00 0.000000E+00
2.500000E+00 0.000000E+00
2.750000E+00 0.000000E+00
3.000000E+00 0.000000E+00
3.250000E+00 0.000000E+00
3.500000E+00 4.822920E-02
3.750000E+00 4.965731E+00
4.000000E+00 3.668456E+01
4.250000E+00 7.354955E+01
4.500000E+00 7.377998E+01
4.750000E+00 5.506658E+01
5.000000E+00 3.668570E+01
5.250000E+00 2.390312E+01
5.500000E+00 1.582117E+01
5.750000E+00 1.118103E+01
6.000000E+00 8.385186E+00
6.250000E+00 6.724210E+00
6.500000E+00 5.492832E+00
6.750000E+00 4.439290E+00
7.000000E+00 3.624395E+00
7.250000E+00 2.981231E+00
7.500000E+00 2.518986E+00
7.750000E+00 2.345537E+00
8.000000E+00 2.357264E+00
8.250000E+00 2.509156E+00
8.500000E+00 2.611241E+00
8.750000E+00 2.571816E+00
9.000000E+00 2.343128E+00
9.250000E+00 2.094147E+00
9.500000E+00 1.840002E+00
9.750000E+00 1.635893E+00
1.000000E+01 1.478244E+00
1.025000E+01 1.384383E+00
1.050000E+01 1.287419E+00
1.075000E+01 1.233597E+00
1.100000E+01 1.180544E+00
1.125000E+01 1.149266E+00
1.150000E+01 1.128606E+00
1.175000E+01 1.112195E+00
1.200000E+01 1.095656E+00
1.225000E+01 1.089466E+00
1.250000E+01 1.074866E+00
1.275000E+01 1.098901E+00
1.300000E+01 1.087993E+00
1.325000E+01 1.071743E+00
1.350000E+01 1.058469E+00
1.375000E+01 1.064878E+00
1.400000E+01 1.037994E+00
1.425000E+01 1.029213E+00
1.450000E+01 1.036659E+00
1.475000E+01 1.029833E+00
1.500000E+01 1.029286E+00
1.525000E+01 1.029554E+00
1.550000E+01 1.015564E+00
1.575000E+01 1.016284E+00
1.600000E+01 1.018209E+00
1.625000E+01 1.007339E+00
1.650000E+01 1.021637E+00
1.675000E+01 1.020926E+00
1.700000E+01 1.014804E+00
1.725000E+01 1.014852E+00
1.750000E+01 1.009872E+00
1.775000E+01 1.016043E+00
1.800000E+01 1.017791E+00
1.825000E+01 1.019799E+00
1.850000E+01 1.016043E+00
1.875000E+01 1.003680E+00
1.900000E+01 1.008277E+00
1.925000E+01 1.021242E+00
1.950000E+01 1.021240E+00
1.975000E+01 1.011065E+00
2.000000E+01 1.004571E+00
2.025000E+01 1.009456E+00
2.050000E+01 1.007342E+00
2.075000E+01 1.013336E+00
2.100000E+01 1.010836E+00
2.125000E+01 1.013231E+00
2.150000E+01 1.010426E+00
2.175000E+01 1.016163E+00
2.200000E+01 1.008413E+00
2.225000E+01 1.008700E+00
2.250000E+01 1.007970E+00
2.275000E+01 1.012806E+00
2.300000E+01 1.015683E+00
2.325000E+01 1.006780E+00
2.350000E+01 1.003686E+00
2.375000E+01 1.011139E+00
2.400000E+01 1.008471E+00
2.425000E+01 9.999021E-01
2.450000E+01 1.013893E+00
2.475000E+01 1.005500E+00
2.500000E+01 1.003739E+00
2.525000E+01 9.994887E-01
2.550000E+01 1.006912E+00
2.575000E+01 1.006504E+00
2.600000E+01 1.004049E+00
2.625000E+01 1.015568E+00
2.650000E+01 1.013139E+00
2.675000E+01 1.008799E+00
2.700000E+01 1.005089E+00
2.725000E+01 1.013783E+00
2.750000E+01 1.005285E+00
2.775000E+01 1.010476E+00
2.800000E+01 1.009799E+00
2.825000E+01 1.002956E+00
2.850000E+01 1.006150E+00
2.875000E+01 1.007713E+00
2.900000E+01 1.004044E+00
2.925000E+01 1.007814E+00
2.950000E+01 1.009640E+00
2.975000E+01 1.006231E+00
3.000000E+01 1.007207E+00
3.025000E+01 1.006556E+00
3.050000E+01 1.006845E+00
3.075000E+01 1.010359E+00
3.100000E+01 1.005172E+00
3.125000E+01 1.007931E+00
3.150000E+01 1.004550E+00
3.175000E+01 1.008927E+00
3.200000E+01 1.000358E+00
3.225000E+01 1.006336E+00
3.250000E+01 1.002011E+00
3.275000E+01 1.004580E+00
3.300000E+01 1.000770E+00
3.325000E+01 1.009069E+00
3.350000E+01 1.003155E+00
3.375000E+01 1.008375E+00
3.400000E+01 1.003305E+00
3.425000E+01 1.007469E+00
3.450000E+01 1.008430E+00
3.475000E+01 1.003996E+00
3.500000E+01 1.008061E+00
3.525000E+01 1.002615E+00
3.550000E+01 1.006987E+00
3.575000E+01 1.009210E+00
3.600000E+01 1.006550E+00
3.625000E+01 1.006274E+00
3.650000E+01 1.003239E+00
3.675000E+01 1.004968E+00
3.700000E+01 1.002965E+00
3.725000E+01 1.005774E+00
3.750000E+01 9.986078E-01
3.775000E+01 1.005189E+00
3.800000E+01 1.004939E+00
3.825000E+01 1.006501E+00
3.850000E+01 1.003753E+00
3.875000E+01 1.003832E+00
3.900000E+01 1.006839E+00
3.925000E+01 1.002440E+00
3.950000E+01 1.003736E+00
3.975000E+01 1.004689E+00
4.000000E+01 1.002950E+00
4.025000E+01 1.001132E+00
4.050000E+01 1.001611E+00
4.075000E+01 1.004137E+00
4.100000E+01 1.003964E+00
4.125000E+01 1.002485E+00
4.150000E+01 1.002442E+00
4.175000E+01 1.008643E+00
4.200000E+01 9.990812E-01
4.225000E+01 1.004439E+00
4.250000E+01 1.001871E+00
4.275000E+01 1.001589E+00
4.300000E+01 1.005446E+00
4.325000E+01 1.004606E+00
4.350000E+01 1.001389E+00
4.375000E+01 1.001424E+00
4.400000E+01 1.001845E+00
4.425000E+01 1.000219E+00
4.450000E+01 1.003366E+00
4.475000E+01 1.002455E+00
4.500000E+01 1.002121E+00
4.525000E+01 1.004675E+00
4.550000E+01 1.005581E+00
4.575000E+01 1.003423E+00
4.600000E+01 1.004402E+00
4.625000E+01 1.002674E+00
4.650000E+01 1.003005E+00
4.675000E+01 1.003162E+00
4.700000E+01 1.001794E+00
4.725000E+01 9.999382E-01
4.750000E+01 1.001805E+00
4.775000E+01 1.000749E+00
4.800000E+01 1.000619E+00
4.825000E+01 1.001090E+00
4.850000E+01 1.004472E+00
4.875000E+01 1.004956E+00
4.900000E+01 1.002703E+00
4.925000E+01 1.002396E+00
4.950000E+01 1.000689E+00
4.975000E+01 1.003364E+00
5.000000E+01 1.002638E+00
5.025000E+01 1.002605E+00
5.050000E+01 1.002373E+00
5.075000E+01 1.004875E+00
5.100000E+01 1.001876E+00
5.125000E+01 1.004374E+00
5.150000E+01 1.002304E+00
5.175000E+01 1.000079E+00
5.200000E+01 9.986613E-01
5.225000E+01 1.002363E+00
5.250000E+01 1.000370E+00
5.275000E+01 1.001061E+00
5.300000E+01 1.000106E+00
5.325000E+01 1.003358E+00
5.350000E+01 1.002264E+00
5.375000E+01 1.002479E+00
5.400000E+01 1.001738E+00
5.425000E+01 9.985198E-01
5.450000E+01 1.000441E+00
5.475000E+01 1.001483E+00
5.500000E+01 1.003273E+00
5.525000E+01 1.004146E+00
5.550000E+01 1.002996E+00
5.575000E+01 1.002841E+00
5.600000E+01 1.002881E+00
5.625000E+01 1.000991E+00
5.650000E+01 1.000564E+00
5.675000E+01 1.001088E+00
5.700000E+01 1.003837E+00
5.725000E+01 9.985186E-01
5.750000E+01 1.002344E+00
5.775000E+01 1.001068E+00
5.800000E+01 1.003130E+00
5.825000E+01 1.004231E+00
5.850000E+01 1.004462E+00
5.875000E+01 1.001921E+00
5.900000E+01 1.000665E+00
5.925000E+01 1.001216E+00
5.950000E+01 1.001361E+00
5.975000E+01 1.003976E+00
6.000000E+01 9.989793E-01
6.025000E+01 1.000900E+00
6.050000E+01 9.995625E-01
6.075000E+01 1.001866E+00
6.100000E+01 1.001766E+00
6.125000E+01 1.000406E+00
6.150000E+01 1.001911E+00
6.175000E+01 1.002520E+00
6.200000E+01 1.001887E+00
6.225000E+01 1.000305E+00
6.250000E+01 1.001333E+00
6.275000E+01 1.003513E+00
6.300000E+01 1.001747E+00
6.325000E+01 1.001694E+00
6.350000E+01 1.003445E+00
6.375000E+01 1.002506E+00
6.400000E+01 1.001660E+00
6.425000E+01 1.001322E+00
6.450000E+01 1.003355E+00
6.475000E+01 9.997258E-01
6.500000E+01 1.000367E+00
6.525000E+01 9.989726E-01
6.550000E+01 1.001624E+00
6.575000E+01 1.002468E+00
6.600000E+01 9.988115E-01
6.625000E+01 9.997926E-01
6.650000E+01 1.002342E+00
6.675000E+01 1.001615E+00
6.700000E+01 1.000750E+00
6.725000E+01 1.000994E+00
6.750000E+01 1.000506E+00
6.775000E+01 1.000360E+00
6.800000E+01 1.001784E+00
6.825000E+01 1.001532E+00
6.850000E+01 1.002420E+00
6.875000E+01 1.002494E+00
6.900000E+01 1.000666E+00
6.925000E+01 1.000812E+00
6.950000E+01 9.986603E-01
6.975000E+01 1.001096E+00
7.000000E+01 1.002288E+00
7.025000E+01 1.001102E+00
7.050000E+01 1.003837E+00
7.075000E+01 1.001308E+00
7.100000E+01 1.000949E+00
7.125000E+01 1.002032E+00
7.150000E+01 1.002130E+00
7.175000E+01 1.002331E+00
7.200000E+01 1.001420E+00
7.225000E+01 1.000822E+00
7.250000E+01 1.001206E+00
7.275000E+01 1.000806E+00
7.300000E+01 1.003237E+00
7.325000E+01 9.994202E-01
7.350000E+01 1.001167E+00
7.375000E+01 1.000862E+00
7.400000E+01 1.002162E+00
7.425000E+01 1.001085E+00
7.450000E+01 1.000954E+00
7.475000E+01 1.000860E+00
7.500000E+01 1.003765E+00
7.525000E+01 1.002038E+00
7.550000E+01 1.003773E+00
7.575000E+01 1.002622E+00
7.600000E+01 1.000937E+00
7.625000E+01 1.000737E+00
7.650000E+01 1.003246E+00
7.675000E+01 9.996610E-01
7.700000E+01 1.001351E+00
7.725000E+01 1.001781E+00
7.750000E+01 1.001804E+00
7.775000E+01 1.001202E+00
7.800000E+01 1.002621E+00
7.825000E+01 1.001664E+00
7.850000E+01 1.001312E+00
7.875000E+01 1.001659E+00
7.900000E+01 1.002288E+00
7.925000E+01 1.001267E+00
7.950000E+01 1.001052E+00
7.975000E+01 1.001711E+00
8.000000E+01 1.002063E+00
8.025000E+01 1.002182E+00
8.050000E+01 1.001375E+00
8.075000E+01 1.000747E+00
8.100000E+01 1.001498E+00
8.125000E+01 1.001640E+00
8.150000E+01 1.001863E+00
8.175000E+01 1.002225E+00
8.200000E+01 1.000421E+00
8.225000E+01 1.000698E+00
8.250000E+01 1.001841E+00
8.275000E+01 1.000433E+00
8.300000E+01 1.000459E+00
8.325000E+01 1.002226E+00
8.350000E+01 1.000742E+00
8.375000E+01 1.001177E+00
8.400000E+01 1.001281E+00
8.425000E+01 1.000258E+00
8.450000E+01 1.003007E+00
8.475000E+01 1.002402E+00
8.500000E+01 1.001699E+00
8.525000E+01 1.001670E+00
8.550000E+01 1.001929E+00
8.575000E+01 9.993004E-01
8.600000E+01 1.000833E+00
8.625000E+01 1.002741E+00
8.650000E+01 1.001421E+00
8.675000E+01 1.000191E+00
8.700000E+01 1.000888E+00
8.725000E+01 9.992014E-01
8.750000E+01 9.978419E-01
8.775000E+01 1.001111E+00
8.800000E+01 1.000671E+00
8.825000E+01 1.001779E+00
8.850000E+01 1.002311E+00
8.875000E+01 1.000831E+00
8.900000E+01 1.000410E+00
8.925000E+01 1.000192E+00
8.950000E+01 1.001115E+00
8.975000E+01 1.001426E+00
9.000000E+01 1.002124E+00
9.025000E+01 9.996656E-01
9.050000E+01 1.000427E+00
9.075000E+01 1.000962E+00
9.100000E+01 1.000044E+00
9.125000E+01 1.001583E+00
9.150000E+01 1.001318E+00
9.175000E+01 9.988132E-01
9.200000E+01 9.999861E-01
9.225000E+01 1.001846E+00
9.250000E+01 1.000401E+00
9.275000E+01 1.002447E+00
9.300000E+01 1.000492E+00
9.325000E+01 1.001933E+00
9.350000E+01 1.000390E+00
9.375000E+01 1.000416E+00
9.400000E+01 1.001562E+00
9.425000E+01 1.002313E+00
9.450000E+01 1.001451E+00
9.475000E+01 1.001125E+00
9.500000E+01 1.000903E+00
9.525000E+01 1.001549E+00
9.550000E+01 1.001093E+00
9.575000E+01 9.998897E-01
9.600000E+01 1.000620E+00
9.625000E+01 1.001128E+00
9.650000E+01 1.001661E+00
9.675000E+01 1.002485E+00
9.700000E+01 1.001925E+00
9.725000E+01 1.001782E+00
9.750000E+01 1.000436E+00
9.775000E+01 1.000213E+00
9.800000E+01 1.002466E+00
9.825000E+01 1.001325E+00
9.850000E+01 1.000552E+00
9.875000E+01 1.000471E+00
9.900000E+01 1.002018E+00
9.925000E+01 1.001666E+00
9.950000E+01 9.992570E-01
9.975000E+01 1.000144E+00
1.000000E+02 1.001895E+00
1.002500E+02 1.001351E+00
1.005000E+02 1.000253E+00
1.007500E+02 1.000263E+00
1.010000E+02 1.001402E+00
1.012500E+02 1.001468E+00
1.015000E+02 1.001348E+00
1.017500E+02 1.003682E+00
1.020000E+02 1.002243E+00
1.022500E+02 1.000185E+00
1.025000E+02 1.001168E+00
1.027500E+02 1.001150E+00
1.030000E+02 1.001650E+00
1.032500E+02 1.002653E+00
1.035000E+02 1.000755E+00
1.037500E+02 1.000515E+00
1.040000E+02 1.001785E+00
1.042500E+02 1.000067E+00
1.045000E+02 1.000808E+00
1.047500E+02 1.001188E+00
1.050000E+02 1.001703E+00
1.052500E+02 1.000404E+00
1.055000E+02 1.001689E+00
1.057500E+02 9.999521E-01
1.060000E+02 1.000618E+00
1.062500E+02 1.000795E+00
1.065000E+02 1.000664E+00
1.067500E+02 1.000195E+00
1.070000E+02 9.999757E-01
1.072500E+02 1.000837E+00
1.075000E+02 1.000108E+00
1.077500E+02 1.001525E+00
1.080000E+02 1.000868E+00
1.082500E+02 9.991905E-01
1.085000E+02 9.999960E-01
1.087500E+02 1.001688E+00
1.090000E+02 1.001800E+00
1.092500E+02 1.000165E+00
1.095000E+02 1.000447E+00
1.097500E+02 1.002223E+00
1.100000E+02 1.000473E+00
1.102500E+02 9.991238E-01
1.105000E+02 9.998213E-01
1.107500E+02 1.001245E+00
1.110000E+02 1.000226E+00
1.112500E+02 1.002003E+00
1.115000E+02 1.000366E+00
1.117500E+02 1.001982E+00
1.120000E+02 9.999787E-01
1.122500E+02 9.999542E-01
1.125000E+02 9.995579E-01
1.127500E+02 1.001141E+00
1.130000E+02 1.001448E+00
1.132500E+02 1.000435E+00
1.135000E+02 1.001526E+00
1.137500E+02 1.000689E+00
1.140000E+02 1.000463E+00
1.142500E+02 1.000166E+00
1.145000E+02 1.001856E+00
1.147500E+02 9.995972E-01
1.150000E+02 9.994710E-01
1.152500E+02 1.000786E+00
1.155000E+02 1.001245E+00
1.157500E+02 1.000818E+00
1.160000E+02 9.997005E-01
1.162500E+02 1.000245E+00
1.165000E+02 1.001385E+00
1.167500E+02 1.001112E+00
1.170000E+02 1.001009E+00
1.172500E+02 9.995303E-01
1.175000E+02 1.000787E+00
1.177500E+02 9.992936E-01
1.180000E+02 9.997286E-01
1.182500E+02 1.000459E+00
1.185000E+02 1.001558E+00
1.187500E+02 1.001493E+00
1.190000E+02 1.001110E+00
1.192500E+02 9.999244E-01
1.195000E+02 1.001332E+00
1.197500E+02 1.000814E+00
1.200000E+02 1.001592E+00
1.202500E+02 1.000296E+00
1.205000E+02 9.995074E-01
1.207500E+02 1.000546E+00
1.210000E+02 9.996959E-01
1.212500E+02 1.000368E+00
1.215000E+02 1.001382E+00
1.217500E+02 1.000234E+00
1.220000E+02 1.000378E+00
1.222500E+02 1.000002E+00
1.225000E+02 1.000063E+00
1.227500E+02 9.995601E-01
1.230000E+02 1.000193E+00
1.232500E+02 1.000743E+00
1.235000E+02 1.000519E+00
1.237500E+02 9.991892E-01
1.240000E+02 1.000009E+00
1.242500E+02 9.994863E-01
1.245000E+02 1.000391E+00
1.247500E+02 1.000705E+00
1.250000E+02 9.978021E-01
1.252500E+02 9.898969E-01
1.255000E+02 9.865760E-01
1.257500E+02 9.802710E-01
1.260000E+02 9.736592E-01
1.262500E+02 9.664076E-01
1.265000E+02 9.632922E-01
1.267500E+02 9.561961E-01
1.270000E+02 9.502732E-01
1.272500E+02 9.440521E-01
1.275000E+02 9.395975E-01
1.277500E+02 9.343625E-01
1.280000E+02 9.279286E-01
1.282500E+02 9.220235E-01
1.285000E+02 9.152615E-01
1.287500E+02 9.089392E-01
1.290000E+02 9.046610E-01
1.292500E+02 8.985416E-01
1.295000E+02 8.932459E-01
1.297500E+02 8.870916E-01
1.300000E+02 8.814980E-01
1.302500E+02 8.758245E-01
1.305000E+02 8.706296E-01
1.307500E+02 8.648847E-01
1.310000E+02 8.591147E-01
1.312500E+02 8.538700E-01
1.315000E+02 8.490673E-01
1.317500E+02 8.440379E-01
1.320000E+02 8.382532E-01
1.322500E+02 8.330211E-01
1.325000E+02 8.279653E-01
1.327500E+02 8.225033E-01
1.330000E+02 8.171319E-01
1.332500E+02 8.114988E-01
1.335000E+02 8.056264E-01
1.337500E+02 8.014020E-01
1.340000E+02 7.965904E-01
1.342500E+02 7.910114E-01
1.345000E+02 7.852407E-01
1.347500E+02 7.801480E-01
1.350000E+02 7.759191E-01
1.352500E+02 7.701382E-01
1.355000E+02 7.638324E-01
1.357500E+02 7.600203E-01
1.360000E+02 7.554379E-01
1.362500E+02 7.488212E-01
1.365000E+02 7.457015E-01
1.367500E+02 7.394652E-01
1.370000E+02 7.350369E-01
1.372500E+02 7.296548E-01
1.375000E+02 7.250500E-01
1.377500E+02 7.203262E-01
1.380000E+02 7.154025E-01
1.382500E+02 7.097724E-01
1.385000E+02 7.056675E-01
1.387500E+02 7.002054E-01
1.390000E+02 6.943425E-01
1.392500E+02 6.896444E-01
1.395000E+02 6.863136E-01
1.397500E+02 6.804279E-01
1.400000E+02 6.760572E-01
1.402500E+02 6.716723E-01
1.405000E+02 6.666960E-01
1.407500E+02 6.613260E-01
1.410000E+02 6.566748E-01
1.412500E+02 6.528836E-01
1.415000E+02 6.480525E-01
1.417500E+02 6.436971E-01
1.420000E+02 6.377129E-01
1.422500E+02 6.344269E-01
1.425000E+02 6.294427E-01
1.427500E+02 6.243639E-01
1.430000E+02 6.200905E-01
1.432500E+02 6.149777E-01
1.435000E+02 6.102249E-01
1.437500E+02 6.054194E-01
1.440000E+02 6.019501E-01
1.442500E+02 5.976234E-01
1.445000E+02 5.922864E-01
1.447500E+02 5.884521E-01
1.450000E+02 5.836473E-01
1.452500E+02 5.791100E-01
1.455000E+02 5.744874E-01
1.457500E+02 5.701849E-01
1.460000E+02 5.671475E-01
1.462500E+02 5.618511E-01
1.465000E+02 5.574304E-01
1.467500E+02 5.528767E-01
1.470000E+02 5.485288E-01
1.472500E+02 5.445228E-01
1.475000E+02 5.406329E-01
1.477500E+02 5.356658E-01
1.480000E+02 5.308667E-01
1.482500E+02 5.269511E-01
1.485000E+02 5.237238E-01
1.487500E+02 5.187021E-01
1.490000E+02 5.138491E-01
1.492500E+02 5.100622E-01
1.495000E+02 5.065948E-01
1.497500E+02 5.030354E-01
1.500000E+02 4.981130E-01
1.502500E+02 4.932084E-01
1.505000E+02 4.891317E-01
1.507500E+02 4.859065E-01
1.510000E+02 4.813140E-01
1.512500E+02 4.770273E-01
1.515000E+02 4.732898E-01
1.517500E+02 4.688081E-01
1.520000E+02 4.648457E-01
1.522500E+02 4.610908E-01
1.525000E+02 4.566793E-01
1.527500E+02 4.529157E-01
1.530000E+02 4.491942E-01
1.532500E+02 4.449977E-01
1.535000E+02 4.414804E-01
1.537500E+02 4.373616E-01
1.540000E+02 4.330499E-01
1.542500E+02 4.284947E-01
1.545000E+02 4.253470E-01
1.547500E+02 4.211884E-01
1.550000E+02 4.171653E-01
1.552500E+02 4.132927E-01
1.555000E+02 4.098362E-01
1.557500E+02 4.056491E-01
1.560000E+02 4.017124E-01
1.562500E+02 3.978174E-01
1.565000E+02 3.938004E-01
1.567500E+02 3.895490E-01
1.570000E+02 3.868788E-01
1.572500E+02 3.821302E-01
1.575000E+02 3.788901E-01
1.577500E+02 3.747010E-01
1.580000E+02 3.715103E-01
1.582500E+02 3.680289E-01
1.585000E+02 3.637081E-01
1.587500E+02 3.606900E-01
1.590000E+02 3.559372E-01
1.592500E+02 3.532491E-01
1.595000E+02 3.492055E-01
1.597500E+02 3.457607E-01
1.600000E+02 3.415359E-01
1.602500E+02 3.377676E-01
1.605000E+02 3.340465E-01
1.607500E+02 3.303898E-01
1.610000E+02 3.275250E-01
1.612500E+02 3.231241E-01
1.615000E+02 3.204231E-01
1.617500E+02 3.165989E-01
1.620000E+02 3.128049E-01
1.622500E+02 3.090024E-01
1.625000E+02 3.058954E-01
1.627500E+02 3.020021E-01
1.630000E+02 2.986344E-01
1.632500E+02 2.947488E-01
1.635000E+02 2.915092E-01
1.637500E+02 2.879510E-01
1.640000E+02 2.841404E-01
1.642500E+02 2.805630E-01
1.645000E+02 2.773236E-01
1.647500E+02 2.744925E-01
1.650000E+02 2.711202E-01
1.652500E+02 2.671956E-01
1.655000E+02 2.636172E-01
1.657500E+02 2.602194E-01
1.660000E+02 2.570959E-01
1.662500E+02 2.534044E-01
1.665000E+02 2.505617E-01
1.667500E+02 2.471241E-01
1.670000E+02 2.437088E-01
1.672500E+02 2.399857E-01
1.675000E+02 2.363159E-01
1.677500E+02 2.335076E-01
1.680000E+02 2.307043E-01
1.682500E+02 2.270577E-01
1.685000E+02 2.237300E-01
1.687500E+02 2.201896E-01
1.690000E+02 2.172064E-01
1.692500E+02 2.141415E-01
1.695000E+02 2.104180E-01
1.697500E+02 2.069019E-01
1.700000E+02 2.038982E-01
1.702500E+02 2.007599E-01
1.705000E+02 1.972975E-01
1.707500E+02 1.943755E-01
1.710000E+02 1.911366E-01
1.712500E+02 1.879568E-01
1.715000E+02 1.847100E-01
1.717500E+02 1.822076E-01
1.720000E+02 1.782980E-01
1.722500E+02 1.754843E-01
1.725000E+02 1.719987E-01
1.727500E+02 1.692789E-01
1.730000E+02 1.656522E-01
1.732500E+02 1.631490E-01
1.735000E+02 1.600878E-01
1.737500E+02 1.562458E-01
1.740000E+02 1.536487E-01
1.742500E+02 1.501074E-01
1.745000E+02 1.472235E-01
1.747500E+02 1.440626E-01
1.750000E+02 1.411937E-01
1.752500E+02 1.382918E-01
1.755000E+02 1.353600E-01
1.757500E+02 1.320853E-01
1.760000E+02 1.294390E-01
1.762500E+02 1.261394E-01
1.765000E+02 1.232491E-01
1.767500E+02 1.200533E-01
1.770000E+02 1.175591E-01
1.772500E+02 1.146255E-01
1.775000E+02 1.126213E-01
1.777500E+02 1.100282E-01
1.780000E+02 1.076393E-01
1.782500E+02 1.052997E-01
1.785000E+02 1.028205E-01
1.787500E+02 1.009810E-01
1.790000E+02 9.889954E-02
1.792500E+02 9.688129E-02
1.795000E+02 9.456575E-02
1.797500E+02 9.274794E-02
1.800000E+02 9.087337E-02
1.802500E+02 8.884296E-02
1.805000E+02 8.732832E-02
1.807500E+02 8.566271E-02
1.810000E+02 8.380450E-02
1.812500E+02 8.197771E-02
1.815000E+02 8.028489E-02
1.817500E+02 7.867065E-02
1.820000E+02 7.680982E-02
1.822500E+02 7.555846E-02
1.825000E+02 7.381785E-02
1.827500E+02 7.230134E-02
1.830000E+02 7.075799E-02
1.832500E+02 6.917344E-02
1.835000E+02 6.770552E-02
1.837500E+02 6.638105E-02
1.840000E+02 6.494966E-02
1.842500E+02 6.373039E-02
1.845000E+02 6.244192E-02
1.847500E+02 6.106373E-02
1.850000E+02 5.962811E-02
1.852500E+02 5.842551E-02
1.855000E+02 5.735941E-02
1.857500E+02 5.588599E-02
1.860000E+02 5.457168E-02
1.862500E+02 5.356311E-02
1.865000E+02 5.230413E-02
1.867500E+02 5.114983E-02
1.870000E+02 4.996009E-02
1.872500E+02 4.881926E-02
1.875000E+02 4.782226E-02
1.877500E+02 4.688456E-02
1.880000E+02 4.559187E-02
1.882500E+02 4.464785E-02
1.885000E+02 4.363142E-02
1.887500E+02 4.275531E-02
1.890000E+02 4.149258E-02
1.892500E+02 4.064474E-02
1.895000E+02 3.977193E-02
1.897500E+02 3.883214E-02
1.900000E+02 3.788677E-02
1.902500E+02 3.690165E-02
1.905000E+02 3.617848E-02
1.907500E+02 3.528708E-02
1.910000E+02 3.423611E-02
1.912500E+02 3.352537E-02
1.915000E+02 3.266695E-02
1.917500E+02 3.176370E-02
1.920000E+02 3.105600E-02
1.922500E+02 3.031697E-02
1.925000E+02 2.957176E-02
1.927500E+02 2.878008E-02
1.930000E+02 2.793786E-02
1.932500E+02 2.739565E-02
1.935000E+02 2.655461E-02
1.937500E+02 2.586484E-02
1.940000E+02 2.511613E-02
1.942500E+02 2.460051E-02
1.945000E+02 2.382367E-02
1.947500E+02 2.329162E-02
1.950000E+02 2.259017E-02
1.952500E+02 2.207499E-02
1.955000E+02 2.134746E-02
1.957500E+02 2.071139E-02
1.960000E+02 2.016327E-02
1.962500E+02 1.952396E-02
1.965000E+02 1.897814E-02
1.967500E+02 1.840694E-02
1.970000E+02 1.783095E-02
1.972500E+02 1.728505E-02
1.975000E+02 1.679044E-02
1.977500E+02 1.634930E-02
1.980000E+02 1.585759E-02
1.982500E+02 1.539599E-02
1.985000E+02 1.484889E-02
1.987500E+02 1.423281E-02
1.990000E+02 1.385776E-02
1.992500E+02 1.358744E-02
1.995000E+02 1.301087E-02
1.997500E+02 1.254656E-02
2.000000E+02 1.217892E-02
2.002500E+02 1.171947E-02
2.005000E+02 1.135905E-02
2.007500E+02 1.093227E-02
2.010000E+02 1.055110E-02
2.012500E+02 1.014492E-02
2.015000E+02 9.784555E-03
2.017500E+02 9.448424E-03
2.020000E+02 9.083731E-03
2.022500E+02 8.678186E-03
2.025000E+02 8.386187E-03
2.027500E+02 8.027421E-03
2.030000E+02 7.722672E-03
2.032500E+02 7.398469E-03
2.035000E+02 7.085055E-03
2.037500E+02 6.774371E-03
2.040000E+02 6.466400E-03
2.042500E+02 6.238151E-03
2.045000E+02 5.868519E-03
2.047500E+02 5.675287E-03
2.050000E+02 5.507667E-03
2.052500E+02 5.228995E-03
2.055000E+02 4.901843E-03
2.057500E+02 4.643662E-03
2.060000E+02 4.462784E-03
2.062500E+02 4.239577E-03
2.065000E+02 3.974353E-03
2.067500E+02 3.832094E-03
2.070000E+02 3.534974E-03
2.072500E+02 3.364244E-03
2.075000E+02 3.176588E-03
2.077500E+02 3.023546E-03
2.080000E+02 2.778637E-03
2.082500E+02 2.628263E-03
2.085000E+02 2.465342E-03
2.087500E+02 2.333782E-03
2.090000E+02 2.164081E-03
2.092500E+02 1.994856E-03
2.095000E+02 1.844324E-03
2.097500E+02 1.717924E-03
2.100000E+02 1.551601E-03
2.102500E+02 1.460877E-03
2.105000E+02 1.315619E-03
2.107500E+02 1.227174E-03
2.110000E+02 1.104025E-03
2.112500E+02 1.029407E-03
2.115000E+02 8.852344E-04
2.117500E+02 8.191912E-04
2.120000E+02 7.305326E-04
2.122500E+02 6.213380E-04
2.125000E+02 5.740842E-04
2.127500E+02 4.983979E-04
2.130000E+02 4.306880E-04
2.132500E+02 3.644031E-04
2.135000E+02 3.012724E-04
2.137500E+02 2.586211E-04
2.140000E+02 2.042111E-04
2.142500E+02 1.699883E-04
2.145000E+02 1.313831E-04
2.147500E+02 1.007687E-04
2.150000E+02 7.216662E-05
2.152500E+02 4.774021E-05
2.155000E+02 2.885697E-05
2.157500E+02 1.408549E-05
2.160000E+02 5.559392E-06
2.162500E+02 7.703535E-07
