2.500000E-01 0.000000E+00
5.000000E-01 0.000000E+00
7.500000E-01 0.000000E+00
1.000000E+00 0.000000E+00
1.250000E+00 0.000000E+00
1.500000E+00 0.000000E+00
1.750000E+00 0.000000E+00
2.000000E+00 0.000000E+00
2.250000E+00 0.000000E+00
2.500000E+00 0.000000E+00
2.750000E+00 0.000000E+00
3.000000E+00 0.000000E+00
3.250000E+00 0.000000E+00
3.500000E+00 5.881610E-03
3.750000E+00 6.097007E-01
4.000000E+00 5.388418E+00
4.250000E+00 1.328627E+01
4.500000E+00 1.627114E+01
4.750000E+00 1.465104E+01
5.000000E+00 1.141239E+01
5.250000E+00 8.702952E+00
5.500000E+00 6.572840E+00
5.750000E+00 5.143560E+00
6.000000E+00 4.288559E+00
6.250000E+00 3.681199E+00
6.500000E+00 3.213162E+00
6.750000E+00 2.770188E+00
7.000000E+00 2.393668E+00
7.250000E+00 2.046795E+00
7.500000E+00 1.795287E+00
7.750000E+00 1.635986E+00
8.000000E+00 1.502687E+00
8.250000E+00 1.400292E+00
8.500000E+00 1.340873E+00
8.750000E+00 1.271557E+00
9.000000E+00 1.204209E+00
9.250000E+00 1.165427E+00
9.500000E+00 1.124694E+00
9.750000E+00 1.098756E+00
1.000000E+01 1.075414E+00
1.025000E+01 1.079623E+00
1.050000E+01 1.063983E+00
1.075000E+01 1.042940E+00
1.100000E+01 1.046269E+00
1.125000E+01 1.043550E+00
1.150000E+01 1.046178E+00
1.175000E+01 1.030836E+00
1.200000E+01 1.024857E+00
1.225000E+01 1.029594E+00
1.250000E+01 1.017088E+00
1.275000E+01 1.021693E+00
1.300000E+01 1.022808E+00
1.325000E+01 1.013713E+00
1.350000E+01 1.020003E+00
1.375000E+01 1.017356E+00
1.400000E+01 1.017665E+00
1.425000E+01 1.007357E+00
1.450000E+01 1.014042E+00
1.475000E+01 1.021819E+00
1.500000E+01 1.012058E+00
1.525000E+01 1.021685E+00
1.550000E+01 1.008786E+00
1.575000E+01 1.014483E+00
1.600000E+01 1.024907E+00
1.625000E+01 1.009794E+00
1.650000E+01 1.012269E+00
1.675000E+01 1.007059E+00
1.700000E+01 1.021361E+00
1.725000E+01 1.007419E+00
1.750000E+01 1.019424E+00
1.775000E+01 1.018467E+00
1.800000E+01 1.006828E+00
1.825000E+01 1.007598E+00
1.850000E+01 1.011370E+00
1.875000E+01 1.006180E+00
1.900000E+01 1.008357E+00
1.925000E+01 1.001643E+00
1.950000E+01 1.013281E+00
1.975000E+01 1.012081E+00
2.000000E+01 1.006517E+00
2.025000E+01 1.005397E+00
2.050000E+01 1.008353E+00
2.075000E+01 1.009152E+00
2.100000E+01 1.014561E+00
2.125000E+01 1.014843E+00
2.150000E+01 1.015492E+00
2.175000E+01 1.008319E+00
2.200000E+01 1.010408E+00
2.225000E+01 1.006357E+00
2.250000E+01 1.006832E+00
2.275000E+01 1.011874E+00
2.300000E+01 1.008778E+00
2.325000E+01 1.009966E+00
2.350000E+01 1.008918E+00
2.375000E+01 1.010488E+00
2.400000E+01 1.005219E+00
2.425000E+01 1.003333E+00
2.450000E+01 1.012609E+00
2.475000E+01 1.000724E+00
2.500000E+01 1.007543E+00
2.525000E+01 1.008755E+00
2.550000E+01 1.011167E+00
2.575000E+01 1.008612E+00
2.600000E+01 1.002482E+00
2.625000E+01 1.007203E+00
2.650000E+01 1.010327E+00
2.675000E+01 1.009645E+00
2.700000E+01 1.009338E+00
2.725000E+01 1.012318E+00
2.750000E+01 1.010487E+00
2.775000E+01 1.008231E+00
2.800000E+01 1.008319E+00
2.825000E+01 1.006829E+00
2.850000E+01 1.007153E+00
2.875000E+01 1.005883E+00
2.900000E+01 1.004001E+00
2.925000E+01 1.008387E+00
2.950000E+01 1.012115E+00
2.975000E+01 1.008177E+00
3.000000E+01 1.007319E+00
3.025000E+01 1.006336E+00
3.050000E+01 1.010044E+00
3.075000E+01 1.004019E+00
3.100000E+01 1.009768E+00
3.125000E+01 1.009340E+00
3.150000E+01 1.005944E+00
3.175000E+01 1.009963E+00
3.200000E+01 1.007127E+00
3.225000E+01 1.006183E+00
3.250000E+01 1.009480E+00
3.275000E+01 1.006488E+00
3.300000E+01 1.006705E+00
3.325000E+01 1.004299E+00
3.350000E+01 1.007906E+00
3.375000E+01 1.006477E+00
3.400000E+01 1.010154E+00
3.425000E+01 1.008053E+00
3.450000E+01 1.007431E+00
3.475000E+01 1.002236E+00
3.500000E+01 1.008549E+00
3.525000E+01 1.002951E+00
3.550000E+01 1.003654E+00
3.575000E+01 1.004300E+00
3.600000E+01 1.004160E+00
3.625000E+01 1.002112E+00
3.650000E+01 1.004656E+00
3.675000E+01 1.004067E+00
3.700000E+01 1.002181E+00
3.725000E+01 1.003687E+00
3.750000E+01 1.003941E+00
3.775000E+01 1.007175E+00
3.800000E+01 1.005727E+00
3.825000E+01 1.007835E+00
3.850000E+01 1.007957E+00
3.875000E+01 1.005434E+00
3.900000E+01 1.004755E+00
3.925000E+01 1.004165E+00
3.950000E+01 1.005718E+00
3.975000E+01 1.007589E+00
4.000000E+01 1.006327E+00
4.025000E+01 1.007857E+00
4.050000E+01 1.008990E+00
4.075000E+01 1.005161E+00
4.100000E+01 1.007157E+00
4.125000E+01 1.007342E+00
4.150000E+01 1.001078E+00
4.175000E+01 1.004320E+00
4.200000E+01 1.005281E+00
4.225000E+01 1.005577E+00
4.250000E+01 1.004388E+00
4.275000E+01 1.007159E+00
4.300000E+01 1.006759E+00
4.325000E+01 1.004880E+00
4.350000E+01 1.003301E+00
4.375000E+01 1.007316E+00
4.400000E+01 1.004785E+00
4.425000E+01 1.002000E+00
4.450000E+01 1.008343E+00
4.475000E+01 1.006715E+00
4.500000E+01 1.004334E+00
4.525000E+01 1.004854E+00
4.550000E+01 1.003131E+00
4.575000E+01 1.005633E+00
4.600000E+01 1.003432E+00
4.625000E+01 1.005780E+00
4.650000E+01 1.004311E+00
4.675000E+01 1.003244E+00
4.700000E+01 1.006390E+00
4.725000E+01 1.006648E+00
4.750000E+01 1.003756E+00
4.775000E+01 1.006621E+00
4.800000E+01 1.003302E+00
4.825000E+01 1.000328E+00
4.850000E+01 1.005382E+00
4.875000E+01 1.004774E+00
4.900000E+01 1.000603E+00
4.925000E+01 1.004312E+00
4.950000E+01 1.001221E+00
4.975000E+01 1.002313E+00
5.000000E+01 1.006932E+00
5.025000E+01 1.003073E+00
5.050000E+01 1.001373E+00
5.075000E+01 1.003247E+00
5.100000E+01 1.005466E+00
5.125000E+01 1.002388E+00
5.150000E+01 1.006123E+00
5.175000E+01 1.003833E+00
5.200000E+01 1.004337E+00
5.225000E+01 1.002532E+00
5.250000E+01 1.001202E+00
5.275000E+01 1.001827E+00
5.300000E+01 1.004595E+00
5.325000E+01 1.001818E+00
5.350000E+01 1.003198E+00
5.375000E+01 1.007193E+00
5.400000E+01 1.003858E+00
5.425000E+01 1.004072E+00
5.450000E+01 1.006105E+00
5.475000E+01 1.003462E+00
5.500000E+01 1.001551E+00
5.525000E+01 1.003388E+00
5.550000E+01 1.003138E+00
5.575000E+01 1.003738E+00
5.600000E+01 1.005838E+00
5.625000E+01 1.002412E+00
5.650000E+01 1.000740E+00
5.675000E+01 1.003820E+00
5.700000E+01 1.000617E+00
5.725000E+01 1.001260E+00
5.750000E+01 1.002193E+00
5.775000E+01 1.005415E+00
5.800000E+01 1.003018E+00
5.825000E+01 1.003664E+00
5.850000E+01 1.001180E+00
5.875000E+01 1.002280E+00
5.900000E+01 1.002211E+00
5.925000E+01 1.002648E+00
5.950000E+01 1.002462E+00
5.975000E+01 1.003193E+00
6.000000E+01 1.002154E+00
6.025000E+01 1.001922E+00
6.050000E+01 1.002350E+00
6.075000E+01 1.003258E+00
6.100000E+01 1.003274E+00
6.125000E+01 1.002222E+00
6.150000E+01 1.004888E+00
6.175000E+01 1.003071E+00
6.200000E+01 1.001847E+00
6.225000E+01 1.001309E+00
6.250000E+01 1.003834E+00
6.275000E+01 1.002170E+00
6.300000E+01 1.002706E+00
6.325000E+01 1.002649E+00
6.350000E+01 1.002812E+00
6.375000E+01 1.003628E+00
6.400000E+01 1.000851E+00
6.425000E+01 1.001176E+00
6.450000E+01 1.003343E+00
6.475000E+01 1.003137E+00
6.500000E+01 1.003715E+00
6.525000E+01 1.001047E+00
6.550000E+01 1.005211E+00
6.575000E+01 1.002935E+00
6.600000E+01 9.995459E-01
6.625000E+01 1.002472E+00
6.650000E+01 1.002570E+00
6.675000E+01 1.001591E+00
6.700000E+01 1.002061E+00
6.725000E+01 1.003428E+00
6.750000E+01 1.003536E+00
6.775000E+01 1.003364E+00
6.800000E+01 1.002639E+00
6.825000E+01 1.001417E+00
6.850000E+01 1.002052E+00
6.875000E+01 1.002529E+00
6.900000E+01 1.002266E+00
6.925000E+01 1.002610E+00
6.950000E+01 1.000744E+00
6.975000E+01 1.003204E+00
7.000000E+01 1.000615E+00
7.025000E+01 1.002730E+00
7.050000E+01 1.005120E+00
7.075000E+01 1.001645E+00
7.100000E+01 1.003078E+00
7.125000E+01 1.003783E+00
7.150000E+01 1.002198E+00
7.175000E+01 1.002895E+00
7.200000E+01 1.003850E+00
7.225000E+01 1.003210E+00
7.250000E+01 1.003305E+00
7.275000E+01 1.003387E+00
7.300000E+01 1.004514E+00
7.325000E+01 1.003010E+00
7.350000E+01 1.003411E+00
7.375000E+01 1.003028E+00
7.400000E+01 1.004812E+00
7.425000E+01 1.003115E+00
7.450000E+01 1.004301E+00
7.475000E+01 1.003653E+00
7.500000E+01 1.004073E+00
7.525000E+01 1.002208E+00
7.550000E+01 1.001309E+00
7.575000E+01 1.003503E+00
7.600000E+01 1.000876E+00
7.625000E+01 1.002816E+00
7.650000E+01 1.000380E+00
7.675000E+01 1.002197E+00
7.700000E+01 1.002955E+00
7.725000E+01 1.002881E+00
7.750000E+01 1.004280E+00
7.775000E+01 1.002207E+00
7.800000E+01 1.002711E+00
7.825000E+01 1.001889E+00
7.850000E+01 1.003191E+00
7.875000E+01 1.004161E+00
7.900000E+01 1.003455E+00
7.925000E+01 1.000944E+00
7.950000E+01 1.002526E+00
7.975000E+01 1.002699E+00
8.000000E+01 1.001681E+00
8.025000E+01 1.001766E+00
8.050000E+01 1.001219E+00
8.075000E+01 1.002799E+00
8.100000E+01 1.000771E+00
8.125000E+01 1.003503E+00
8.150000E+01 1.004309E+00
8.175000E+01 1.003092E+00
8.200000E+01 1.002490E+00
8.225000E+01 1.001963E+00
8.250000E+01 1.003621E+00
8.275000E+01 1.001261E+00
8.300000E+01 1.003402E+00
8.325000E+01 1.003734E+00
8.350000E+01 1.000314E+00
8.375000E+01 1.001730E+00
8.400000E+01 1.001577E+00
8.425000E+01 1.001329E+00
8.450000E+01 1.003081E+00
8.475000E+01 1.004388E+00
8.500000E+01 1.004128E+00
8.525000E+01 1.002427E+00
8.550000E+01 1.001771E+00
8.575000E+01 1.002657E+00
8.600000E+01 1.001293E+00
8.625000E+01 1.002651E+00
8.650000E+01 1.002956E+00
8.675000E+01 1.002960E+00
8.700000E+01 1.002987E+00
8.725000E+01 1.003079E+00
8.750000E+01 1.002355E+00
8.775000E+01 1.002180E+00
8.800000E+01 1.002832E+00
8.825000E+01 1.001595E+00
8.850000E+01 1.002890E+00
8.875000E+01 1.002683E+00
8.900000E+01 1.003531E+00
8.925000E+01 1.001147E+00
8.950000E+01 1.004122E+00
8.975000E+01 1.004200E+00
9.000000E+01 1.002832E+00
9.025000E+01 1.002883E+00
9.050000E+01 1.002245E+00
9.075000E+01 1.001680E+00
9.100000E+01 1.000975E+00
9.125000E+01 1.001638E+00
9.150000E+01 1.002940E+00
9.175000E+01 1.001710E+00
9.200000E+01 1.003652E+00
9.225000E+01 1.000568E+00
9.250000E+01 1.001490E+00
9.275000E+01 1.002243E+00
9.300000E+01 1.001896E+00
9.325000E+01 1.000741E+00
9.350000E+01 1.002026E+00
9.375000E+01 1.001832E+00
9.400000E+01 1.002147E+00
9.425000E+01 1.002888E+00
9.450000E+01 1.002110E+00
9.475000E+01 1.002042E+00
9.500000E+01 1.002990E+00
9.525000E+01 1.002744E+00
9.550000E+01 1.001874E+00
9.575000E+01 1.002417E+00
9.600000E+01 1.004856E+00
9.625000E+01 1.003919E+00
9.650000E+01 1.002851E+00
9.675000E+01 1.003437E+00
9.700000E+01 1.001856E+00
9.725000E+01 1.002669E+00
9.750000E+01 1.002578E+00
9.775000E+01 1.001289E+00
9.800000E+01 1.002391E+00
9.825000E+01 1.003190E+00
9.850000E+01 1.002379E+00
9.875000E+01 1.003358E+00
9.900000E+01 1.000956E+00
9.925000E+01 1.003061E+00
9.950000E+01 1.001931E+00
9.975000E+01 1.003491E+00
1.000000E+02 1.001647E+00
1.002500E+02 1.002825E+00
1.005000E+02 1.001804E+00
1.007500E+02 1.000651E+00
1.010000E+02 1.003424E+00
1.012500E+02 1.002852E+00
1.015000E+02 1.001875E+00
1.017500E+02 1.000633E+00
1.020000E+02 1.002035E+00
1.022500E+02 1.001908E+00
1.025000E+02 1.001260E+00
1.027500E+02 1.003349E+00
1.030000E+02 1.000557E+00
1.032500E+02 1.002559E+00
1.035000E+02 1.002951E+00
1.037500E+02 1.003503E+00
1.040000E+02 1.001536E+00
1.042500E+02 1.001856E+00
1.045000E+02 1.001625E+00
1.047500E+02 1.001941E+00
1.050000E+02 1.000976E+00
1.052500E+02 1.000039E+00
1.055000E+02 1.001279E+00
1.057500E+02 1.000490E+00
1.060000E+02 1.002622E+00
1.062500E+02 1.001029E+00
1.065000E+02 1.001257E+00
1.067500E+02 1.002357E+00
1.070000E+02 1.002652E+00
1.072500E+02 1.002129E+00
1.075000E+02 1.000678E+00
1.077500E+02 1.000045E+00
1.080000E+02 1.000997E+00
1.082500E+02 1.001901E+00
1.085000E+02 1.000601E+00
1.087500E+02 1.002258E+00
1.090000E+02 1.002797E+00
1.092500E+02 1.000907E+00
1.095000E+02 1.002812E+00
1.097500E+02 1.001141E+00
1.100000E+02 1.001255E+00
1.102500E+02 1.002061E+00
1.105000E+02 1.002565E+00
1.107500E+02 1.001399E+00
1.110000E+02 1.002254E+00
1.112500E+02 1.000066E+00
1.115000E+02 1.000882E+00
1.117500E+02 1.000365E+00
1.120000E+02 1.000214E+00
1.122500E+02 1.000262E+00
1.125000E+02 1.001303E+00
1.127500E+02 1.002159E+00
1.130000E+02 1.000482E+00
1.132500E+02 1.003217E+00
1.135000E+02 1.001497E+00
1.137500E+02 1.002894E+00
1.140000E+02 1.001845E+00
1.142500E+02 1.001208E+00
1.145000E+02 1.002010E+00
1.147500E+02 1.000850E+00
1.150000E+02 1.002101E+00
1.152500E+02 1.001536E+00
1.155000E+02 1.001862E+00
1.157500E+02 1.002186E+00
1.160000E+02 1.002119E+00
1.162500E+02 1.003042E+00
1.165000E+02 1.001849E+00
1.167500E+02 1.001318E+00
1.170000E+02 1.001337E+00
1.172500E+02 1.002573E+00
1.175000E+02 1.001256E+00
1.177500E+02 1.001651E+00
1.180000E+02 1.001483E+00
1.182500E+02 1.002052E+00
1.185000E+02 1.002073E+00
1.187500E+02 1.001711E+00
1.190000E+02 1.002059E+00
1.192500E+02 1.001950E+00
1.195000E+02 1.001258E+00
1.197500E+02 1.000178E+00
1.200000E+02 1.000885E+00
1.202500E+02 1.001002E+00
1.205000E+02 1.001034E+00
1.207500E+02 1.001652E+00
1.210000E+02 1.001553E+00
1.212500E+02 1.001493E+00
1.215000E+02 1.001965E+00
1.217500E+02 1.000420E+00
1.220000E+02 1.001267E+00
1.222500E+02 1.001839E+00
1.225000E+02 1.001813E+00
1.227500E+02 9.997021E-01
1.230000E+02 1.001026E+00
1.232500E+02 1.002243E+00
1.235000E+02 1.001405E+00
1.237500E+02 1.000227E+00
1.240000E+02 1.001840E+00
1.242500E+02 1.001112E+00
1.245000E+02 1.000723E+00
1.247500E+02 1.001884E+00
1.250000E+02 1.000036E+00
1.252500E+02 9.919476E-01
1.255000E+02 9.881707E-01
1.257500E+02 9.812497E-01
1.260000E+02 9.741856E-01
1.262500E+02 9.694136E-01
1.265000E+02 9.629577E-01
1.267500E+02 9.571823E-01
1.270000E+02 9.511005E-01
1.272500E+02 9.449296E-01
1.275000E+02 9.385754E-01
1.277500E+02 9.333175E-01
1.280000E+02 9.295847E-01
1.282500E+02 9.237914E-01
1.285000E+02 9.179655E-01
1.287500E+02 9.094586E-01
1.290000E+02 9.054326E-01
1.292500E+02 9.000714E-01
1.295000E+02 8.944618E-01
1.297500E+02 8.894964E-01
1.300000E+02 8.817368E-01
1.302500E+02 8.782724E-01
1.305000E+02 8.719995E-01
1.307500E+02 8.665321E-01
1.310000E+02 8.614629E-01
1.312500E+02 8.560370E-01
1.315000E+02 8.510902E-01
1.317500E+02 8.452869E-01
1.320000E+02 8.396099E-01
1.322500E+02 8.344238E-01
1.325000E+02 8.289153E-01
1.327500E+02 8.235994E-01
1.330000E+02 8.177946E-01
1.332500E+02 8.128639E-01
1.335000E+02 8.068606E-01
1.337500E+02 8.027343E-01
1.340000E+02 7.966285E-01
1.342500E+02 7.917246E-01
1.345000E+02 7.871257E-01
1.347500E+02 7.815043E-01
1.350000E+02 7.767292E-01
1.352500E+02 7.713734E-01
1.355000E+02 7.657391E-01
1.357500E+02 7.608382E-01
1.360000E+02 7.553756E-01
1.362500E+02 7.506826E-01
1.365000E+02 7.447811E-01
1.367500E+02 7.401075E-01
1.370000E+02 7.358587E-01
1.372500E+02 7.305911E-01
1.375000E+02 7.253736E-01
1.377500E+02 7.205601E-01
1.380000E+02 7.167222E-01
1.382500E+02 7.109847E-01
1.385000E+02 7.065325E-01
1.387500E+02 7.011740E-01
1.390000E+02 6.957573E-01
1.392500E+02 6.918991E-01
1.395000E+02 6.873066E-01
1.397500E+02 6.820216E-01
1.400000E+02 6.767839E-01
1.402500E+02 6.727994E-01
1.405000E+02 6.684363E-01
1.407500E+02 6.625265E-01
1.410000E+02 6.582284E-01
1.412500E+02 6.537640E-01
1.415000E+02 6.487618E-01
1.417500E+02 6.437703E-01
1.420000E+02 6.394545E-01
1.422500E+02 6.344885E-01
1.425000E+02 6.300639E-01
1.427500E+02 6.254812E-01
1.430000E+02 6.211218E-01
1.432500E+02 6.172820E-01
1.435000E+02 6.113263E-01
1.437500E+02 6.076868E-01
1.440000E+02 6.037235E-01
1.442500E+02 5.977397E-01
1.445000E+02 5.941715E-01
1.447500E+02 5.896216E-01
1.450000E+02 5.851815E-01
1.452500E+02 5.813038E-01
1.455000E+02 5.757440E-01
1.457500E+02 5.721822E-01
1.460000E+02 5.672381E-01
1.462500E+02 5.629280E-01
1.465000E+02 5.581240E-01
1.467500E+02 5.542641E-01
1.470000E+02 5.501609E-01
1.472500E+02 5.448126E-01
1.475000E+02 5.409823E-01
1.477500E+02 5.363969E-01
1.480000E+02 5.322022E-01
1.482500E+02 5.284526E-01
1.485000E+02 5.240620E-01
1.487500E+02 5.204322E-01
1.490000E+02 5.149655E-01
1.492500E+02 5.110468E-01
1.495000E+02 5.066460E-01
1.497500E+02 5.026737E-01
1.500000E+02 4.977246E-01
1.502500E+02 4.946982E-01
1.505000E+02 4.903965E-01
1.507500E+02 4.858713E-01
1.510000E+02 4.815510E-01
1.512500E+02 4.783069E-01
1.515000E+02 4.734351E-01
1.517500E+02 4.699032E-01
1.520000E+02 4.655789E-01
1.522500E+02 4.613563E-01
1.525000E+02 4.579222E-01
1.527500E+02 4.533020E-01
1.530000E+02 4.494768E-01
1.532500E+02 4.458662E-01
1.535000E+02 4.414731E-01
1.537500E+02 4.379260E-01
1.540000E+02 4.331088E-01
1.542500E+02 4.301992E-01
1.545000E+02 4.258266E-01
1.547500E+02 4.217660E-01
1.550000E+02 4.178140E-01
1.552500E+02 4.142308E-01
1.555000E+02 4.098386E-01
1.557500E+02 4.067306E-01
1.560000E+02 4.024777E-01
1.562500E+02 3.986038E-01
1.565000E+02 3.946073E-01
1.567500E+02 3.909867E-01
1.570000E+02 3.872945E-01
1.572500E+02 3.831071E-01
1.575000E+02 3.796456E-01
1.577500E+02 3.760783E-01
1.580000E+02 3.722685E-01
1.582500E+02 3.684469E-01
1.585000E+02 3.640548E-01
1.587500E+02 3.611048E-01
1.590000E+02 3.572299E-01
1.592500E+02 3.528517E-01
1.595000E+02 3.496558E-01
1.597500E+02 3.462884E-01
1.600000E+02 3.427402E-01
1.602500E+02 3.389331E-01
1.605000E+02 3.349907E-01
1.607500E+02 3.309617E-01
1.610000E+02 3.285577E-01
1.612500E+02 3.243486E-01
1.615000E+02 3.209530E-01
1.617500E+02 3.172692E-01
1.620000E+02 3.130448E-01
1.622500E+02 3.098601E-01
1.625000E+02 3.062313E-01
1.627500E+02 3.032008E-01
1.630000E+02 2.995949E-01
1.632500E+02 2.953268E-01
1.635000E+02 2.916768E-01
1.637500E+02 2.886862E-01
1.640000E+02 2.852098E-01
1.642500E+02 2.822308E-01
1.645000E+02 2.785356E-01
1.647500E+02 2.746356E-01
1.650000E+02 2.716064E-01
1.652500E+02 2.683642E-01
1.655000E+02 2.643811E-01
1.657500E+02 2.607167E-01
1.660000E+02 2.574732E-01
1.662500E+02 2.539690E-01
1.665000E+02 2.512631E-01
1.667500E+02 2.474501E-01
1.670000E+02 2.441224E-01
1.672500E+02 2.408610E-01
1.675000E+02 2.376007E-01
1.677500E+02 2.341078E-01
1.680000E+02 2.306423E-01
1.682500E+02 2.270569E-01
1.685000E+02 2.246106E-01
1.687500E+02 2.210764E-01
1.690000E+02 2.175772E-01
1.692500E+02 2.144642E-01
1.695000E+02 2.110489E-01
1.697500E+02 2.077535E-01
1.700000E+02 2.047119E-01
1.702500E+02 2.008921E-01
1.705000E+02 1.983345E-01
1.707500E+02 1.947944E-01
1.710000E+02 1.917280E-01
1.712500E+02 1.885027E-01
1.715000E+02 1.851196E-01
1.717500E+02 1.820655E-01
1.720000E+02 1.789867E-01
1.722500E+02 1.756475E-01
1.725000E+02 1.723934E-01
1.727500E+02 1.695167E-01
1.730000E+02 1.663884E-01
1.732500E+02 1.632539E-01
1.735000E+02 1.600978E-01
1.737500E+02 1.568341E-01
1.740000E+02 1.539176E-01
1.742500E+02 1.505763E-01
1.745000E+02 1.478216E-01
1.747500E+02 1.445370E-01
1.750000E+02 1.414146E-01
1.752500E+02 1.383507E-01
1.755000E+02 1.353296E-01
1.757500E+02 1.323155E-01
1.760000E+02 1.295678E-01
1.762500E+02 1.259863E-01
1.765000E+02 1.232678E-01
1.767500E+02 1.203112E-01
1.770000E+02 1.174250E-01
1.772500E+02 1.150355E-01
1.775000E+02 1.126465E-01
1.777500E+02 1.102328E-01
1.780000E+02 1.075757E-01
1.782500E+02 1.056797E-01
1.785000E+02 1.029354E-01
1.787500E+02 1.010703E-01
1.790000E+02 9.893192E-02
1.792500E+02 9.692345E-02
1.795000E+02 9.519679E-02
1.797500E+02 9.311544E-02
1.800000E+02 9.117514E-02
1.802500E+02 8.912903E-02
1.805000E+02 8.739378E-02
1.807500E+02 8.574783E-02
1.810000E+02 8.367387E-02
1.812500E+02 8.209000E-02
1.815000E+02 8.025646E-02
1.817500E+02 7.872910E-02
1.820000E+02 7.704713E-02
1.822500E+02 7.543633E-02
1.825000E+02 7.383753E-02
1.827500E+02 7.217600E-02
1.830000E+02 7.089439E-02
1.832500E+02 6.941159E-02
1.835000E+02 6.798796E-02
1.837500E+02 6.639278E-02
1.840000E+02 6.505692E-02
1.842500E+02 6.364083E-02
1.845000E+02 6.217142E-02
1.847500E+02 6.089823E-02
1.850000E+02 5.972074E-02
1.852500E+02 5.837134E-02
1.855000E+02 5.720928E-02
1.857500E+02 5.578972E-02
1.860000E+02 5.485408E-02
1.862500E+02 5.365616E-02
1.865000E+02 5.225732E-02
1.867500E+02 5.104033E-02
1.870000E+02 5.005775E-02
1.872500E+02 4.891954E-02
1.875000E+02 4.790997E-02
1.877500E+02 4.670142E-02
1.880000E+02 4.574721E-02
1.882500E+02 4.451570E-02
1.885000E+02 4.349455E-02
1.887500E+02 4.237349E-02
1.890000E+02 4.173240E-02
1.892500E+02 4.057956E-02
1.895000E+02 3.974605E-02
1.897500E+02 3.874349E-02
1.900000E+02 3.793867E-02
1.902500E+02 3.693111E-02
1.905000E+02 3.622156E-02
1.907500E+02 3.527599E-02
1.910000E+02 3.429121E-02
1.912500E+02 3.346589E-02
1.915000E+02 3.270998E-02
1.917500E+02 3.193830E-02
1.920000E+02 3.101163E-02
1.922500E+02 3.037195E-02
1.925000E+02 2.945082E-02
1.927500E+02 2.872559E-02
1.930000E+02 2.805005E-02
1.932500E+02 2.724768E-02
1.935000E+02 2.659156E-02
1.937500E+02 2.590803E-02
1.940000E+02 2.529206E-02
1.942500E+02 2.463087E-02
1.945000E+02 2.394842E-02
1.947500E+02 2.331366E-02
1.950000E+02 2.250926E-02
1.952500E+02 2.200865E-02
1.955000E+02 2.122964E-02
1.957500E+02 2.077532E-02
1.960000E+02 2.018240E-02
1.962500E+02 1.946297E-02
1.965000E+02 1.889921E-02
1.967500E+02 1.838851E-02
1.970000E+02 1.784117E-02
1.972500E+02 1.737801E-02
1.975000E+02 1.684400E-02
1.977500E+02 1.631890E-02
1.980000E+02 1.583535E-02
1.982500E+02 1.527078E-02
1.985000E+02 1.487943E-02
1.987500E+02 1.431453E-02
1.990000E+02 1.387704E-02
1.992500E+02 1.349779E-02
1.995000E+02 1.298244E-02
1.997500E+02 1.251406E-02
2.000000E+02 1.218973E-02
2.002500E+02 1.172342E-02
2.005000E+02 1.128163E-02
2.007500E+02 1.088150E-02
2.010000E+02 1.050741E-02
2.012500E+02 1.016182E-02
2.015000E+02 9.817206E-03
2.017500E+02 9.348942E-03
2.020000E+02 9.007098E-03
2.022500E+02 8.723806E-03
2.025000E+02 8.333125E-03
2.027500E+02 8.020410E-03
2.030000E+02 7.726169E-03
2.032500E+02 7.390969E-03
2.035000E+02 7.060175E-03
2.037500E+02 6.799189E-03
2.040000E+02 6.510375E-03
2.042500E+02 6.192039E-03
2.045000E+02 6.012549E-03
2.047500E+02 5.667209E-03
2.050000E+02 5.422459E-03
2.052500E+02 5.147757E-03
2.055000E+02 4.895018E-03
2.057500E+02 4.654385E-03
2.060000E+02 4.382475E-03
2.062500E+02 4.218744E-03
2.065000E+02 3.999697E-03
2.067500E+02 3.800406E-03
2.070000E+02 3.538506E-03
2.072500E+02 3.405341E-03
2.075000E+02 3.131742E-03
2.077500E+02 2.986987E-03
2.080000E+02 2.801785E-03
2.082500E+02 2.614141E-03
2.085000E+02 2.473794E-03
2.087500E+02 2.279219E-03
2.090000E+02 2.115422E-03
2.092500E+02 1.991235E-03
2.095000E+02 1.833490E-03
2.097500E+02 1.705313E-03
2.100000E+02 1.570063E-03
2.102500E+02 1.443437E-03
2.105000E+02 1.359847E-03
2.107500E+02 1.199272E-03
2.110000E+02 1.130081E-03
2.112500E+02 9.948567E-04
2.115000E+02 8.824962E-04
2.117500E+02 8.156560E-04
2.120000E+02 7.247614E-04
2.122500E+02 6.526848E-04
2.125000E+02 5.629152E-04
2.127500E+02 4.891654E-04
2.130000E+02 4.222711E-04
2.132500E+02 3.541047E-04
2.135000E+02 3.087015E-04
2.137500E+02 2.497901E-04
2.140000E+02 2.100323E-04
2.142500E+02 1.729706E-04
2.145000E+02 1.356112E-04
2.147500E+02 8.873895E-05
2.150000E+02 7.466050E-05
2.152500E+02 4.183100E-05
2.155000E+02 3.071871E-05
2.157500E+02 1.439506E-05
2.160000E+02 5.404964E-06
2.162500E+02 9.244242E-07
