2.500000E-01 0.000000E+00
5.000000E-01 0.000000E+00
7.500000E-01 0.000000E+00
1.000000E+00 0.000000E+00
1.250000E+00 0.000000E+00
1.500000E+00 0.000000E+00
1.750000E+00 0.000000E+00
2.000000E+00 0.000000E+00
2.250000E+00 0.000000E+00
2.500000E+00 0.000000E+00
2.750000E+00 0.000000E+00
3.000000E+00 0.000000E+00
3.250000E+00 0.000000E+00
3.500000E+00 6.175690E-02
3.750000E+00 5.044121E+00
4.000000E+00 3.739290E+01
4.250000E+00 7.486709E+01
4.500000E+00 7.559599E+01
4.750000E+00 5.601564E+01
5.000000E+00 3.724999E+01
5.250000E+00 2.431065E+01
5.500000E+00 1.596908E+01
5.750000E+00 1.121873E+01
6.000000E+00 8.421611E+00
6.250000E+00 6.742101E+00
6.500000E+00 5.526256E+00
6.750000E+00 4.464592E+00
7.000000E+00 3.601898E+00
7.250000E+00 2.929828E+00
7.500000E+00 2.537431E+00
7.750000E+00 2.324904E+00
8.000000E+00 2.368072E+00
8.250000E+00 2.534668E+00
8.500000E+00 2.637269E+00
8.750000E+00 2.582921E+00
9.000000E+00 2.364209E+00
9.250000E+00 2.095410E+00
9.500000E+00 1.843914E+00
9.750000E+00 1.617249E+00
1.000000E+01 1.483792E+00
1.025000E+01 1.371285E+00
1.050000E+01 1.300489E+00
1.075000E+01 1.233472E+00
1.100000E+01 1.195787E+00
1.125000E+01 1.152454E+00
1.150000E+01 1.130404E+00
1.175000E+01 1.112821E+00
1.200000E+01 1.104962E+00
1.225000E+01 1.093067E+00
1.250000E+01 1.085749E+00
1.275000E+01 1.076873E+00
1.300000E+01 1.079168E+00
1.325000E+01 1.066038E+00
1.350000E+01 1.049495E+00
1.375000E+01 1.049101E+00
1.400000E+01 1.040052E+00
1.425000E+01 1.039574E+00
1.450000E+01 1.040120E+00
1.475000E+01 1.029998E+00
1.500000E+01 1.030887E+00
1.525000E+01 1.022397E+00
1.550000E+01 1.016193E+00
1.575000E+01 1.016342E+00
1.600000E+01 1.022515E+00
1.625000E+01 1.015142E+00
1.650000E+01 1.017853E+00
1.675000E+01 1.015765E+00
1.700000E+01 1.009918E+00
1.725000E+01 1.027153E+00
1.750000E+01 1.016413E+00
1.775000E+01 1.015882E+00
1.800000E+01 1.022750E+00
1.825000E+01 1.013504E+00
1.850000E+01 1.007580E+00
1.875000E+01 1.015280E+00
1.900000E+01 1.010832E+00
1.925000E+01 1.016692E+00
1.950000E+01 1.005134E+00
1.975000E+01 1.022222E+00
2.000000E+01 1.012281E+00
2.025000E+01 1.008577E+00
2.050000E+01 1.005901E+00
2.075000E+01 1.005772E+00
2.100000E+01 1.010542E+00
2.125000E+01 1.009689E+00
2.150000E+01 1.007184E+00
2.175000E+01 1.004907E+00
2.200000E+01 1.006910E+00
2.225000E+01 1.010533E+00
2.250000E+01 1.015086E+00
2.275000E+01 1.008658E+00
2.300000E+01 1.014757E+00
2.325000E+01 1.011898E+00
2.350000E+01 1.003256E+00
2.375000E+01 1.011701E+00
2.400000E+01 1.011385E+00
2.425000E+01 1.000735E+00
2.450000E+01 1.008528E+00
2.475000E+01 1.009663E+00
2.500000E+01 1.010356E+00
2.525000E+01 1.012598E+00
2.550000E+01 1.009172E+00
2.575000E+01 1.007297E+00
2.600000E+01 1.009804E+00
2.625000E+01 1.003063E+00
2.650000E+01 1.003535E+00
2.675000E+01 1.007883E+00
2.700000E+01 1.006156E+00
2.725000E+01 1.006641E+00
2.750000E+01 1.007334E+00
2.775000E+01 1.007903E+00
2.800000E+01 1.009312E+00
2.825000E+01 1.007046E+00
2.850000E+01 1.007268E+00
2.875000E+01 1.006571E+00
2.900000E+01 1.007008E+00
2.925000E+01 1.010163E+00
2.950000E+01 1.004498E+00
2.975000E+01 1.006354E+00
3.000000E+01 1.006583E+00
3.025000E+01 1.006911E+00
3.050000E+01 1.005861E+00
3.075000E+01 1.006168E+00
3.100000E+01 1.007451E+00
3.125000E+01 1.007761E+00
3.150000E+01 1.008079E+00
3.175000E+01 1.007061E+00
3.200000E+01 1.006860E+00
3.225000E+01 1.004126E+00
3.250000E+01 1.005006E+00
3.275000E+01 1.008288E+00
3.300000E+01 1.004548E+00
3.325000E+01 1.003536E+00
3.350000E+01 1.005390E+00
3.375000E+01 1.008185E+00
3.400000E+01 1.007437E+00
3.425000E+01 1.007426E+00
3.450000E+01 1.005772E+00
3.475000E+01 1.007844E+00
3.500000E+01 1.005138E+00
3.525000E+01 1.004412E+00
3.550000E+01 1.007696E+00
3.575000E+01 1.005050E+00
3.600000E+01 1.007545E+00
3.625000E+01 1.007612E+00
3.650000E+01 1.004797E+00
3.675000E+01 1.006521E+00
3.700000E+01 1.005433E+00
3.725000E+01 1.006594E+00
3.750000E+01 1.005043E+00
3.775000E+01 1.003990E+00
3.800000E+01 1.002384E+00
3.825000E+01 1.009357E+00
3.850000E+01 1.008356E+00
3.875000E+01 1.003314E+00
3.900000E+01 1.005063E+00
3.925000E+01 1.002299E+00
3.950000E+01 1.006050E+00
3.975000E+01 1.004757E+00
4.000000E+01 1.003292E+00
4.025000E+01 1.001893E+00
4.050000E+01 1.007405E+00
4.075000E+01 1.005977E+00
4.100000E+01 1.000908E+00
4.125000E+01 1.007816E+00
4.150000E+01 1.005901E+00
4.175000E+01 1.003617E+00
4.200000E+01 1.006331E+00
4.225000E+01 1.002437E+00
4.250000E+01 1.006227E+00
4.275000E+01 1.001987E+00
4.300000E+01 1.003533E+00
4.325000E+01 1.004006E+00
4.350000E+01 1.003681E+00
4.375000E+01 1.004105E+00
4.400000E+01 1.003560E+00
4.425000E+01 1.004782E+00
4.450000E+01 1.003198E+00
4.475000E+01 1.004394E+00
4.500000E+01 1.005110E+00
4.525000E+01 1.004323E+00
4.550000E+01 1.006601E+00
4.575000E+01 1.003947E+00
4.600000E+01 1.004474E+00
4.625000E+01 1.004025E+00
4.650000E+01 1.001532E+00
4.675000E+01 1.003686E+00
4.700000E+01 1.003494E+00
4.725000E+01 1.000677E+00
4.750000E+01 1.005381E+00
4.775000E+01 1.002977E+00
4.800000E+01 1.005613E+00
4.825000E+01 1.006060E+00
4.850000E+01 1.002500E+00
4.875000E+01 1.005338E+00
4.900000E+01 1.004033E+00
4.925000E+01 9.991201E-01
4.950000E+01 1.002989E+00
4.975000E+01 1.002846E+00
5.000000E+01 1.004457E+00
5.025000E+01 1.004494E+00
5.050000E+01 1.003650E+00
5.075000E+01 1.005631E+00
5.100000E+01 1.002004E+00
5.125000E+01 1.006908E+00
5.150000E+01 1.004624E+00
5.175000E+01 1.002509E+00
5.200000E+01 1.004475E+00
5.225000E+01 1.002962E+00
5.250000E+01 1.001063E+00
5.275000E+01 1.003792E+00
5.300000E+01 1.002132E+00
5.325000E+01 1.001531E+00
5.350000E+01 1.003999E+00
5.375000E+01 1.002385E+00
5.400000E+01 1.001585E+00
5.425000E+01 1.003600E+00
5.450000E+01 1.003777E+00
5.475000E+01 1.000890E+00
5.500000E+01 1.002194E+00
5.525000E+01 1.000568E+00
5.550000E+01 1.001300E+00
5.575000E+01 1.002783E+00
5.600000E+01 1.003260E+00
5.625000E+01 1.002908E+00
5.650000E+01 1.002112E+00
5.675000E+01 1.001853E+00
5.700000E+01 1.000333E+00
5.725000E+01 1.001075E+00
5.750000E+01 1.004444E+00
5.775000E+01 1.001369E+00
5.800000E+01 1.002898E+00
5.825000E+01 1.000182E+00
5.850000E+01 1.001978E+00
5.875000E+01 1.002749E+00
5.900000E+01 1.002629E+00
5.925000E+01 1.002158E+00
5.950000E+01 1.003563E+00
5.975000E+01 1.001732E+00
6.000000E+01 1.002282E+00
6.025000E+01 1.003296E+00
6.050000E+01 1.001604E+00
6.075000E+01 9.989528E-01
6.100000E+01 1.002333E+00
6.125000E+01 1.002764E+00
6.150000E+01 1.001135E+00
6.175000E+01 1.001223E+00
6.200000E+01 1.002454E+00
6.225000E+01 1.002083E+00
6.250000E+01 1.003596E+00
6.275000E+01 1.002272E+00
6.300000E+01 1.000925E+00
6.325000E+01 1.002933E+00
6.350000E+01 1.002062E+00
6.375000E+01 1.003516E+00
6.400000E+01 1.000293E+00
6.425000E+01 9.989207E-01
6.450000E+01 1.002404E+00
6.475000E+01 1.003544E+00
6.500000E+01 1.003021E+00
6.525000E+01 1.002254E+00
6.550000E+01 1.001191E+00
6.575000E+01 1.000922E+00
6.600000E+01 1.002609E+00
6.625000E+01 9.994380E-01
6.650000E+01 9.997009E-01
6.675000E+01 1.000639E+00
6.700000E+01 1.003375E+00
6.725000E+01 1.001202E+00
6.750000E+01 1.003324E+00
6.775000E+01 1.002305E+00
6.800000E+01 1.001056E+00
6.825000E+01 1.001488E+00
6.850000E+01 9.999897E-01
6.875000E+01 1.000383E+00
6.900000E+01 1.001856E+00
6.925000E+01 1.001803E+00
6.950000E+01 1.001078E+00
6.975000E+01 1.000726E+00
7.000000E+01 1.001381E+00
7.025000E+01 1.000573E+00
7.050000E+01 1.004157E+00
7.075000E+01 9.988855E-01
7.100000E+01 1.000230E+00
7.125000E+01 1.001231E+00
7.150000E+01 1.001412E+00
7.175000E+01 1.000750E+00
7.200000E+01 9.999803E-01
7.225000E+01 1.001409E+00
7.250000E+01 1.002498E+00
7.275000E+01 1.001566E+00
7.300000E+01 1.002413E+00
7.325000E+01 1.000486E+00
7.350000E+01 9.998149E-01
7.375000E+01 1.000560E+00
7.400000E+01 1.001406E+00
7.425000E+01 1.002053E+00
7.450000E+01 1.002658E+00
7.475000E+01 1.000364E+00
7.500000E+01 1.002540E+00
7.525000E+01 1.000965E+00
7.550000E+01 1.003226E+00
7.575000E+01 1.001107E+00
7.600000E+01 1.000468E+00
7.625000E+01 1.003550E+00
7.650000E+01 1.001221E+00
7.675000E+01 1.001389E+00
7.700000E+01 9.995953E-01
7.725000E+01 1.001561E+00
7.750000E+01 1.000761E+00
7.775000E+01 1.001193E+00
7.800000E+01 1.003215E+00
7.825000E+01 1.001626E+00
7.850000E+01 1.001890E+00
7.875000E+01 9.998771E-01
7.900000E+01 9.990713E-01
7.925000E+01 1.000036E+00
7.950000E+01 1.000310E+00
7.975000E+01 1.000004E+00
8.000000E+01 1.001953E+00
8.025000E+01 1.000679E+00
8.050000E+01 1.000282E+00
8.075000E+01 1.001179E+00
8.100000E+01 1.002319E+00
8.125000E+01 1.000714E+00
8.150000E+01 9.995703E-01
8.175000E+01 1.002056E+00
8.200000E+01 1.002005E+00
8.225000E+01 1.001248E+00
8.250000E+01 1.000590E+00
8.275000E+01 9.992034E-01
8.300000E+01 1.001952E+00
8.325000E+01 9.991008E-01
8.350000E+01 1.000656E+00
8.375000E+01 1.002227E+00
8.400000E+01 1.001440E+00
8.425000E+01 9.981985E-01
8.450000E+01 1.001188E+00
8.475000E+01 1.000885E+00
8.500000E+01 9.998606E-01
8.525000E+01 1.000843E+00
8.550000E+01 1.001166E+00
8.575000E+01 1.000072E+00
8.600000E+01 1.000253E+00
8.625000E+01 1.000154E+00
8.650000E+01 1.001933E+00
8.675000E+01 9.989203E-01
8.700000E+01 1.000353E+00
8.725000E+01 9.996472E-01
8.750000E+01 1.000565E+00
8.775000E+01 1.000165E+00
8.800000E+01 1.000348E+00
8.825000E+01 1.001461E+00
8.850000E+01 9.987251E-01
8.875000E+01 1.001059E+00
8.900000E+01 1.001694E+00
8.925000E+01 1.001420E+00
8.950000E+01 1.000017E+00
8.975000E+01 1.000031E+00
9.000000E+01 1.000559E+00
9.025000E+01 9.995205E-01
9.050000E+01 9.994108E-01
9.075000E+01 9.994534E-01
9.100000E+01 1.002281E+00
9.125000E+01 9.985593E-01
9.150000E+01 1.000249E+00
9.175000E+01 9.994791E-01
9.200000E+01 9.998984E-01
9.225000E+01 1.000247E+00
9.250000E+01 1.000386E+00
9.275000E+01 1.000275E+00
9.300000E+01 1.001224E+00
9.325000E+01 1.000477E+00
9.350000E+01 1.001501E+00
9.375000E+01 9.995559E-01
9.400000E+01 1.003021E+00
9.425000E+01 1.000554E+00
9.450000E+01 1.000362E+00
9.475000E+01 1.000473E+00
9.500000E+01 1.000639E+00
9.525000E+01 1.001408E+00
9.550000E+01 1.000277E+00
9.575000E+01 1.001285E+00
9.600000E+01 1.000773E+00
9.625000E+01 9.999763E-01
9.650000E+01 1.001785E+00
9.675000E+01 9.997945E-01
9.700000E+01 9.992145E-01
9.725000E+01 9.988078E-01
9.750000E+01 9.992410E-01
9.775000E+01 9.987564E-01
9.800000E+01 9.989374E-01
9.825000E+01 9.995790E-01
9.850000E+01 1.000980E+00
9.875000E+01 9.996002E-01
9.900000E+01 9.991754E-01
9.925000E+01 9.999622E-01
9.950000E+01 1.000583E+00
9.975000E+01 1.000249E+00
1.000000E+02 9.990616E-01
1.002500E+02 1.000716E+00
1.005000E+02 9.998234E-01
1.007500E+02 1.001240E+00
1.010000E+02 1.000802E+00
1.012500E+02 1.000552E+00
1.015000E+02 1.000341E+00
1.017500E+02 9.993534E-01
1.020000E+02 1.000176E+00
1.022500E+02 1.000283E+00
1.025000E+02 1.001080E+00
1.027500E+02 1.000124E+00
1.030000E+02 1.000404E+00
1.032500E+02 1.000679E+00
1.035000E+02 1.000545E+00
1.037500E+02 1.001286E+00
1.040000E+02 1.000434E+00
1.042500E+02 1.000904E+00
1.045000E+02 1.000304E+00
1.047500E+02 9.999708E-01
1.050000E+02 9.996704E-01
1.052500E+02 1.000515E+00
1.055000E+02 1.000236E+00
1.057500E+02 9.997021E-01
1.060000E+02 1.000149E+00
1.062500E+02 1.000125E+00
1.065000E+02 1.001215E+00
1.067500E+02 9.998199E-01
1.070000E+02 9.990670E-01
1.072500E+02 9.989917E-01
1.075000E+02 9.998951E-01
1.077500E+02 1.000459E+00
1.080000E+02 1.000909E+00
1.082500E+02 1.001182E+00
1.085000E+02 1.000032E+00
1.087500E+02 1.000547E+00
1.090000E+02 1.000261E+00
1.092500E+02 1.000036E+00
1.095000E+02 1.000728E+00
1.097500E+02 9.991799E-01
1.100000E+02 1.000420E+00
1.102500E+02 9.999548E-01
1.105000E+02 1.000624E+00
1.107500E+02 9.993534E-01
1.110000E+02 9.999362E-01
1.112500E+02 9.998586E-01
1.115000E+02 9.996367E-01
1.117500E+02 9.998908E-01
1.120000E+02 1.000120E+00
1.122500E+02 1.000137E+00
1.125000E+02 1.001074E+00
1.127500E+02 9.995475E-01
1.130000E+02 9.997125E-01
1.132500E+02 1.000197E+00
1.135000E+02 1.000540E+00
1.137500E+02 9.993869E-01
1.140000E+02 9.992552E-01
1.142500E+02 9.999937E-01
1.145000E+02 1.000777E+00
1.147500E+02 9.990599E-01
1.150000E+02 1.000617E+00
1.152500E+02 1.000179E+00
1.155000E+02 9.993978E-01
1.157500E+02 9.989465E-01
1.160000E+02 1.000946E+00
1.162500E+02 9.998555E-01
1.165000E+02 9.987774E-01
1.167500E+02 9.993174E-01
1.170000E+02 9.990720E-01
1.172500E+02 9.988993E-01
1.175000E+02 1.000069E+00
1.177500E+02 1.000211E+00
1.180000E+02 9.997338E-01
1.182500E+02 9.991117E-01
1.185000E+02 9.981864E-01
1.187500E+02 1.000475E+00
1.190000E+02 9.986810E-01
1.192500E+02 9.997526E-01
1.195000E+02 9.996653E-01
1.197500E+02 9.989695E-01
1.200000E+02 9.995232E-01
1.202500E+02 1.000864E+00
1.205000E+02 9.998046E-01
1.207500E+02 9.995337E-01
1.210000E+02 1.000296E+00
1.212500E+02 9.987838E-01
1.215000E+02 1.000109E+00
1.217500E+02 1.000019E+00
1.220000E+02 9.999386E-01
1.222500E+02 1.000754E+00
1.225000E+02 1.000206E+00
1.227500E+02 9.988055E-01
1.230000E+02 1.000469E+00
1.232500E+02 9.992584E-01
1.235000E+02 1.001317E+00
1.237500E+02 9.997570E-01
1.240000E+02 9.991912E-01
1.242500E+02 9.990896E-01
1.245000E+02 1.000016E+00
1.247500E+02 1.000509E+00
1.250000E+02 9.981171E-01
1.252500E+02 9.907934E-01
1.255000E+02 9.855938E-01
1.257500E+02 9.796003E-01
1.260000E+02 9.727660E-01
1.262500E+02 9.670649E-01
1.265000E+02 9.608951E-01
1.267500E+02 9.551530E-01
1.270000E+02 9.500878E-01
1.272500E+02 9.448281E-01
1.275000E+02 9.391294E-01
1.277500E+02 9.312161E-01
1.280000E+02 9.274400E-01
1.282500E+02 9.211018E-01
1.285000E+02 9.148181E-01
1.287500E+02 9.107386E-01
1.290000E+02 9.036236E-01
1.292500E+02 8.982794E-01
1.295000E+02 8.919411E-01
1.297500E+02 8.872812E-01
1.300000E+02 8.822027E-01
1.302500E+02 8.765138E-01
1.305000E+02 8.717680E-01
1.307500E+02 8.649664E-01
1.310000E+02 8.608852E-01
1.312500E+02 8.542105E-01
1.315000E+02 8.474969E-01
1.317500E+02 8.435290E-01
1.320000E+02 8.382098E-01
1.322500E+02 8.329527E-01
1.325000E+02 8.273218E-01
1.327500E+02 8.224596E-01
1.330000E+02 8.175706E-01
1.332500E+02 8.112229E-01
1.335000E+02 8.057533E-01
1.337500E+02 8.015711E-01
1.340000E+02 7.951394E-01
1.342500E+02 7.906509E-01
1.345000E+02 7.860981E-01
1.347500E+02 7.797381E-01
1.350000E+02 7.747687E-01
1.352500E+02 7.703411E-01
1.355000E+02 7.642048E-01
1.357500E+02 7.591077E-01
1.360000E+02 7.552887E-01
1.362500E+02 7.501761E-01
1.365000E+02 7.443245E-01
1.367500E+02 7.396702E-01
1.370000E+02 7.339954E-01
1.372500E+02 7.302285E-01
1.375000E+02 7.246739E-01
1.377500E+02 7.200646E-01
1.380000E+02 7.143254E-01
1.382500E+02 7.100423E-01
1.385000E+02 7.048907E-01
1.387500E+02 7.009341E-01
1.390000E+02 6.958785E-01
1.392500E+02 6.900974E-01
1.395000E+02 6.850696E-01
1.397500E+02 6.808064E-01
1.400000E+02 6.765535E-01
1.402500E+02 6.710408E-01
1.405000E+02 6.651937E-01
1.407500E+02 6.623410E-01
1.410000E+02 6.570792E-01
1.412500E+02 6.536709E-01
1.415000E+02 6.481565E-01
1.417500E+02 6.430850E-01
1.420000E+02 6.388878E-01
1.422500E+02 6.335666E-01
1.425000E+02 6.292943E-01
1.427500E+02 6.242967E-01
1.430000E+02 6.198485E-01
1.432500E+02 6.155546E-01
1.435000E+02 6.111755E-01
1.437500E+02 6.069316E-01
1.440000E+02 6.015974E-01
1.442500E+02 5.965171E-01
1.445000E+02 5.934483E-01
1.447500E+02 5.885800E-01
1.450000E+02 5.838960E-01
1.452500E+02 5.798080E-01
1.455000E+02 5.755088E-01
1.457500E+02 5.705417E-01
1.460000E+02 5.659499E-01
1.462500E+02 5.626528E-01
1.465000E+02 5.584278E-01
1.467500E+02 5.528868E-01
1.470000E+02 5.489949E-01
1.472500E+02 5.445730E-01
1.475000E+02 5.405746E-01
1.477500E+02 5.355995E-01
1.480000E+02 5.314683E-01
1.482500E+02 5.269810E-01
1.485000E+02 5.230387E-01
1.487500E+02 5.184846E-01
1.490000E+02 5.145299E-01
1.492500E+02 5.109171E-01
1.495000E+02 5.065699E-01
1.497500E+02 5.022399E-01
1.500000E+02 4.981207E-01
1.502500E+02 4.938505E-01
1.505000E+02 4.896559E-01
1.507500E+02 4.855974E-01
1.510000E+02 4.813506E-01
1.512500E+02 4.777888E-01
1.515000E+02 4.729300E-01
1.517500E+02 4.691685E-01
1.520000E+02 4.658661E-01
1.522500E+02 4.614160E-01
1.525000E+02 4.573404E-01
1.527500E+02 4.528616E-01
1.530000E+02 4.488778E-01
1.532500E+02 4.448749E-01
1.535000E+02 4.411413E-01
1.537500E+02 4.369873E-01
1.540000E+02 4.327993E-01
1.542500E+02 4.294122E-01
1.545000E+02 4.249600E-01
1.547500E+02 4.212684E-01
1.550000E+02 4.173863E-01
1.552500E+02 4.135531E-01
1.555000E+02 4.097891E-01
1.557500E+02 4.059352E-01
1.560000E+02 4.024455E-01
1.562500E+02 3.982851E-01
1.565000E+02 3.941999E-01
1.567500E+02 3.908163E-01
1.570000E+02 3.875275E-01
1.572500E+02 3.832805E-01
1.575000E+02 3.797646E-01
1.577500E+02 3.759220E-01
1.580000E+02 3.714630E-01
1.582500E+02 3.676166E-01
1.585000E+02 3.644222E-01
1.587500E+02 3.607763E-01
1.590000E+02 3.570125E-01
1.592500E+02 3.531136E-01
1.595000E+02 3.497150E-01
1.597500E+02 3.461280E-01
1.600000E+02 3.421126E-01
1.602500E+02 3.382182E-01
1.605000E+02 3.346666E-01
1.607500E+02 3.307919E-01
1.610000E+02 3.274995E-01
1.612500E+02 3.242511E-01
1.615000E+02 3.206325E-01
1.617500E+02 3.166316E-01
1.620000E+02 3.131088E-01
1.622500E+02 3.099203E-01
1.625000E+02 3.061429E-01
1.627500E+02 3.022591E-01
1.630000E+02 2.990873E-01
1.632500E+02 2.954787E-01
1.635000E+02 2.918970E-01
1.637500E+02 2.889336E-01
1.640000E+02 2.845972E-01
1.642500E+02 2.810699E-01
1.645000E+02 2.776905E-01
1.647500E+02 2.748612E-01
1.650000E+02 2.712070E-01
1.652500E+02 2.680452E-01
1.655000E+02 2.643538E-01
1.657500E+02 2.608048E-01
1.660000E+02 2.580515E-01
1.662500E+02 2.540665E-01
1.665000E+02 2.507826E-01
1.667500E+02 2.472609E-01
1.670000E+02 2.439894E-01
1.672500E+02 2.408025E-01
1.675000E+02 2.374368E-01
1.677500E+02 2.339322E-01
1.680000E+02 2.300998E-01
1.682500E+02 2.275155E-01
1.685000E+02 2.242441E-01
1.687500E+02 2.206371E-01
1.690000E+02 2.176138E-01
1.692500E+02 2.143707E-01
1.695000E+02 2.106111E-01
1.697500E+02 2.078986E-01
1.700000E+02 2.042976E-01
1.702500E+02 2.010825E-01
1.705000E+02 1.984627E-01
1.707500E+02 1.951834E-01
1.710000E+02 1.916578E-01
1.712500E+02 1.880209E-01
1.715000E+02 1.848124E-01
1.717500E+02 1.816788E-01
1.720000E+02 1.782066E-01
1.722500E+02 1.757514E-01
1.725000E+02 1.722573E-01
1.727500E+02 1.693911E-01
1.730000E+02 1.664700E-01
1.732500E+02 1.631762E-01
1.735000E+02 1.596261E-01
1.737500E+02 1.571002E-01
1.740000E+02 1.536037E-01
1.742500E+02 1.507260E-01
1.745000E+02 1.476593E-01
1.747500E+02 1.446850E-01
1.750000E+02 1.415122E-01
1.752500E+02 1.385426E-01
1.755000E+02 1.351892E-01
1.757500E+02 1.322798E-01
1.760000E+02 1.290810E-01
1.762500E+02 1.263751E-01
1.765000E+02 1.233837E-01
1.767500E+02 1.204549E-01
1.770000E+02 1.173661E-01
1.772500E+02 1.150443E-01
1.775000E+02 1.121429E-01
1.777500E+02 1.102376E-01
1.780000E+02 1.075866E-01
1.782500E+02 1.055183E-01
1.785000E+02 1.032154E-01
1.787500E+02 1.009574E-01
1.790000E+02 9.915904E-02
1.792500E+02 9.658664E-02
1.795000E+02 9.481844E-02
1.797500E+02 9.281930E-02
1.800000E+02 9.105172E-02
1.802500E+02 8.930333E-02
1.805000E+02 8.708904E-02
1.807500E+02 8.550943E-02
1.810000E+02 8.371345E-02
1.812500E+02 8.191565E-02
1.815000E+02 8.027855E-02
1.817500E+02 7.862005E-02
1.820000E+02 7.711260E-02
1.822500E+02 7.536909E-02
1.825000E+02 7.370082E-02
1.827500E+02 7.226035E-02
1.830000E+02 7.076079E-02
1.832500E+02 6.908525E-02
1.835000E+02 6.798497E-02
1.837500E+02 6.654429E-02
1.840000E+02 6.492306E-02
1.842500E+02 6.366014E-02
1.845000E+02 6.233546E-02
1.847500E+02 6.118299E-02
1.850000E+02 5.979863E-02
1.852500E+02 5.838814E-02
1.855000E+02 5.700534E-02
1.857500E+02 5.580183E-02
1.860000E+02 5.454878E-02
1.862500E+02 5.346715E-02
1.865000E+02 5.236938E-02
1.867500E+02 5.118887E-02
1.870000E+02 4.995082E-02
1.872500E+02 4.889509E-02
1.875000E+02 4.794768E-02
1.877500E+02 4.688088E-02
1.880000E+02 4.564834E-02
1.882500E+02 4.452485E-02
1.885000E+02 4.373342E-02
1.887500E+02 4.271324E-02
1.890000E+02 4.159746E-02
1.892500E+02 4.076966E-02
1.895000E+02 3.955785E-02
1.897500E+02 3.885215E-02
1.900000E+02 3.771992E-02
1.902500E+02 3.700835E-02
1.905000E+02 3.602024E-02
1.907500E+02 3.531104E-02
1.910000E+02 3.418456E-02
1.912500E+02 3.343161E-02
1.915000E+02 3.282688E-02
1.917500E+02 3.170805E-02
1.920000E+02 3.115118E-02
1.922500E+02 3.042555E-02
1.925000E+02 2.963495E-02
1.927500E+02 2.871066E-02
1.930000E+02 2.809357E-02
1.932500E+02 2.725578E-02
1.935000E+02 2.668296E-02
1.937500E+02 2.582780E-02
1.940000E+02 2.533820E-02
1.942500E+02 2.459955E-02
1.945000E+02 2.395642E-02
1.947500E+02 2.314990E-02
1.950000E+02 2.259017E-02
1.952500E+02 2.194439E-02
1.955000E+02 2.135387E-02
1.957500E+02 2.079281E-02
1.960000E+02 2.017283E-02
1.962500E+02 1.965491E-02
1.965000E+02 1.903039E-02
1.967500E+02 1.848046E-02
1.970000E+02 1.795683E-02
1.972500E+02 1.737727E-02
1.975000E+02 1.679542E-02
1.977500E+02 1.632295E-02
1.980000E+02 1.576405E-02
1.982500E+02 1.533329E-02
1.985000E+02 1.484743E-02
1.987500E+02 1.442561E-02
1.990000E+02 1.380973E-02
1.992500E+02 1.346857E-02
1.995000E+02 1.297104E-02
1.997500E+02 1.248101E-02
2.000000E+02 1.206527E-02
2.002500E+02 1.162496E-02
2.005000E+02 1.131209E-02
2.007500E+02 1.080427E-02
2.010000E+02 1.045872E-02
2.012500E+02 1.021590E-02
2.015000E+02 9.820578E-03
2.017500E+02 9.399391E-03
2.020000E+02 9.034996E-03
2.022500E+02 8.644191E-03
2.025000E+02 8.321177E-03
2.027500E+02 8.099282E-03
2.030000E+02 7.705888E-03
2.032500E+02 7.356785E-03
2.035000E+02 7.132900E-03
2.037500E+02 6.765173E-03
2.040000E+02 6.523706E-03
2.042500E+02 6.165269E-03
2.045000E+02 5.949665E-03
2.047500E+02 5.664460E-03
2.050000E+02 5.456748E-03
2.052500E+02 5.176318E-03
2.055000E+02 4.864138E-03
2.057500E+02 4.626472E-03
2.060000E+02 4.450389E-03
2.062500E+02 4.175216E-03
2.065000E+02 3.976887E-03
2.067500E+02 3.726073E-03
2.070000E+02 3.577011E-03
2.072500E+02 3.395948E-03
2.075000E+02 3.172572E-03
2.077500E+02 3.013530E-03
2.080000E+02 2.791960E-03
2.082500E+02 2.641221E-03
2.085000E+02 2.472634E-03
2.087500E+02 2.315263E-03
2.090000E+02 2.155339E-03
2.092500E+02 1.979223E-03
2.095000E+02 1.849249E-03
2.097500E+02 1.694996E-03
2.100000E+02 1.582316E-03
2.102500E+02 1.455335E-03
2.105000E+02 1.325376E-03
2.107500E+02 1.185808E-03
2.110000E+02 1.100951E-03
2.112500E+02 9.867842E-04
2.115000E+02 9.106832E-04
2.117500E+02 8.071395E-04
2.120000E+02 7.101732E-04
2.122500E+02 6.397302E-04
2.125000E+02 5.669041E-04
2.127500E+02 4.917123E-04
2.130000E+02 4.222711E-04
2.132500E+02 3.548969E-04
2.135000E+02 2.968466E-04
2.137500E+02 2.609865E-04
2.140000E+02 2.105042E-04
2.142500E+02 1.681048E-04
2.145000E+02 1.243364E-04
2.147500E+02 9.608178E-05
2.150000E+02 7.107555E-05
2.152500E+02 4.245302E-05
2.155000E+02 2.947755E-05
2.157500E+02 1.362114E-05
2.160000E+02 4.323971E-06
2.162500E+02 4.622121E-07
