2.500000E-01 0.000000E+00
5.000000E-01 0.000000E+00
7.500000E-01 0.000000E+00
1.000000E+00 0.000000E+00
1.250000E+00 0.000000E+00
1.500000E+00 0.000000E+00
1.750000E+00 0.000000E+00
2.000000E+00 0.000000E+00
2.250000E+00 0.000000E+00
2.500000E+00 0.000000E+00
2.750000E+00 0.000000E+00
3.000000E+00 0.000000E+00
3.250000E+00 0.000000E+00
3.500000E+00 2.719140E-02
3.750000E+00 2.369929E+00
4.000000E+00 1.780550E+01
4.250000E+00 3.568624E+01
4.500000E+00 3.631705E+01
4.750000E+00 2.750139E+01
5.000000E+00 1.883680E+01
5.250000E+00 1.280123E+01
5.500000E+00 9.055371E+00
5.750000E+00 6.972160E+00
6.000000E+00 5.910685E+00
6.250000E+00 5.361140E+00
6.500000E+00 4.855691E+00
6.750000E+00 4.255891E+00
7.000000E+00 3.667505E+00
7.250000E+00 3.212268E+00
7.500000E+00 2.953191E+00
7.750000E+00 2.950917E+00
8.000000E+00 3.251189E+00
8.250000E+00 3.742244E+00
8.500000E+00 4.111390E+00
8.750000E+00 4.119075E+00
9.000000E+00 3.816123E+00
9.250000E+00 3.392162E+00
9.500000E+00 2.960427E+00
9.750000E+00 2.618207E+00
1.000000E+01 2.360836E+00
1.025000E+01 2.163014E+00
1.050000E+01 2.009961E+00
1.075000E+01 1.880048E+00
1.100000E+01 1.764549E+00
1.125000E+01 1.674338E+00
1.150000E+01 1.605826E+00
1.175000E+01 1.559460E+00
1.200000E+01 1.546018E+00
1.225000E+01 1.551675E+00
1.250000E+01 1.562004E+00
1.275000E+01 1.565315E+00
1.300000E+01 1.547810E+00
1.325000E+01 1.513815E+00
1.350000E+01 1.468899E+00
1.375000E+01 1.416315E+00
1.400000E+01 1.367801E+00
1.425000E+01 1.324647E+00
1.450000E+01 1.288534E+00
1.475000E+01 1.258600E+00
1.500000E+01 1.229851E+00
1.525000E+01 1.205931E+00
1.550000E+01 1.190493E+00
1.575000E+01 1.177985E+00
1.600000E+01 1.165435E+00
1.625000E+01 1.159949E+00
1.650000E+01 1.152716E+00
1.675000E+01 1.148383E+00
1.700000E+01 1.142112E+00
1.725000E+01 1.136249E+00
1.750000E+01 1.127374E+00
1.775000E+01 1.118236E+00
1.800000E+01 1.108156E+00
1.825000E+01 1.099890E+00
1.850000E+01 1.090147E+00
1.875000E+01 1.083355E+00
1.900000E+01 1.075150E+00
1.925000E+01 1.071371E+00
1.950000E+01 1.063952E+00
1.975000E+01 1.060896E+00
2.000000E+01 1.057326E+00
2.025000E+01 1.054006E+00
2.050000E+01 1.050194E+00
2.075000E+01 1.048498E+00
2.100000E+01 1.046013E+00
2.125000E+01 1.044971E+00
2.150000E+01 1.042862E+00
2.175000E+01 1.039708E+00
2.200000E+01 1.037933E+00
2.225000E+01 1.035419E+00
2.250000E+01 1.032727E+00
2.275000E+01 1.030402E+00
2.300000E+01 1.029922E+00
2.325000E+01 1.027538E+00
2.350000E+01 1.025356E+00
2.375000E+01 1.024421E+00
2.400000E+01 1.023397E+00
2.425000E+01 1.021584E+00
2.450000E+01 1.021237E+00
2.475000E+01 1.019978E+00
2.500000E+01 1.019642E+00
2.525000E+01 1.019452E+00
2.550000E+01 1.019001E+00
2.575000E+01 1.016581E+00
2.600000E+01 1.016200E+00
2.625000E+01 1.016112E+00
2.650000E+01 1.014544E+00
2.675000E+01 1.014123E+00
2.700000E+01 1.012873E+00
2.725000E+01 1.013679E+00
2.750000E+01 1.012841E+00
2.775000E+01 1.012232E+00
2.800000E+01 1.012489E+00
2.825000E+01 1.011867E+00
2.850000E+01 1.011580E+00
2.875000E+01 1.010851E+00
2.900000E+01 1.010549E+00
2.925000E+01 1.010371E+00
2.950000E+01 1.010276E+00
2.975000E+01 1.009379E+00
3.000000E+01 1.009431E+00
3.025000E+01 1.009140E+00
3.050000E+01 1.008748E+00
3.075000E+01 1.008870E+00
3.100000E+01 1.008642E+00
3.125000E+01 1.008134E+00
3.150000E+01 1.007918E+00
3.175000E+01 1.007867E+00
3.200000E+01 1.008352E+00
3.225000E+01 1.007273E+00
3.250000E+01 1.008332E+00
3.275000E+01 1.007861E+00
3.300000E+01 1.007597E+00
3.325000E+01 1.007359E+00
3.350000E+01 1.007244E+00
3.375000E+01 1.006730E+00
3.400000E+01 1.006804E+00
3.425000E+01 1.006909E+00
3.450000E+01 1.006639E+00
3.475000E+01 1.006626E+00
3.500000E+01 1.005778E+00
3.525000E+01 1.006148E+00
3.550000E+01 1.005847E+00
3.575000E+01 1.006253E+00
3.600000E+01 1.006410E+00
3.625000E+01 1.006076E+00
3.650000E+01 1.005501E+00
3.675000E+01 1.005833E+00
3.700000E+01 1.005755E+00
3.725000E+01 1.005491E+00
3.750000E+01 1.006168E+00
3.775000E+01 1.005331E+00
3.800000E+01 1.005839E+00
3.825000E+01 1.005277E+00
3.850000E+01 1.005532E+00
3.875000E+01 1.005622E+00
3.900000E+01 1.005330E+00
3.925000E+01 1.004619E+00
3.950000E+01 1.005029E+00
3.975000E+01 1.004994E+00
4.000000E+01 1.004495E+00
4.025000E+01 1.004892E+00
4.050000E+01 1.005357E+00
4.075000E+01 1.005282E+00
4.100000E+01 1.005274E+00
4.125000E+01 1.004255E+00
4.150000E+01 1.005201E+00
4.175000E+01 1.004808E+00
4.200000E+01 1.004401E+00
4.225000E+01 1.004697E+00
4.250000E+01 1.004707E+00
4.275000E+01 1.004629E+00
4.300000E+01 1.004321E+00
4.325000E+01 1.004601E+00
4.350000E+01 1.004559E+00
4.375000E+01 1.004434E+00
4.400000E+01 1.003873E+00
4.425000E+01 1.004121E+00
4.450000E+01 1.004320E+00
4.475000E+01 1.004165E+00
4.500000E+01 1.004651E+00
4.525000E+01 1.003940E+00
4.550000E+01 1.004045E+00
4.575000E+01 1.003769E+00
4.600000E+01 1.003710E+00
4.625000E+01 1.004022E+00
4.650000E+01 1.004169E+00
4.675000E+01 1.004202E+00
4.700000E+01 1.003867E+00
4.725000E+01 1.004227E+00
4.750000E+01 1.003993E+00
4.775000E+01 1.003981E+00
4.800000E+01 1.003959E+00
4.825000E+01 1.004265E+00
4.850000E+01 1.003525E+00
4.875000E+01 1.003911E+00
4.900000E+01 1.003969E+00
4.925000E+01 1.003431E+00
4.950000E+01 1.003907E+00
4.975000E+01 1.003452E+00
5.000000E+01 1.003392E+00
5.025000E+01 1.003526E+00
5.050000E+01 1.003399E+00
5.075000E+01 1.003542E+00
5.100000E+01 1.003246E+00
5.125000E+01 1.003631E+00
5.150000E+01 1.003639E+00
5.175000E+01 1.003834E+00
5.200000E+01 1.003391E+00
5.225000E+01 1.003440E+00
5.250000E+01 1.003473E+00
5.275000E+01 1.003444E+00
5.300000E+01 1.003169E+00
5.325000E+01 1.003446E+00
5.350000E+01 1.003574E+00
5.375000E+01 1.003764E+00
5.400000E+01 1.003218E+00
5.425000E+01 1.003377E+00
5.450000E+01 1.003410E+00
5.475000E+01 1.003443E+00
5.500000E+01 1.003046E+00
5.525000E+01 1.002916E+00
5.550000E+01 1.003327E+00
5.575000E+01 1.003421E+00
5.600000E+01 1.003084E+00
5.625000E+01 1.002827E+00
5.650000E+01 1.003394E+00
5.675000E+01 1.002887E+00
5.700000E+01 1.003256E+00
5.725000E+01 1.002908E+00
5.750000E+01 1.003156E+00
5.775000E+01 1.002609E+00
5.800000E+01 1.003042E+00
5.825000E+01 1.002854E+00
5.850000E+01 1.002760E+00
5.875000E+01 1.003024E+00
5.900000E+01 1.002817E+00
5.925000E+01 1.002655E+00
5.950000E+01 1.002824E+00
5.975000E+01 1.002646E+00
6.000000E+01 1.002768E+00
6.025000E+01 1.002724E+00
6.050000E+01 1.002551E+00
6.075000E+01 1.002433E+00
6.100000E+01 1.002404E+00
6.125000E+01 1.002529E+00
6.150000E+01 1.002381E+00
6.175000E+01 1.002650E+00
6.200000E+01 1.002463E+00
6.225000E+01 1.002482E+00
6.250000E+01 1.002350E+00
6.275000E+01 1.002326E+00
6.300000E+01 1.002536E+00
6.325000E+01 1.002254E+00
6.350000E+01 1.002111E+00
6.375000E+01 1.002154E+00
6.400000E+01 1.002361E+00
6.425000E+01 1.002418E+00
6.450000E+01 1.002058E+00
6.475000E+01 1.002396E+00
6.500000E+01 1.002299E+00
6.525000E+01 1.002478E+00
6.550000E+01 1.002021E+00
6.575000E+01 1.002192E+00
6.600000E+01 1.002488E+00
6.625000E+01 1.002083E+00
6.650000E+01 1.002226E+00
6.675000E+01 1.002146E+00
6.700000E+01 1.002171E+00
6.725000E+01 1.001902E+00
6.750000E+01 1.002047E+00
6.775000E+01 1.002053E+00
6.800000E+01 1.002314E+00
6.825000E+01 1.002064E+00
6.850000E+01 1.001827E+00
6.875000E+01 1.002140E+00
6.900000E+01 1.001799E+00
6.925000E+01 1.001950E+00
6.950000E+01 1.001731E+00
6.975000E+01 1.001983E+00
7.000000E+01 1.001939E+00
7.025000E+01 1.001847E+00
7.050000E+01 1.002074E+00
7.075000E+01 1.001928E+00
7.100000E+01 1.001978E+00
7.125000E+01 1.001707E+00
7.150000E+01 1.001797E+00
7.175000E+01 1.001763E+00
7.200000E+01 1.001803E+00
7.225000E+01 1.001851E+00
7.250000E+01 1.002131E+00
7.275000E+01 1.001961E+00
7.300000E+01 1.001673E+00
7.325000E+01 1.001658E+00
7.350000E+01 1.001791E+00
7.375000E+01 1.001794E+00
7.400000E+01 1.001743E+00
7.425000E+01 1.001887E+00
7.450000E+01 1.001888E+00
7.475000E+01 1.001642E+00
7.500000E+01 1.001580E+00
7.525000E+01 1.001600E+00
7.550000E+01 1.001657E+00
7.575000E+01 1.001733E+00
7.600000E+01 1.001729E+00
7.625000E+01 1.001563E+00
7.650000E+01 1.001972E+00
7.675000E+01 1.001516E+00
7.700000E+01 1.001782E+00
7.725000E+01 1.001625E+00
7.750000E+01 1.001333E+00
7.775000E+01 1.001524E+00
7.800000E+01 1.001572E+00
7.825000E+01 1.001464E+00
7.850000E+01 1.001754E+00
7.875000E+01 1.001523E+00
7.900000E+01 1.001512E+00
7.925000E+01 1.001413E+00
7.950000E+01 1.001478E+00
7.975000E+01 1.001521E+00
8.000000E+01 1.001441E+00
8.025000E+01 1.001274E+00
8.050000E+01 1.001572E+00
8.075000E+01 1.001292E+00
8.100000E+01 1.001478E+00
8.125000E+01 1.001335E+00
8.150000E+01 1.001265E+00
8.175000E+01 1.001428E+00
8.200000E+01 1.001361E+00
8.225000E+01 1.001378E+00
8.250000E+01 1.001483E+00
8.275000E+01 1.001422E+00
8.300000E+01 1.001257E+00
8.325000E+01 1.001442E+00
8.350000E+01 1.001224E+00
8.375000E+01 1.001404E+00
8.400000E+01 1.001254E+00
8.425000E+01 1.001341E+00
8.450000E+01 1.001163E+00
8.475000E+01 1.001151E+00
8.500000E+01 1.001277E+00
8.525000E+01 1.001189E+00
8.550000E+01 1.001254E+00
8.575000E+01 1.001295E+00
8.600000E+01 1.001347E+00
8.625000E+01 1.001222E+00
8.650000E+01 1.001081E+00
8.675000E+01 1.001397E+00
8.700000E+01 1.001300E+00
8.725000E+01 1.001338E+00
8.750000E+01 1.001212E+00
8.775000E+01 1.001157E+00
8.800000E+01 1.001304E+00
8.825000E+01 1.001175E+00
8.850000E+01 1.001183E+00
8.875000E+01 1.001145E+00
8.900000E+01 1.001007E+00
8.925000E+01 1.001104E+00
8.950000E+01 1.001081E+00
8.975000E+01 1.000977E+00
9.000000E+01 1.001152E+00
9.025000E+01 1.001226E+00
9.050000E+01 1.001098E+00
9.075000E+01 1.000812E+00
9.100000E+01 1.000968E+00
9.125000E+01 1.000795E+00
9.150000E+01 1.000957E+00
9.175000E+01 1.001100E+00
9.200000E+01 1.000958E+00
9.225000E+01 1.000802E+00
9.250000E+01 1.001133E+00
9.275000E+01 1.000888E+00
9.300000E+01 1.000919E+00
9.325000E+01 1.000876E+00
9.350000E+01 1.000958E+00
9.375000E+01 1.000867E+00
9.400000E+01 1.000800E+00
9.425000E+01 1.000827E+00
9.450000E+01 1.000989E+00
9.475000E+01 1.000882E+00
9.500000E+01 1.000872E+00
9.525000E+01 1.000934E+00
9.550000E+01 1.000823E+00
9.575000E+01 1.001017E+00
9.600000E+01 1.000705E+00
9.625000E+01 1.001093E+00
9.650000E+01 1.000841E+00
9.675000E+01 1.000905E+00
9.700000E+01 1.000640E+00
9.725000E+01 1.000915E+00
9.750000E+01 1.000889E+00
9.775000E+01 1.000731E+00
9.800000E+01 1.000672E+00
9.825000E+01 1.000740E+00
9.850000E+01 1.000713E+00
9.875000E+01 1.000610E+00
9.900000E+01 1.000658E+00
9.925000E+01 1.000809E+00
9.950000E+01 1.000909E+00
9.975000E+01 1.000743E+00
1.000000E+02 1.000594E+00
1.002500E+02 1.000801E+00
1.005000E+02 1.000770E+00
1.007500E+02 1.000816E+00
1.010000E+02 1.000809E+00
1.012500E+02 1.000641E+00
1.015000E+02 1.000669E+00
1.017500E+02 1.000687E+00
1.020000E+02 1.000577E+00
1.022500E+02 1.000807E+00
1.025000E+02 1.000448E+00
1.027500E+02 1.000605E+00
1.030000E+02 1.000638E+00
1.032500E+02 1.000875E+00
1.035000E+02 1.000879E+00
1.037500E+02 1.000603E+00
1.040000E+02 1.000623E+00
1.042500E+02 1.000615E+00
1.045000E+02 1.000504E+00
1.047500E+02 1.000583E+00
1.050000E+02 1.000617E+00
1.052500E+02 1.000475E+00
1.055000E+02 1.000672E+00
1.057500E+02 1.000612E+00
1.060000E+02 1.000607E+00
1.062500E+02 1.000701E+00
1.065000E+02 1.000672E+00
1.067500E+02 1.000385E+00
1.070000E+02 1.000572E+00
1.072500E+02 1.000534E+00
1.075000E+02 1.000603E+00
1.077500E+02 1.000543E+00
1.080000E+02 1.000608E+00
1.082500E+02 1.000521E+00
1.085000E+02 1.000494E+00
1.087500E+02 1.000550E+00
1.090000E+02 1.000535E+00
1.092500E+02 1.000537E+00
1.095000E+02 1.000660E+00
1.097500E+02 1.000694E+00
1.100000E+02 1.000644E+00
1.102500E+02 1.000501E+00
1.105000E+02 1.000551E+00
1.107500E+02 1.000613E+00
1.110000E+02 1.000557E+00
1.112500E+02 1.000393E+00
1.115000E+02 1.000525E+00
1.117500E+02 1.000497E+00
1.120000E+02 1.000476E+00
1.122500E+02 1.000499E+00
1.125000E+02 1.000470E+00
1.127500E+02 1.000634E+00
1.130000E+02 1.000577E+00
1.132500E+02 1.000511E+00
1.135000E+02 1.000240E+00
1.137500E+02 1.000483E+00
1.140000E+02 1.000373E+00
1.142500E+02 1.000531E+00
1.145000E+02 1.000673E+00
1.147500E+02 1.000650E+00
1.150000E+02 1.000493E+00
1.152500E+02 1.000497E+00
1.155000E+02 1.000230E+00
1.157500E+02 1.000513E+00
1.160000E+02 1.000446E+00
1.162500E+02 1.000300E+00
1.165000E+02 1.000495E+00
1.167500E+02 1.000323E+00
1.170000E+02 1.000374E+00
1.172500E+02 1.000423E+00
1.175000E+02 1.000328E+00
1.177500E+02 1.000485E+00
1.180000E+02 1.000421E+00
1.182500E+02 1.000447E+00
1.185000E+02 1.000330E+00
1.187500E+02 1.000476E+00
1.190000E+02 1.000453E+00
1.192500E+02 1.000409E+00
1.195000E+02 1.000419E+00
1.197500E+02 1.000452E+00
1.200000E+02 1.000463E+00
1.202500E+02 1.000438E+00
1.205000E+02 1.000318E+00
1.207500E+02 1.000321E+00
1.210000E+02 1.000351E+00
1.212500E+02 1.000284E+00
1.215000E+02 1.000330E+00
1.217500E+02 1.000446E+00
1.220000E+02 1.000365E+00
1.222500E+02 1.000382E+00
1.225000E+02 1.000430E+00
1.227500E+02 1.000380E+00
1.230000E+02 1.000417E+00
1.232500E+02 1.000256E+00
1.235000E+02 1.000385E+00
1.237500E+02 1.000481E+00
1.240000E+02 1.000200E+00
1.242500E+02 1.000304E+00
1.245000E+02 1.000143E+00
1.247500E+02 1.000330E+00
1.250000E+02 9.972101E-01
1.252500E+02 9.911243E-01
1.255000E+02 9.852022E-01
1.257500E+02 9.794647E-01
1.260000E+02 9.734229E-01
1.262500E+02 9.676603E-01
1.265000E+02 9.617626E-01
1.267500E+02 9.559646E-01
1.270000E+02 9.501466E-01
1.272500E+02 9.443107E-01
1.275000E+02 9.384494E-01
1.277500E+02 9.327812E-01
1.280000E+02 9.270328E-01
1.282500E+02 9.213021E-01
1.285000E+02 9.155515E-01
1.287500E+02 9.099344E-01
1.290000E+02 9.042823E-01
1.292500E+02 8.987472E-01
1.295000E+02 8.930691E-01
1.297500E+02 8.875309E-01
1.300000E+02 8.819259E-01
1.302500E+02 8.764557E-01
1.305000E+02 8.709836E-01
1.307500E+02 8.655069E-01
1.310000E+02 8.599847E-01
1.312500E+02 8.544336E-01
1.315000E+02 8.490370E-01
1.317500E+02 8.437195E-01
1.320000E+02 8.384051E-01
1.322500E+02 8.328561E-01
1.325000E+02 8.276553E-01
1.327500E+02 8.223280E-01
1.330000E+02 8.170530E-01
1.332500E+02 8.116244E-01
1.335000E+02 8.063542E-01
1.337500E+02 8.011921E-01
1.340000E+02 7.959303E-01
1.342500E+02 7.906983E-01
1.345000E+02 7.854736E-01
1.347500E+02 7.803353E-01
1.350000E+02 7.752949E-01
1.352500E+02 7.701812E-01
1.355000E+02 7.650379E-01
1.357500E+02 7.600230E-01
1.360000E+02 7.547732E-01
1.362500E+02 7.496391E-01
1.365000E+02 7.447394E-01
1.367500E+02 7.397592E-01
1.370000E+02 7.347450E-01
1.372500E+02 7.295935E-01
1.375000E+02 7.246757E-01
1.377500E+02 7.197833E-01
1.380000E+02 7.148515E-01
1.382500E+02 7.100360E-01
1.385000E+02 7.051105E-01
1.387500E+02 7.001695E-01
1.390000E+02 6.953452E-01
1.392500E+02 6.905363E-01
1.395000E+02 6.857950E-01
1.397500E+02 6.810005E-01
1.400000E+02 6.762012E-01
1.402500E+02 6.713610E-01
1.405000E+02 6.665517E-01
1.407500E+02 6.618466E-01
1.410000E+02 6.571282E-01
1.412500E+02 6.525673E-01
1.415000E+02 6.479193E-01
1.417500E+02 6.430947E-01
1.420000E+02 6.384245E-01
1.422500E+02 6.338286E-01
1.425000E+02 6.292720E-01
1.427500E+02 6.245530E-01
1.430000E+02 6.199745E-01
1.432500E+02 6.155069E-01
1.435000E+02 6.109323E-01
1.437500E+02 6.064141E-01
1.440000E+02 6.018889E-01
1.442500E+02 5.973261E-01
1.445000E+02 5.928326E-01
1.447500E+02 5.883035E-01
1.450000E+02 5.838683E-01
1.452500E+02 5.794198E-01
1.455000E+02 5.750371E-01
1.457500E+02 5.707223E-01
1.460000E+02 5.661967E-01
1.462500E+02 5.618785E-01
1.465000E+02 5.574167E-01
1.467500E+02 5.530821E-01
1.470000E+02 5.487755E-01
1.472500E+02 5.444410E-01
1.475000E+02 5.400673E-01
1.477500E+02 5.359590E-01
1.480000E+02 5.316067E-01
1.482500E+02 5.272464E-01
1.485000E+02 5.230880E-01
1.487500E+02 5.188338E-01
1.490000E+02 5.145449E-01
1.492500E+02 5.104021E-01
1.495000E+02 5.060756E-01
1.497500E+02 5.019461E-01
1.500000E+02 4.977712E-01
1.502500E+02 4.936542E-01
1.505000E+02 4.895420E-01
1.507500E+02 4.853898E-01
1.510000E+02 4.813113E-01
1.512500E+02 4.772788E-01
1.515000E+02 4.731052E-01
1.517500E+02 4.690573E-01
1.520000E+02 4.649893E-01
1.522500E+02 4.609364E-01
1.525000E+02 4.568675E-01
1.527500E+02 4.528315E-01
1.530000E+02 4.488594E-01
1.532500E+02 4.448721E-01
1.535000E+02 4.408617E-01
1.537500E+02 4.369619E-01
1.540000E+02 4.329965E-01
1.542500E+02 4.290602E-01
1.545000E+02 4.250959E-01
1.547500E+02 4.211983E-01
1.550000E+02 4.172901E-01
1.552500E+02 4.134401E-01
1.555000E+02 4.095428E-01
1.557500E+02 4.058086E-01
1.560000E+02 4.018097E-01
1.562500E+02 3.979502E-01
1.565000E+02 3.942108E-01
1.567500E+02 3.903341E-01
1.570000E+02 3.866039E-01
1.572500E+02 3.827878E-01
1.575000E+02 3.789999E-01
1.577500E+02 3.751185E-01
1.580000E+02 3.713996E-01
1.582500E+02 3.677235E-01
1.585000E+02 3.639680E-01
1.587500E+02 3.602299E-01
1.590000E+02 3.565055E-01
1.592500E+02 3.528509E-01
1.595000E+02 3.491753E-01
1.597500E+02 3.454742E-01
1.600000E+02 3.417681E-01
1.602500E+02 3.381293E-01
1.605000E+02 3.344548E-01
1.607500E+02 3.308966E-01
1.610000E+02 3.273074E-01
1.612500E+02 3.237057E-01
1.615000E+02 3.200763E-01
1.617500E+02 3.164691E-01
1.620000E+02 3.129792E-01
1.622500E+02 3.093382E-01
1.625000E+02 3.058603E-01
1.627500E+02 3.023048E-01
1.630000E+02 2.987982E-01
1.632500E+02 2.952083E-01
1.635000E+02 2.916568E-01
1.637500E+02 2.882431E-01
1.640000E+02 2.847971E-01
1.642500E+02 2.812429E-01
1.645000E+02 2.778039E-01
1.647500E+02 2.743189E-01
1.650000E+02 2.708867E-01
1.652500E+02 2.674220E-01
1.655000E+02 2.640015E-01
1.657500E+02 2.606092E-01
1.660000E+02 2.572726E-01
1.662500E+02 2.538300E-01
1.665000E+02 2.504910E-01
1.667500E+02 2.470569E-01
1.670000E+02 2.437019E-01
1.672500E+02 2.403539E-01
1.675000E+02 2.369947E-01
1.677500E+02 2.336502E-01
1.680000E+02 2.303093E-01
1.682500E+02 2.270665E-01
1.685000E+02 2.237639E-01
1.687500E+02 2.204468E-01
1.690000E+02 2.171414E-01
1.692500E+02 2.139390E-01
1.695000E+02 2.106820E-01
1.697500E+02 2.073970E-01
1.700000E+02 2.041911E-01
1.702500E+02 2.009198E-01
1.705000E+02 1.976911E-01
1.707500E+02 1.944673E-01
1.710000E+02 1.913164E-01
1.712500E+02 1.881262E-01
1.715000E+02 1.849307E-01
1.717500E+02 1.817132E-01
1.720000E+02 1.785651E-01
1.722500E+02 1.753925E-01
1.725000E+02 1.722823E-01
1.727500E+02 1.691284E-01
1.730000E+02 1.660173E-01
1.732500E+02 1.628425E-01
1.735000E+02 1.597735E-01
1.737500E+02 1.566235E-01
1.740000E+02 1.535425E-01
1.742500E+02 1.504625E-01
1.745000E+02 1.473667E-01
1.747500E+02 1.443309E-01
1.750000E+02 1.412706E-01
1.752500E+02 1.381928E-01
1.755000E+02 1.351511E-01
1.757500E+02 1.321244E-01
1.760000E+02 1.290974E-01
1.762500E+02 1.260570E-01
1.765000E+02 1.230521E-01
1.767500E+02 1.201419E-01
1.770000E+02 1.174073E-01
1.772500E+02 1.147875E-01
1.775000E+02 1.123428E-01
1.777500E+02 1.098926E-01
1.780000E+02 1.075561E-01
1.782500E+02 1.053190E-01
1.785000E+02 1.030928E-01
1.787500E+02 1.008961E-01
1.790000E+02 9.881213E-02
1.792500E+02 9.675465E-02
1.795000E+02 9.478574E-02
1.797500E+02 9.281325E-02
1.800000E+02 9.089801E-02
1.802500E+02 8.903347E-02
1.805000E+02 8.716805E-02
1.807500E+02 8.535321E-02
1.810000E+02 8.359309E-02
1.812500E+02 8.188628E-02
1.815000E+02 8.021998E-02
1.817500E+02 7.853738E-02
1.820000E+02 7.691428E-02
1.822500E+02 7.531513E-02
1.825000E+02 7.373233E-02
1.827500E+02 7.218672E-02
1.830000E+02 7.069944E-02
1.832500E+02 6.921099E-02
1.835000E+02 6.777616E-02
1.837500E+02 6.636205E-02
1.840000E+02 6.494740E-02
1.842500E+02 6.355376E-02
1.845000E+02 6.218826E-02
1.847500E+02 6.088563E-02
1.850000E+02 5.958909E-02
1.852500E+02 5.825384E-02
1.855000E+02 5.700750E-02
1.857500E+02 5.580232E-02
1.860000E+02 5.457053E-02
1.862500E+02 5.340313E-02
1.865000E+02 5.221065E-02
1.867500E+02 5.107535E-02
1.870000E+02 4.993719E-02
1.872500E+02 4.881650E-02
1.875000E+02 4.775129E-02
1.877500E+02 4.667101E-02
1.880000E+02 4.560792E-02
1.882500E+02 4.458241E-02
1.885000E+02 4.356545E-02
1.887500E+02 4.256406E-02
1.890000E+02 4.157605E-02
1.892500E+02 4.061100E-02
1.895000E+02 3.965442E-02
1.897500E+02 3.874860E-02
1.900000E+02 3.780548E-02
1.902500E+02 3.692035E-02
1.905000E+02 3.603648E-02
1.907500E+02 3.516926E-02
1.910000E+02 3.430289E-02
1.912500E+02 3.349186E-02
1.915000E+02 3.263132E-02
1.917500E+02 3.185422E-02
1.920000E+02 3.104821E-02
1.922500E+02 3.026434E-02
1.925000E+02 2.951963E-02
1.927500E+02 2.876834E-02
1.930000E+02 2.801164E-02
1.932500E+02 2.729253E-02
1.935000E+02 2.658394E-02
1.937500E+02 2.586722E-02
1.940000E+02 2.518055E-02
1.942500E+02 2.453176E-02
1.945000E+02 2.386677E-02
1.947500E+02 2.320746E-02
1.950000E+02 2.257332E-02
1.952500E+02 2.195773E-02
1.955000E+02 2.132252E-02
1.957500E+02 2.074058E-02
1.960000E+02 2.013743E-02
1.962500E+02 1.956874E-02
1.965000E+02 1.899394E-02
1.967500E+02 1.843364E-02
1.970000E+02 1.789228E-02
1.972500E+02 1.735511E-02
1.975000E+02 1.683471E-02
1.977500E+02 1.631277E-02
1.980000E+02 1.582653E-02
1.982500E+02 1.532570E-02
1.985000E+02 1.484571E-02
1.987500E+02 1.436317E-02
1.990000E+02 1.389641E-02
1.992500E+02 1.345045E-02
1.995000E+02 1.300944E-02
1.997500E+02 1.257036E-02
2.000000E+02 1.213336E-02
2.002500E+02 1.172481E-02
2.005000E+02 1.131049E-02
2.007500E+02 1.092164E-02
2.010000E+02 1.053701E-02
2.012500E+02 1.014245E-02
2.015000E+02 9.771415E-03
2.017500E+02 9.409437E-03
2.020000E+02 9.061999E-03
2.022500E+02 8.702683E-03
2.025000E+02 8.374403E-03
2.027500E+02 8.034683E-03
2.030000E+02 7.713703E-03
2.032500E+02 7.397294E-03
2.035000E+02 7.092129E-03
2.037500E+02 6.793401E-03
2.040000E+02 6.498185E-03
2.042500E+02 6.213726E-03
2.045000E+02 5.932675E-03
2.047500E+02 5.666302E-03
2.050000E+02 5.407107E-03
2.052500E+02 5.149958E-03
2.055000E+02 4.901122E-03
2.057500E+02 4.661481E-03
2.060000E+02 4.425863E-03
2.062500E+02 4.199936E-03
2.065000E+02 3.976123E-03
2.067500E+02 3.764747E-03
2.070000E+02 3.560338E-03
2.072500E+02 3.358823E-03
2.075000E+02 3.165544E-03
2.077500E+02 2.978871E-03
2.080000E+02 2.796408E-03
2.082500E+02 2.623965E-03
2.085000E+02 2.451192E-03
2.087500E+02 2.296371E-03
2.090000E+02 2.140490E-03
2.092500E+02 1.986790E-03
2.095000E+02 1.844673E-03
2.097500E+02 1.705855E-03
2.100000E+02 1.569733E-03
2.102500E+02 1.448639E-03
2.105000E+02 1.324166E-03
2.107500E+02 1.213001E-03
2.110000E+02 1.103103E-03
2.112500E+02 9.970297E-04
2.115000E+02 9.037031E-04
2.117500E+02 8.079501E-04
2.120000E+02 7.180831E-04
2.122500E+02 6.381327E-04
2.125000E+02 5.638359E-04
2.127500E+02 4.895460E-04
2.130000E+02 4.229624E-04
2.132500E+02 3.623524E-04
2.135000E+02 3.058588E-04
2.137500E+02 2.529660E-04
2.140000E+02 2.063208E-04
2.142500E+02 1.659608E-04
2.145000E+02 1.282202E-04
2.147500E+02 9.563899E-05
2.150000E+02 6.900140E-05
2.152500E+02 4.638766E-05
2.155000E+02 2.796856E-05
2.157500E+02 1.452929E-05
2.160000E+02 5.403943E-06
2.162500E+02 8.392587E-07
