2.500000E-01 0.000000E+00
5.000000E-01 0.000000E+00
7.500000E-01 0.000000E+00
1.000000E+00 0.000000E+00
1.250000E+00 0.000000E+00
1.500000E+00 0.000000E+00
1.750000E+00 0.000000E+00
2.000000E+00 0.000000E+00
2.250000E+00 0.000000E+00
2.500000E+00 0.000000E+00
2.750000E+00 0.000000E+00
3.000000E+00 0.000000E+00
3.250000E+00 0.000000E+00
3.500000E+00 4.787630E-01
3.750000E+00 3.061876E+01
4.000000E+00 1.874923E+02
4.250000E+00 3.043404E+02
4.500000E+00 2.526981E+02
4.750000E+00 1.578158E+02
5.000000E+00 9.066419E+01
5.250000E+00 5.223418E+01
5.500000E+00 3.175856E+01
5.750000E+00 2.147294E+01
6.000000E+00 1.655602E+01
6.250000E+00 1.362530E+01
6.500000E+00 1.145122E+01
6.750000E+00 9.383502E+00
7.000000E+00 7.631682E+00
7.250000E+00 6.549276E+00
7.500000E+00 6.491135E+00
7.750000E+00 8.108315E+00
8.000000E+00 1.174005E+01
8.250000E+00 1.583501E+01
8.500000E+00 1.735785E+01
8.750000E+00 1.557450E+01
9.000000E+00 1.232370E+01
9.250000E+00 9.249984E+00
9.500000E+00 6.806523E+00
9.750000E+00 5.117775E+00
1.000000E+01 4.070737E+00
1.025000E+01 3.402975E+00
1.050000E+01 2.931721E+00
1.075000E+01 2.575304E+00
1.100000E+01 2.315892E+00
1.125000E+01 2.180634E+00
1.150000E+01 2.140244E+00
1.175000E+01 2.195948E+00
1.200000E+01 2.372437E+00
1.225000E+01 2.564094E+00
1.250000E+01 2.679834E+00
1.275000E+01 2.662022E+00
1.300000E+01 2.506094E+00
1.325000E+01 2.257862E+00
1.350000E+01 2.007983E+00
1.375000E+01 1.796951E+00
1.400000E+01 1.598438E+00
1.425000E+01 1.483519E+00
1.450000E+01 1.394389E+00
1.475000E+01 1.334938E+00
1.500000E+01 1.289114E+00
1.525000E+01 1.254289E+00
1.550000E+01 1.244743E+00
1.575000E+01 1.227209E+00
1.600000E+01 1.245278E+00
1.625000E+01 1.233559E+00
1.650000E+01 1.248015E+00
1.675000E+01 1.233663E+00
1.700000E+01 1.221380E+00
1.725000E+01 1.206089E+00
1.750000E+01 1.177757E+00
1.775000E+01 1.146347E+00
1.800000E+01 1.119417E+00
1.825000E+01 1.103149E+00
1.850000E+01 1.079598E+00
1.875000E+01 1.068319E+00
1.900000E+01 1.060049E+00
1.925000E+01 1.059642E+00
1.950000E+01 1.055725E+00
1.975000E+01 1.060439E+00
2.000000E+01 1.048684E+00
2.025000E+01 1.043683E+00
2.050000E+01 1.046362E+00
2.075000E+01 1.045632E+00
2.100000E+01 1.039133E+00
2.125000E+01 1.045510E+00
2.150000E+01 1.037672E+00
2.175000E+01 1.031195E+00
2.200000E+01 1.033690E+00
2.225000E+01 1.024825E+00
2.250000E+01 1.025903E+00
2.275000E+01 1.020672E+00
2.300000E+01 1.017672E+00
2.325000E+01 1.019869E+00
2.350000E+01 1.011632E+00
2.375000E+01 1.008431E+00
2.400000E+01 1.013174E+00
2.425000E+01 1.011223E+00
2.450000E+01 1.011193E+00
2.475000E+01 1.008017E+00
2.500000E+01 1.009503E+00
2.525000E+01 1.003478E+00
2.550000E+01 1.008740E+00
2.575000E+01 1.010198E+00
2.600000E+01 1.007939E+00
2.625000E+01 9.984516E-01
2.650000E+01 1.010810E+00
2.675000E+01 1.006715E+00
2.700000E+01 1.008775E+00
2.725000E+01 1.003556E+00
2.750000E+01 1.001093E+00
2.775000E+01 9.980696E-01
2.800000E+01 1.004340E+00
2.825000E+01 1.007877E+00
2.850000E+01 9.942196E-01
2.875000E+01 1.007774E+00
2.900000E+01 1.006006E+00
2.925000E+01 9.985083E-01
2.950000E+01 9.964842E-01
2.975000E+01 1.006117E+00
3.000000E+01 1.001803E+00
3.025000E+01 1.004115E+00
3.050000E+01 1.003050E+00
3.075000E+01 1.002434E+00
3.100000E+01 1.005892E+00
3.125000E+01 9.982360E-01
3.150000E+01 1.002945E+00
3.175000E+01 1.000264E+00
3.200000E+01 1.001751E+00
3.225000E+01 1.006897E+00
3.250000E+01 9.998216E-01
3.275000E+01 9.991454E-01
3.300000E+01 9.963702E-01
3.325000E+01 9.971365E-01
3.350000E+01 9.977562E-01
3.375000E+01 1.004871E+00
3.400000E+01 1.002507E+00
3.425000E+01 1.000277E+00
3.450000E+01 1.001499E+00
3.475000E+01 1.001967E+00
3.500000E+01 1.002861E+00
3.525000E+01 9.967410E-01
3.550000E+01 1.001613E+00
3.575000E+01 9.982795E-01
3.600000E+01 1.000196E+00
3.625000E+01 1.000901E+00
3.650000E+01 9.984422E-01
3.675000E+01 9.993401E-01
3.700000E+01 9.990649E-01
3.725000E+01 9.962508E-01
3.750000E+01 9.955081E-01
3.775000E+01 1.001159E+00
3.800000E+01 9.977638E-01
3.825000E+01 9.995228E-01
3.850000E+01 9.992563E-01
3.875000E+01 1.000027E+00
3.900000E+01 1.000463E+00
3.925000E+01 9.988431E-01
3.950000E+01 9.972900E-01
3.975000E+01 9.977169E-01
4.000000E+01 9.966232E-01
4.025000E+01 9.965604E-01
4.050000E+01 9.998362E-01
4.075000E+01 9.983836E-01
4.100000E+01 9.970378E-01
4.125000E+01 9.923103E-01
4.150000E+01 9.989737E-01
4.175000E+01 9.970075E-01
4.200000E+01 9.973862E-01
4.225000E+01 9.950545E-01
4.250000E+01 9.971402E-01
4.275000E+01 9.949184E-01
4.300000E+01 9.952759E-01
4.325000E+01 9.980661E-01
4.350000E+01 9.952666E-01
4.375000E+01 9.959475E-01
4.400000E+01 1.000360E+00
4.425000E+01 9.979892E-01
4.450000E+01 9.960817E-01
4.475000E+01 9.968527E-01
4.500000E+01 9.997583E-01
4.525000E+01 9.941467E-01
4.550000E+01 9.975071E-01
4.575000E+01 9.955266E-01
4.600000E+01 9.985696E-01
4.625000E+01 9.958502E-01
4.650000E+01 9.990294E-01
4.675000E+01 1.000053E+00
4.700000E+01 9.990253E-01
4.725000E+01 9.990604E-01
4.750000E+01 9.977716E-01
4.775000E+01 9.971186E-01
4.800000E+01 9.969067E-01
4.825000E+01 9.939747E-01
4.850000E+01 9.978744E-01
4.875000E+01 9.984528E-01
4.900000E+01 9.997296E-01
4.925000E+01 9.985825E-01
4.950000E+01 9.995128E-01
4.975000E+01 1.000351E+00
5.000000E+01 9.960153E-01
5.025000E+01 9.954114E-01
5.050000E+01 9.983784E-01
5.075000E+01 9.970202E-01
5.100000E+01 9.979952E-01
5.125000E+01 9.982564E-01
5.150000E+01 9.951269E-01
5.175000E+01 9.960197E-01
5.200000E+01 9.979206E-01
5.225000E+01 9.979238E-01
5.250000E+01 9.964518E-01
5.275000E+01 9.951571E-01
5.300000E+01 9.947580E-01
5.325000E+01 9.991606E-01
5.350000E+01 9.980557E-01
5.375000E+01 9.981500E-01
5.400000E+01 9.974784E-01
5.425000E+01 9.971513E-01
5.450000E+01 9.989083E-01
5.475000E+01 9.968252E-01
5.500000E+01 9.954103E-01
5.525000E+01 9.984388E-01
5.550000E+01 9.962474E-01
5.575000E+01 9.967998E-01
5.600000E+01 9.985227E-01
5.625000E+01 9.961132E-01
5.650000E+01 9.961583E-01
5.675000E+01 9.961237E-01
5.700000E+01 9.975571E-01
5.725000E+01 9.950651E-01
5.750000E+01 9.974819E-01
5.775000E+01 9.979509E-01
5.800000E+01 9.974174E-01
5.825000E+01 9.966227E-01
5.850000E+01 9.947293E-01
5.875000E+01 9.968231E-01
5.900000E+01 9.976475E-01
5.925000E+01 9.966635E-01
5.950000E+01 9.998105E-01
5.975000E+01 9.973161E-01
6.000000E+01 9.965517E-01
6.025000E+01 9.954083E-01
6.050000E+01 9.987613E-01
6.075000E+01 9.976974E-01
6.100000E+01 9.967433E-01
6.125000E+01 9.952375E-01
6.150000E+01 9.965692E-01
6.175000E+01 9.960951E-01
6.200000E+01 9.973806E-01
6.225000E+01 9.978623E-01
6.250000E+01 9.962071E-01
6.275000E+01 9.965411E-01
6.300000E+01 9.992782E-01
6.325000E+01 9.975123E-01
6.350000E+01 9.993920E-01
6.375000E+01 9.988022E-01
6.400000E+01 9.976810E-01
6.425000E+01 9.946690E-01
6.450000E+01 9.973801E-01
6.475000E+01 9.971962E-01
6.500000E+01 9.971050E-01
6.525000E+01 9.958335E-01
6.550000E+01 9.945573E-01
6.575000E+01 9.972617E-01
6.600000E+01 9.977563E-01
6.625000E+01 9.972235E-01
6.650000E+01 9.989482E-01
6.675000E+01 9.990862E-01
6.700000E+01 9.963598E-01
6.725000E+01 9.972722E-01
6.750000E+01 9.931072E-01
6.775000E+01 9.937624E-01
6.800000E+01 9.957726E-01
6.825000E+01 9.954607E-01
6.850000E+01 9.947491E-01
6.875000E+01 9.957668E-01
6.900000E+01 9.984750E-01
6.925000E+01 9.964547E-01
6.950000E+01 9.953384E-01
6.975000E+01 9.968680E-01
7.000000E+01 9.943317E-01
7.025000E+01 9.970314E-01
7.050000E+01 9.968237E-01
7.075000E+01 9.987631E-01
7.100000E+01 9.949779E-01
7.125000E+01 9.966540E-01
7.150000E+01 9.945602E-01
7.175000E+01 9.967232E-01
7.200000E+01 9.971742E-01
7.225000E+01 9.973728E-01
7.250000E+01 9.965828E-01
7.275000E+01 9.937911E-01
7.300000E+01 9.967928E-01
7.325000E+01 9.980169E-01
7.350000E+01 9.941000E-01
7.375000E+01 9.972605E-01
7.400000E+01 9.968452E-01
7.425000E+01 9.972101E-01
7.450000E+01 9.977800E-01
7.475000E+01 9.979590E-01
7.500000E+01 9.969439E-01
7.525000E+01 9.959954E-01
7.550000E+01 9.949491E-01
7.575000E+01 9.967451E-01
7.600000E+01 9.971589E-01
7.625000E+01 9.960587E-01
7.650000E+01 9.941525E-01
7.675000E+01 9.940505E-01
7.700000E+01 9.968283E-01
7.725000E+01 9.952983E-01
7.750000E+01 9.950976E-01
7.775000E+01 9.947859E-01
7.800000E+01 9.967008E-01
7.825000E+01 9.947796E-01
7.850000E+01 9.946971E-01
7.875000E+01 9.954216E-01
7.900000E+01 9.958769E-01
7.925000E+01 9.945389E-01
7.950000E+01 9.961414E-01
7.975000E+01 9.956561E-01
8.000000E+01 9.967662E-01
8.025000E+01 9.952878E-01
8.050000E+01 9.966271E-01
8.075000E+01 9.962257E-01
8.100000E+01 9.949911E-01
8.125000E+01 9.957075E-01
8.150000E+01 9.949396E-01
8.175000E+01 9.966745E-01
8.200000E+01 9.954948E-01
8.225000E+01 9.955858E-01
8.250000E+01 9.949070E-01
8.275000E+01 9.955649E-01
8.300000E+01 9.949042E-01
8.325000E+01 9.967202E-01
8.350000E+01 9.954988E-01
8.375000E+01 9.966881E-01
8.400000E+01 9.974893E-01
8.425000E+01 9.977407E-01
8.450000E+01 9.960918E-01
8.475000E+01 9.968204E-01
8.500000E+01 9.955187E-01
8.525000E+01 9.967174E-01
8.550000E+01 9.955758E-01
8.575000E+01 9.964647E-01
8.600000E+01 9.946972E-01
8.625000E+01 9.965412E-01
8.650000E+01 9.959399E-01
8.675000E+01 9.970715E-01
8.700000E+01 9.954788E-01
8.725000E+01 9.940300E-01
8.750000E+01 9.967136E-01
8.775000E+01 9.944184E-01
8.800000E+01 9.970726E-01
8.825000E+01 9.938461E-01
8.850000E+01 9.964244E-01
8.875000E+01 9.943322E-01
8.900000E+01 9.943598E-01
8.925000E+01 9.951928E-01
8.950000E+01 9.953650E-01
8.975000E+01 9.940476E-01
9.000000E+01 9.965703E-01
9.025000E+01 9.960193E-01
9.050000E+01 9.949824E-01
9.075000E+01 9.942191E-01
9.100000E+01 9.956269E-01
9.125000E+01 9.967543E-01
9.150000E+01 9.965275E-01
9.175000E+01 9.947246E-01
9.200000E+01 9.953357E-01
9.225000E+01 9.950408E-01
9.250000E+01 9.961483E-01
9.275000E+01 9.966290E-01
9.300000E+01 9.964303E-01
9.325000E+01 9.960074E-01
9.350000E+01 9.963601E-01
9.375000E+01 9.942708E-01
9.400000E+01 9.940806E-01
9.425000E+01 9.965721E-01
9.450000E+01 9.957081E-01
9.475000E+01 9.958393E-01
9.500000E+01 9.960113E-01
9.525000E+01 9.947859E-01
9.550000E+01 9.954225E-01
9.575000E+01 9.948507E-01
9.600000E+01 9.947395E-01
9.625000E+01 9.948121E-01
9.650000E+01 9.939105E-01
9.675000E+01 9.959020E-01
9.700000E+01 9.949209E-01
9.725000E+01 9.960713E-01
9.750000E+01 9.970696E-01
9.775000E+01 9.957010E-01
9.800000E+01 9.971496E-01
9.825000E+01 9.953798E-01
9.850000E+01 9.968670E-01
9.875000E+01 9.950659E-01
9.900000E+01 9.959048E-01
9.925000E+01 9.945131E-01
9.950000E+01 9.947049E-01
9.975000E+01 9.943914E-01
1.000000E+02 9.946997E-01
1.002500E+02 9.960112E-01
1.005000E+02 9.954756E-01
1.007500E+02 9.951729E-01
1.010000E+02 9.956139E-01
1.012500E+02 9.968024E-01
1.015000E+02 9.944151E-01
1.017500E+02 9.954618E-01
1.020000E+02 9.945977E-01
1.022500E+02 9.951898E-01
1.025000E+02 9.939772E-01
1.027500E+02 9.957638E-01
1.030000E+02 9.948613E-01
1.032500E+02 9.962862E-01
1.035000E+02 9.949536E-01
1.037500E+02 9.937783E-01
1.040000E+02 9.949309E-01
1.042500E+02 9.957700E-01
1.045000E+02 9.940087E-01
1.047500E+02 9.973476E-01
1.050000E+02 9.953056E-01
1.052500E+02 9.958356E-01
1.055000E+02 9.962563E-01
1.057500E+02 9.962205E-01
1.060000E+02 9.957680E-01
1.062500E+02 9.953994E-01
1.065000E+02 9.950957E-01
1.067500E+02 9.960630E-01
1.070000E+02 9.942062E-01
1.072500E+02 9.938911E-01
1.075000E+02 9.965066E-01
1.077500E+02 9.954239E-01
1.080000E+02 9.944757E-01
1.082500E+02 9.942587E-01
1.085000E+02 9.944443E-01
1.087500E+02 9.948127E-01
1.090000E+02 9.934820E-01
1.092500E+02 9.948532E-01
1.095000E+02 9.955609E-01
1.097500E+02 9.946632E-01
1.100000E+02 9.954329E-01
1.102500E+02 9.952987E-01
1.105000E+02 9.946304E-01
1.107500E+02 9.948908E-01
1.110000E+02 9.948533E-01
1.112500E+02 9.953790E-01
1.115000E+02 9.953887E-01
1.117500E+02 9.946515E-01
1.120000E+02 9.940540E-01
1.122500E+02 9.944842E-01
1.125000E+02 9.943866E-01
1.127500E+02 9.957542E-01
1.130000E+02 9.948176E-01
1.132500E+02 9.949301E-01
1.135000E+02 9.944122E-01
1.137500E+02 9.950364E-01
1.140000E+02 9.948255E-01
1.142500E+02 9.960035E-01
1.145000E+02 9.942254E-01
1.147500E+02 9.942507E-01
1.150000E+02 9.961188E-01
1.152500E+02 9.939429E-01
1.155000E+02 9.965958E-01
1.157500E+02 9.949601E-01
1.160000E+02 9.938251E-01
1.162500E+02 9.935895E-01
1.165000E+02 9.957425E-01
1.167500E+02 9.938269E-01
1.170000E+02 9.938392E-01
1.172500E+02 9.954341E-01
1.175000E+02 9.949857E-01
1.177500E+02 9.941865E-01
1.180000E+02 9.954628E-01
1.182500E+02 9.947171E-01
1.185000E+02 9.936014E-01
1.187500E+02 9.951840E-01
1.190000E+02 9.942495E-01
1.192500E+02 9.945001E-01
1.195000E+02 9.949645E-01
1.197500E+02 9.957152E-01
1.200000E+02 9.957466E-01
1.202500E+02 9.943765E-01
1.205000E+02 9.954023E-01
1.207500E+02 9.946080E-01
1.210000E+02 9.939756E-01
1.212500E+02 9.946225E-01
1.215000E+02 9.959053E-01
1.217500E+02 9.954839E-01
1.220000E+02 9.932899E-01
1.222500E+02 9.949284E-01
1.225000E+02 9.948683E-01
1.227500E+02 9.937478E-01
1.230000E+02 9.938580E-01
1.232500E+02 9.948820E-01
1.235000E+02 9.947205E-01
1.237500E+02 9.932700E-01
1.240000E+02 9.943601E-01
1.242500E+02 9.949341E-01
1.245000E+02 9.938684E-01
1.247500E+02 9.940765E-01
1.250000E+02 9.929696E-01
1.252500E+02 9.858599E-01
1.255000E+02 9.790838E-01
1.257500E+02 9.742593E-01
1.260000E+02 9.680054E-01
1.262500E+02 9.617413E-01
1.265000E+02 9.569081E-01
1.267500E+02 9.502162E-01
1.270000E+02 9.445736E-01
1.272500E+02 9.385151E-01
1.275000E+02 9.333801E-01
1.277500E+02 9.280176E-01
1.280000E+02 9.213569E-01
1.282500E+02 9.165348E-01
1.285000E+02 9.095781E-01
1.287500E+02 9.036969E-01
1.290000E+02 8.989004E-01
1.292500E+02 8.932389E-01
1.295000E+02 8.877175E-01
1.297500E+02 8.826569E-01
1.300000E+02 8.766937E-01
1.302500E+02 8.713125E-01
1.305000E+02 8.652727E-01
1.307500E+02 8.599010E-01
1.310000E+02 8.563118E-01
1.312500E+02 8.489811E-01
1.315000E+02 8.437645E-01
1.317500E+02 8.387930E-01
1.320000E+02 8.341806E-01
1.322500E+02 8.283006E-01
1.325000E+02 8.211298E-01
1.327500E+02 8.184369E-01
1.330000E+02 8.121049E-01
1.332500E+02 8.060389E-01
1.335000E+02 8.010541E-01
1.337500E+02 7.968315E-01
1.340000E+02 7.910879E-01
1.342500E+02 7.862319E-01
1.345000E+02 7.810468E-01
1.347500E+02 7.756074E-01
1.350000E+02 7.699859E-01
1.352500E+02 7.652140E-01
1.355000E+02 7.604414E-01
1.357500E+02 7.554341E-01
1.360000E+02 7.499173E-01
1.362500E+02 7.455809E-01
1.365000E+02 7.407096E-01
1.367500E+02 7.351940E-01
1.370000E+02 7.303597E-01
1.372500E+02 7.251388E-01
1.375000E+02 7.201580E-01
1.377500E+02 7.165538E-01
1.380000E+02 7.116684E-01
1.382500E+02 7.056507E-01
1.385000E+02 7.007031E-01
1.387500E+02 6.959730E-01
1.390000E+02 6.915971E-01
1.392500E+02 6.863304E-01
1.395000E+02 6.822284E-01
1.397500E+02 6.772091E-01
1.400000E+02 6.719515E-01
1.402500E+02 6.670306E-01
1.405000E+02 6.624716E-01
1.407500E+02 6.575254E-01
1.410000E+02 6.526832E-01
1.412500E+02 6.484873E-01
1.415000E+02 6.439776E-01
1.417500E+02 6.389836E-01
1.420000E+02 6.347357E-01
1.422500E+02 6.309289E-01
1.425000E+02 6.260889E-01
1.427500E+02 6.210820E-01
1.430000E+02 6.155739E-01
1.432500E+02 6.121983E-01
1.435000E+02 6.071081E-01
1.437500E+02 6.025631E-01
1.440000E+02 5.984022E-01
1.442500E+02 5.929731E-01
1.445000E+02 5.885035E-01
1.447500E+02 5.848542E-01
1.450000E+02 5.797698E-01
1.452500E+02 5.767867E-01
1.455000E+02 5.705671E-01
1.457500E+02 5.671083E-01
1.460000E+02 5.628071E-01
1.462500E+02 5.588015E-01
1.465000E+02 5.541211E-01
1.467500E+02 5.496358E-01
1.470000E+02 5.450662E-01
1.472500E+02 5.417023E-01
1.475000E+02 5.373199E-01
1.477500E+02 5.324802E-01
1.480000E+02 5.283197E-01
1.482500E+02 5.240397E-01
1.485000E+02 5.191389E-01
1.487500E+02 5.150437E-01
1.490000E+02 5.115962E-01
1.492500E+02 5.073676E-01
1.495000E+02 5.023743E-01
1.497500E+02 4.980898E-01
1.500000E+02 4.949659E-01
1.502500E+02 4.909596E-01
1.505000E+02 4.857602E-01
1.507500E+02 4.824678E-01
1.510000E+02 4.785557E-01
1.512500E+02 4.739694E-01
1.515000E+02 4.702671E-01
1.517500E+02 4.661361E-01
1.520000E+02 4.617706E-01
1.522500E+02 4.581632E-01
1.525000E+02 4.539691E-01
1.527500E+02 4.499719E-01
1.530000E+02 4.458797E-01
1.532500E+02 4.416899E-01
1.535000E+02 4.382672E-01
1.537500E+02 4.347583E-01
1.540000E+02 4.304554E-01
1.542500E+02 4.257469E-01
1.545000E+02 4.231354E-01
1.547500E+02 4.188461E-01
1.550000E+02 4.153435E-01
1.552500E+02 4.110188E-01
1.555000E+02 4.071268E-01
1.557500E+02 4.026995E-01
1.560000E+02 3.991692E-01
1.562500E+02 3.960726E-01
1.565000E+02 3.910552E-01
1.567500E+02 3.874940E-01
1.570000E+02 3.840485E-01
1.572500E+02 3.808003E-01
1.575000E+02 3.767527E-01
1.577500E+02 3.730180E-01
1.580000E+02 3.693821E-01
1.582500E+02 3.658901E-01
1.585000E+02 3.613801E-01
1.587500E+02 3.581246E-01
1.590000E+02 3.543925E-01
1.592500E+02 3.508496E-01
1.595000E+02 3.470961E-01
1.597500E+02 3.434953E-01
1.600000E+02 3.391546E-01
1.602500E+02 3.361552E-01
1.605000E+02 3.323555E-01
1.607500E+02 3.288178E-01
1.610000E+02 3.256055E-01
1.612500E+02 3.220246E-01
1.615000E+02 3.179268E-01
1.617500E+02 3.149259E-01
1.620000E+02 3.115483E-01
1.622500E+02 3.080866E-01
1.625000E+02 3.039069E-01
1.627500E+02 3.010710E-01
1.630000E+02 2.972430E-01
1.632500E+02 2.940926E-01
1.635000E+02 2.902130E-01
1.637500E+02 2.868493E-01
1.640000E+02 2.830711E-01
1.642500E+02 2.796681E-01
1.645000E+02 2.767376E-01
1.647500E+02 2.726540E-01
1.650000E+02 2.690960E-01
1.652500E+02 2.653289E-01
1.655000E+02 2.625711E-01
1.657500E+02 2.586622E-01
1.660000E+02 2.563909E-01
1.662500E+02 2.520496E-01
1.665000E+02 2.489204E-01
1.667500E+02 2.456463E-01
1.670000E+02 2.422905E-01
1.672500E+02 2.390696E-01
1.675000E+02 2.354903E-01
1.677500E+02 2.324602E-01
1.680000E+02 2.290695E-01
1.682500E+02 2.260678E-01
1.685000E+02 2.225982E-01
1.687500E+02 2.189771E-01
1.690000E+02 2.159933E-01
1.692500E+02 2.124123E-01
1.695000E+02 2.092907E-01
1.697500E+02 2.060815E-01
1.700000E+02 2.034913E-01
1.702500E+02 1.996299E-01
1.705000E+02 1.969250E-01
1.707500E+02 1.934575E-01
1.710000E+02 1.902878E-01
1.712500E+02 1.872181E-01
1.715000E+02 1.838200E-01
1.717500E+02 1.806219E-01
1.720000E+02 1.776735E-01
1.722500E+02 1.745307E-01
1.725000E+02 1.716280E-01
1.727500E+02 1.681632E-01
1.730000E+02 1.650899E-01
1.732500E+02 1.620804E-01
1.735000E+02 1.587692E-01
1.737500E+02 1.560110E-01
1.740000E+02 1.528351E-01
1.742500E+02 1.497005E-01
1.745000E+02 1.466262E-01
1.747500E+02 1.434902E-01
1.750000E+02 1.403446E-01
1.752500E+02 1.375366E-01
1.755000E+02 1.340802E-01
1.757500E+02 1.312854E-01
1.760000E+02 1.284872E-01
1.762500E+02 1.249820E-01
1.765000E+02 1.223147E-01
1.767500E+02 1.195547E-01
1.770000E+02 1.167516E-01
1.772500E+02 1.140604E-01
1.775000E+02 1.115719E-01
1.777500E+02 1.093347E-01
1.780000E+02 1.069387E-01
1.782500E+02 1.046926E-01
1.785000E+02 1.021903E-01
1.787500E+02 1.004441E-01
1.790000E+02 9.838010E-02
1.792500E+02 9.613502E-02
1.795000E+02 9.429406E-02
1.797500E+02 9.200693E-02
1.800000E+02 9.023026E-02
1.802500E+02 8.851032E-02
1.805000E+02 8.656625E-02
1.807500E+02 8.472720E-02
1.810000E+02 8.322368E-02
1.812500E+02 8.149236E-02
1.815000E+02 7.975385E-02
1.817500E+02 7.841807E-02
1.820000E+02 7.666604E-02
1.822500E+02 7.474263E-02
1.825000E+02 7.344555E-02
1.827500E+02 7.168025E-02
1.830000E+02 7.044409E-02
1.832500E+02 6.871643E-02
1.835000E+02 6.770274E-02
1.837500E+02 6.589110E-02
1.840000E+02 6.461555E-02
1.842500E+02 6.324437E-02
1.845000E+02 6.201839E-02
1.847500E+02 6.066561E-02
1.850000E+02 5.941402E-02
1.852500E+02 5.795018E-02
1.855000E+02 5.686400E-02
1.857500E+02 5.544057E-02
1.860000E+02 5.430199E-02
1.862500E+02 5.308976E-02
1.865000E+02 5.207171E-02
1.867500E+02 5.082734E-02
1.870000E+02 4.968317E-02
1.872500E+02 4.860062E-02
1.875000E+02 4.747386E-02
1.877500E+02 4.634475E-02
1.880000E+02 4.543592E-02
1.882500E+02 4.425709E-02
1.885000E+02 4.336133E-02
1.887500E+02 4.245195E-02
1.890000E+02 4.133606E-02
1.892500E+02 4.052202E-02
1.895000E+02 3.958213E-02
1.897500E+02 3.851456E-02
1.900000E+02 3.755726E-02
1.902500E+02 3.654215E-02
1.905000E+02 3.585903E-02
1.907500E+02 3.508887E-02
1.910000E+02 3.401965E-02
1.912500E+02 3.324448E-02
1.915000E+02 3.245103E-02
1.917500E+02 3.169492E-02
1.920000E+02 3.095574E-02
1.922500E+02 3.020781E-02
1.925000E+02 2.942516E-02
1.927500E+02 2.841472E-02
1.930000E+02 2.785797E-02
1.932500E+02 2.719732E-02
1.935000E+02 2.639105E-02
1.937500E+02 2.564431E-02
1.940000E+02 2.504300E-02
1.942500E+02 2.442866E-02
1.945000E+02 2.366217E-02
1.947500E+02 2.315769E-02
1.950000E+02 2.244976E-02
1.952500E+02 2.185160E-02
1.955000E+02 2.114877E-02
1.957500E+02 2.069409E-02
1.960000E+02 2.009144E-02
1.962500E+02 1.946783E-02
1.965000E+02 1.886861E-02
1.967500E+02 1.851321E-02
1.970000E+02 1.781369E-02
1.972500E+02 1.725339E-02
1.975000E+02 1.672930E-02
1.977500E+02 1.622198E-02
1.980000E+02 1.572858E-02
1.982500E+02 1.517546E-02
1.985000E+02 1.478471E-02
1.987500E+02 1.427604E-02
1.990000E+02 1.381118E-02
1.992500E+02 1.335278E-02
1.995000E+02 1.285301E-02
1.997500E+02 1.246729E-02
2.000000E+02 1.207211E-02
2.002500E+02 1.162909E-02
2.005000E+02 1.127643E-02
2.007500E+02 1.087042E-02
2.010000E+02 1.042698E-02
2.012500E+02 1.010312E-02
2.015000E+02 9.734691E-03
2.017500E+02 9.380805E-03
2.020000E+02 9.010629E-03
2.022500E+02 8.631509E-03
2.025000E+02 8.308175E-03
2.027500E+02 8.015502E-03
2.030000E+02 7.642421E-03
2.032500E+02 7.319112E-03
2.035000E+02 7.044169E-03
2.037500E+02 6.828694E-03
2.040000E+02 6.455319E-03
2.042500E+02 6.161988E-03
2.045000E+02 5.945358E-03
2.047500E+02 5.629571E-03
2.050000E+02 5.406172E-03
2.052500E+02 5.121761E-03
2.055000E+02 4.846565E-03
2.057500E+02 4.650470E-03
2.060000E+02 4.410150E-03
2.062500E+02 4.188427E-03
2.065000E+02 3.978239E-03
2.067500E+02 3.742760E-03
2.070000E+02 3.564905E-03
2.072500E+02 3.364412E-03
2.075000E+02 3.187633E-03
2.077500E+02 2.961780E-03
2.080000E+02 2.792126E-03
2.082500E+02 2.620953E-03
2.085000E+02 2.426559E-03
2.087500E+02 2.291289E-03
2.090000E+02 2.108825E-03
2.092500E+02 1.978071E-03
2.095000E+02 1.852040E-03
2.097500E+02 1.684842E-03
2.100000E+02 1.545883E-03
2.102500E+02 1.454683E-03
2.105000E+02 1.331067E-03
2.107500E+02 1.212250E-03
2.110000E+02 1.091402E-03
2.112500E+02 9.935651E-04
2.115000E+02 9.013412E-04
2.117500E+02 7.873748E-04
2.120000E+02 7.281279E-04
2.122500E+02 6.563632E-04
2.125000E+02 5.535014E-04
2.127500E+02 4.883695E-04
2.130000E+02 4.298939E-04
2.132500E+02 3.607590E-04
2.135000E+02 3.115467E-04
2.137500E+02 2.502632E-04
2.140000E+02 2.060991E-04
2.142500E+02 1.646517E-04
2.145000E+02 1.299738E-04
2.147500E+02 1.004562E-04
2.150000E+02 7.201075E-05
2.152500E+02 4.742920E-05
2.155000E+02 2.746066E-05
2.157500E+02 1.609771E-05
2.160000E+02 6.177102E-06
2.162500E+02 1.232566E-06
