2.500000E-01 0.000000E+00
5.000000E-01 0.000000E+00
7.500000E-01 0.000000E+00
1.000000E+00 0.000000E+00
1.250000E+00 0.000000E+00
1.500000E+00 0.000000E+00
1.750000E+00 0.000000E+00
2.000000E+00 0.000000E+00
2.250000E+00 0.000000E+00
2.500000E+00 0.000000E+00
2.750000E+00 0.000000E+00
3.000000E+00 0.000000E+00
3.250000E+00 0.000000E+00
3.500000E+00 5.293449E-03
3.750000E+00 5.651260E-01
4.000000E+00 5.413185E+00
4.250000E+00 1.320489E+01
4.500000E+00 1.626296E+01
4.750000E+00 1.460921E+01
5.000000E+00 1.150663E+01
5.250000E+00 8.653547E+00
5.500000E+00 6.509007E+00
5.750000E+00 5.137240E+00
6.000000E+00 4.300167E+00
6.250000E+00 3.712924E+00
6.500000E+00 3.225099E+00
6.750000E+00 2.804819E+00
7.000000E+00 2.380581E+00
7.250000E+00 2.034458E+00
7.500000E+00 1.837684E+00
7.750000E+00 1.591002E+00
8.000000E+00 1.488615E+00
8.250000E+00 1.399233E+00
8.500000E+00 1.339676E+00
8.750000E+00 1.255841E+00
9.000000E+00 1.206521E+00
9.250000E+00 1.170984E+00
9.500000E+00 1.113278E+00
9.750000E+00 1.089585E+00
1.000000E+01 1.077504E+00
1.025000E+01 1.063850E+00
1.050000E+01 1.066989E+00
1.075000E+01 1.046494E+00
1.100000E+01 1.047162E+00
1.125000E+01 1.036036E+00
1.150000E+01 1.045470E+00
1.175000E+01 1.031723E+00
1.200000E+01 1.028159E+00
1.225000E+01 1.035259E+00
1.250000E+01 1.025573E+00
1.275000E+01 1.024042E+00
1.300000E+01 1.012192E+00
1.325000E+01 1.011825E+00
1.350000E+01 1.019172E+00
1.375000E+01 1.014651E+00
1.400000E+01 1.014320E+00
1.425000E+01 1.018640E+00
1.450000E+01 1.010341E+00
1.475000E+01 1.014036E+00
1.500000E+01 1.008568E+00
1.525000E+01 9.979225E-01
1.550000E+01 1.020842E+00
1.575000E+01 1.008093E+00
1.600000E+01 1.018547E+00
1.625000E+01 1.012714E+00
1.650000E+01 1.014756E+00
1.675000E+01 1.011014E+00
1.700000E+01 1.007474E+00
1.725000E+01 1.012794E+00
1.750000E+01 1.004555E+00
1.775000E+01 1.004585E+00
1.800000E+01 1.015390E+00
1.825000E+01 1.006538E+00
1.850000E+01 1.004212E+00
1.875000E+01 1.010300E+00
1.900000E+01 1.010432E+00
1.925000E+01 1.010606E+00
1.950000E+01 1.017393E+00
1.975000E+01 1.009864E+00
2.000000E+01 1.005040E+00
2.025000E+01 1.011354E+00
2.050000E+01 1.012228E+00
2.075000E+01 1.014892E+00
2.100000E+01 1.004383E+00
2.125000E+01 1.013008E+00
2.150000E+01 1.016224E+00
2.175000E+01 1.007009E+00
2.200000E+01 1.005213E+00
2.225000E+01 1.007055E+00
2.250000E+01 1.008611E+00
2.275000E+01 1.008463E+00
2.300000E+01 1.010249E+00
2.325000E+01 1.010392E+00
2.350000E+01 1.005252E+00
2.375000E+01 1.008393E+00
2.400000E+01 1.012499E+00
2.425000E+01 1.004154E+00
2.450000E+01 1.004339E+00
2.475000E+01 1.009311E+00
2.500000E+01 1.006886E+00
2.525000E+01 1.006823E+00
2.550000E+01 1.016818E+00
2.575000E+01 1.005950E+00
2.600000E+01 1.009975E+00
2.625000E+01 1.003732E+00
2.650000E+01 1.009702E+00
2.675000E+01 1.009685E+00
2.700000E+01 1.012995E+00
2.725000E+01 1.008543E+00
2.750000E+01 1.005238E+00
2.775000E+01 1.005508E+00
2.800000E+01 1.009082E+00
2.825000E+01 1.007741E+00
2.850000E+01 1.006682E+00
2.875000E+01 1.009038E+00
2.900000E+01 1.004610E+00
2.925000E+01 1.008168E+00
2.950000E+01 9.961945E-01
2.975000E+01 1.007298E+00
3.000000E+01 1.008304E+00
3.025000E+01 1.008635E+00
3.050000E+01 1.009393E+00
3.075000E+01 1.000103E+00
3.100000E+01 1.005532E+00
3.125000E+01 1.008240E+00
3.150000E+01 1.007244E+00
3.175000E+01 1.004509E+00
3.200000E+01 1.004925E+00
3.225000E+01 1.004784E+00
3.250000E+01 1.005947E+00
3.275000E+01 1.003606E+00
3.300000E+01 1.007505E+00
3.325000E+01 1.008756E+00
3.350000E+01 1.006892E+00
3.375000E+01 1.005465E+00
3.400000E+01 1.005866E+00
3.425000E+01 1.003452E+00
3.450000E+01 1.006487E+00
3.475000E+01 1.003686E+00
3.500000E+01 1.005655E+00
3.525000E+01 1.001658E+00
3.550000E+01 1.006821E+00
3.575000E+01 1.008083E+00
3.600000E+01 1.005360E+00
3.625000E+01 1.002546E+00
3.650000E+01 1.003061E+00
3.675000E+01 1.007700E+00
3.700000E+01 1.007701E+00
3.725000E+01 1.009097E+00
3.750000E+01 1.005648E+00
3.775000E+01 1.001113E+00
3.800000E+01 1.005777E+00
3.825000E+01 1.003167E+00
3.850000E+01 1.006120E+00
3.875000E+01 1.005449E+00
3.900000E+01 1.005248E+00
3.925000E+01 1.005143E+00
3.950000E+01 1.009846E+00
3.975000E+01 1.000526E+00
4.000000E+01 1.007985E+00
4.025000E+01 1.007412E+00
4.050000E+01 1.005221E+00
4.075000E+01 1.004836E+00
4.100000E+01 1.005537E+00
4.125000E+01 1.003891E+00
4.150000E+01 1.005638E+00
4.175000E+01 1.003129E+00
4.200000E+01 1.003541E+00
4.225000E+01 1.000851E+00
4.250000E+01 1.001384E+00
4.275000E+01 1.004077E+00
4.300000E+01 1.001600E+00
4.325000E+01 1.005947E+00
4.350000E+01 1.002265E+00
4.375000E+01 1.005505E+00
4.400000E+01 1.003021E+00
4.425000E+01 1.006511E+00
4.450000E+01 1.004861E+00
4.475000E+01 1.003293E+00
4.500000E+01 1.007020E+00
4.525000E+01 1.005914E+00
4.550000E+01 1.001572E+00
4.575000E+01 1.005427E+00
4.600000E+01 1.004365E+00
4.625000E+01 1.002294E+00
4.650000E+01 1.002455E+00
4.675000E+01 1.004161E+00
4.700000E+01 1.007812E+00
4.725000E+01 1.003436E+00
4.750000E+01 1.004621E+00
4.775000E+01 1.002712E+00
4.800000E+01 1.005631E+00
4.825000E+01 1.004008E+00
4.850000E+01 1.004929E+00
4.875000E+01 1.002640E+00
4.900000E+01 1.002640E+00
4.925000E+01 1.001957E+00
4.950000E+01 1.002433E+00
4.975000E+01 1.007046E+00
5.000000E+01 1.002001E+00
5.025000E+01 1.004474E+00
5.050000E+01 1.002969E+00
5.075000E+01 1.002478E+00
5.100000E+01 1.002361E+00
5.125000E+01 1.003007E+00
5.150000E+01 1.004176E+00
5.175000E+01 1.001947E+00
5.200000E+01 1.000860E+00
5.225000E+01 1.004350E+00
5.250000E+01 1.002642E+00
5.275000E+01 1.001814E+00
5.300000E+01 1.005138E+00
5.325000E+01 1.003554E+00
5.350000E+01 1.002325E+00
5.375000E+01 1.003065E+00
5.400000E+01 1.005148E+00
5.425000E+01 1.003742E+00
5.450000E+01 1.004279E+00
5.475000E+01 1.004442E+00
5.500000E+01 1.004935E+00
5.525000E+01 1.003325E+00
5.550000E+01 1.004446E+00
5.575000E+01 1.002071E+00
5.600000E+01 1.003763E+00
5.625000E+01 1.004839E+00
5.650000E+01 1.003600E+00
5.675000E+01 1.002363E+00
5.700000E+01 1.003942E+00
5.725000E+01 1.003810E+00
5.750000E+01 1.004486E+00
5.775000E+01 1.002600E+00
5.800000E+01 1.002928E+00
5.825000E+01 1.004337E+00
5.850000E+01 1.003496E+00
5.875000E+01 1.003474E+00
5.900000E+01 1.003043E+00
5.925000E+01 9.992392E-01
5.950000E+01 1.001897E+00
5.975000E+01 1.001976E+00
6.000000E+01 1.002566E+00
6.025000E+01 1.001682E+00
6.050000E+01 1.003543E+00
6.075000E+01 1.002674E+00
6.100000E+01 1.003493E+00
6.125000E+01 1.003753E+00
6.150000E+01 1.003040E+00
6.175000E+01 1.003154E+00
6.200000E+01 1.003079E+00
6.225000E+01 1.002871E+00
6.250000E+01 1.001846E+00
6.275000E+01 1.003553E+00
6.300000E+01 1.003352E+00
6.325000E+01 1.003913E+00
6.350000E+01 1.001792E+00
6.375000E+01 1.002915E+00
6.400000E+01 1.003514E+00
6.425000E+01 1.005483E+00
6.450000E+01 1.003216E+00
6.475000E+01 1.002049E+00
6.500000E+01 1.003278E+00
6.525000E+01 1.005136E+00
6.550000E+01 1.002916E+00
6.575000E+01 1.002640E+00
6.600000E+01 1.001359E+00
6.625000E+01 1.002877E+00
6.650000E+01 1.002472E+00
6.675000E+01 1.006067E+00
6.700000E+01 1.003107E+00
6.725000E+01 1.002423E+00
6.750000E+01 1.002967E+00
6.775000E+01 1.000267E+00
6.800000E+01 1.003071E+00
6.825000E+01 1.003436E+00
6.850000E+01 1.003554E+00
6.875000E+01 1.002428E+00
6.900000E+01 1.000087E+00
6.925000E+01 1.003050E+00
6.950000E+01 1.002079E+00
6.975000E+01 1.002641E+00
7.000000E+01 1.003026E+00
7.025000E+01 1.002080E+00
7.050000E+01 1.003637E+00
7.075000E+01 1.002753E+00
7.100000E+01 1.001435E+00
7.125000E+01 1.003435E+00
7.150000E+01 1.000964E+00
7.175000E+01 1.002950E+00
7.200000E+01 1.000785E+00
7.225000E+01 1.003246E+00
7.250000E+01 1.001759E+00
7.275000E+01 9.991874E-01
7.300000E+01 1.002155E+00
7.325000E+01 1.001279E+00
7.350000E+01 1.001677E+00
7.375000E+01 1.002774E+00
7.400000E+01 1.002062E+00
7.425000E+01 1.002563E+00
7.450000E+01 1.000405E+00
7.475000E+01 1.002039E+00
7.500000E+01 1.001334E+00
7.525000E+01 1.001332E+00
7.550000E+01 1.002231E+00
7.575000E+01 1.002349E+00
7.600000E+01 9.992333E-01
7.625000E+01 1.003324E+00
7.650000E+01 1.001901E+00
7.675000E+01 1.002305E+00
7.700000E+01 1.001229E+00
7.725000E+01 1.003270E+00
7.750000E+01 1.002681E+00
7.775000E+01 1.000851E+00
7.800000E+01 1.003415E+00
7.825000E+01 1.001117E+00
7.850000E+01 1.002725E+00
7.875000E+01 1.000606E+00
7.900000E+01 1.000816E+00
7.925000E+01 1.003402E+00
7.950000E+01 1.004772E+00
7.975000E+01 1.002341E+00
8.000000E+01 1.003021E+00
8.025000E+01 1.000074E+00
8.050000E+01 1.003503E+00
8.075000E+01 1.002295E+00
8.100000E+01 1.003551E+00
8.125000E+01 1.002845E+00
8.150000E+01 1.001552E+00
8.175000E+01 1.002838E+00
8.200000E+01 1.002212E+00
8.225000E+01 1.003569E+00
8.250000E+01 1.003584E+00
8.275000E+01 1.001436E+00
8.300000E+01 1.001395E+00
8.325000E+01 9.998722E-01
8.350000E+01 1.002638E+00
8.375000E+01 1.000952E+00
8.400000E+01 1.002511E+00
8.425000E+01 1.002275E+00
8.450000E+01 1.002497E+00
8.475000E+01 1.002598E+00
8.500000E+01 1.003284E+00
8.525000E+01 1.002420E+00
8.550000E+01 1.003121E+00
8.575000E+01 1.002007E+00
8.600000E+01 1.001369E+00
8.625000E+01 1.001787E+00
8.650000E+01 1.001980E+00
8.675000E+01 1.003032E+00
8.700000E+01 1.001939E+00
8.725000E+01 1.002618E+00
8.750000E+01 1.003698E+00
8.775000E+01 1.002405E+00
8.800000E+01 1.001174E+00
8.825000E+01 1.001873E+00
8.850000E+01 1.001419E+00
8.875000E+01 1.004327E+00
8.900000E+01 1.001507E+00
8.925000E+01 1.001181E+00
8.950000E+01 1.001652E+00
8.975000E+01 1.001528E+00
9.000000E+01 1.003407E+00
9.025000E+01 1.001904E+00
9.050000E+01 1.002467E+00
9.075000E+01 1.001916E+00
9.100000E+01 1.001091E+00
9.125000E+01 1.002420E+00
9.150000E+01 1.001784E+00
9.175000E+01 1.001950E+00
9.200000E+01 1.001960E+00
9.225000E+01 1.001357E+00
9.250000E+01 1.001894E+00
9.275000E+01 1.001714E+00
9.300000E+01 1.001428E+00
9.325000E+01 1.000512E+00
9.350000E+01 1.001401E+00
9.375000E+01 1.000426E+00
9.400000E+01 1.002539E+00
9.425000E+01 1.000610E+00
9.450000E+01 1.002603E+00
9.475000E+01 1.000417E+00
9.500000E+01 1.002341E+00
9.525000E+01 1.001907E+00
9.550000E+01 1.001953E+00
9.575000E+01 1.003818E+00
9.600000E+01 1.002638E+00
9.625000E+01 1.001992E+00
9.650000E+01 1.002679E+00
9.675000E+01 1.002156E+00
9.700000E+01 1.000522E+00
9.725000E+01 1.000974E+00
9.750000E+01 1.002383E+00
9.775000E+01 1.001745E+00
9.800000E+01 1.001841E+00
9.825000E+01 1.002090E+00
9.850000E+01 1.002860E+00
9.875000E+01 1.001037E+00
9.900000E+01 1.000696E+00
9.925000E+01 1.000878E+00
9.950000E+01 1.002651E+00
9.975000E+01 1.002554E+00
1.000000E+02 1.002140E+00
1.002500E+02 1.002514E+00
1.005000E+02 1.001278E+00
1.007500E+02 1.001776E+00
1.010000E+02 1.001387E+00
1.012500E+02 1.001560E+00
1.015000E+02 1.002056E+00
1.017500E+02 1.000302E+00
1.020000E+02 1.004290E+00
1.022500E+02 1.001856E+00
1.025000E+02 1.001275E+00
1.027500E+02 1.002349E+00
1.030000E+02 1.002525E+00
1.032500E+02 1.001758E+00
1.035000E+02 1.001363E+00
1.037500E+02 1.000461E+00
1.040000E+02 1.001011E+00
1.042500E+02 1.001280E+00
1.045000E+02 1.003052E+00
1.047500E+02 1.001880E+00
1.050000E+02 1.001654E+00
1.052500E+02 1.002057E+00
1.055000E+02 1.002012E+00
1.057500E+02 1.000534E+00
1.060000E+02 1.002054E+00
1.062500E+02 1.002553E+00
1.065000E+02 1.001459E+00
1.067500E+02 1.002100E+00
1.070000E+02 1.002808E+00
1.072500E+02 1.002680E+00
1.075000E+02 1.002118E+00
1.077500E+02 1.002039E+00
1.080000E+02 1.002960E+00
1.082500E+02 1.000187E+00
1.085000E+02 1.001503E+00
1.087500E+02 1.001077E+00
1.090000E+02 1.002619E+00
1.092500E+02 1.002421E+00
1.095000E+02 1.002370E+00
1.097500E+02 1.003205E+00
1.100000E+02 1.002648E+00
1.102500E+02 1.003088E+00
1.105000E+02 1.000624E+00
1.107500E+02 1.001295E+00
1.110000E+02 1.001680E+00
1.112500E+02 1.002446E+00
1.115000E+02 1.001411E+00
1.117500E+02 1.002761E+00
1.120000E+02 1.001570E+00
1.122500E+02 1.001920E+00
1.125000E+02 1.002870E+00
1.127500E+02 1.003188E+00
1.130000E+02 1.002304E+00
1.132500E+02 1.001416E+00
1.135000E+02 1.002188E+00
1.137500E+02 1.002083E+00
1.140000E+02 1.001148E+00
1.142500E+02 1.001931E+00
1.145000E+02 1.001459E+00
1.147500E+02 1.001235E+00
1.150000E+02 1.002406E+00
1.152500E+02 1.001294E+00
1.155000E+02 1.003430E+00
1.157500E+02 1.000483E+00
1.160000E+02 1.001593E+00
1.162500E+02 1.000838E+00
1.165000E+02 1.001700E+00
1.167500E+02 1.002648E+00
1.170000E+02 1.002405E+00
1.172500E+02 1.000809E+00
1.175000E+02 1.000453E+00
1.177500E+02 1.001513E+00
1.180000E+02 1.002570E+00
1.182500E+02 1.002545E+00
1.185000E+02 1.002182E+00
1.187500E+02 1.001326E+00
1.190000E+02 1.001122E+00
1.192500E+02 1.000571E+00
1.195000E+02 1.001283E+00
1.197500E+02 1.001993E+00
1.200000E+02 1.001851E+00
1.202500E+02 1.002678E+00
1.205000E+02 9.997312E-01
1.207500E+02 1.000536E+00
1.210000E+02 1.001982E+00
1.212500E+02 1.002999E+00
1.215000E+02 1.001407E+00
1.217500E+02 1.002462E+00
1.220000E+02 1.000982E+00
1.222500E+02 1.001819E+00
1.225000E+02 1.001868E+00
1.227500E+02 1.000469E+00
1.230000E+02 1.001261E+00
1.232500E+02 1.000032E+00
1.235000E+02 1.002081E+00
1.237500E+02 1.000441E+00
1.240000E+02 1.002394E+00
1.242500E+02 1.001287E+00
1.245000E+02 1.003758E+00
1.247500E+02 1.001851E+00
1.250000E+02 9.979068E-01
1.252500E+02 9.929530E-01
1.255000E+02 9.875160E-01
1.257500E+02 9.816784E-01
1.260000E+02 9.745990E-01
1.262500E+02 9.694267E-01
1.265000E+02 9.626893E-01
1.267500E+02 9.576563E-01
1.270000E+02 9.522869E-01
1.272500E+02 9.467623E-01
1.275000E+02 9.394911E-01
1.277500E+02 9.333670E-01
1.280000E+02 9.283314E-01
1.282500E+02 9.221720E-01
1.285000E+02 9.161704E-01
1.287500E+02 9.106295E-01
1.290000E+02 9.060422E-01
1.292500E+02 8.993404E-01
1.295000E+02 8.947625E-01
1.297500E+02 8.891694E-01
1.300000E+02 8.831867E-01
1.302500E+02 8.784406E-01
1.305000E+02 8.721167E-01
1.307500E+02 8.662771E-01
1.310000E+02 8.613101E-01
1.312500E+02 8.553167E-01
1.315000E+02 8.517414E-01
1.317500E+02 8.450374E-01
1.320000E+02 8.390174E-01
1.322500E+02 8.345016E-01
1.325000E+02 8.283227E-01
1.327500E+02 8.234613E-01
1.330000E+02 8.188581E-01
1.332500E+02 8.130306E-01
1.335000E+02 8.079780E-01
1.337500E+02 8.028523E-01
1.340000E+02 7.972922E-01
1.342500E+02 7.912113E-01
1.345000E+02 7.872137E-01
1.347500E+02 7.813293E-01
1.350000E+02 7.766161E-01
1.352500E+02 7.722088E-01
1.355000E+02 7.663262E-01
1.357500E+02 7.618184E-01
1.360000E+02 7.563834E-01
1.362500E+02 7.509042E-01
1.365000E+02 7.455220E-01
1.367500E+02 7.414136E-01
1.370000E+02 7.360983E-01
1.372500E+02 7.313174E-01
1.375000E+02 7.257059E-01
1.377500E+02 7.203532E-01
1.380000E+02 7.157809E-01
1.382500E+02 7.113432E-01
1.385000E+02 7.060191E-01
1.387500E+02 7.018327E-01
1.390000E+02 6.966340E-01
1.392500E+02 6.917248E-01
1.395000E+02 6.873266E-01
1.397500E+02 6.823275E-01
1.400000E+02 6.777202E-01
1.402500E+02 6.722997E-01
1.405000E+02 6.672975E-01
1.407500E+02 6.626422E-01
1.410000E+02 6.581827E-01
1.412500E+02 6.534708E-01
1.415000E+02 6.481432E-01
1.417500E+02 6.437549E-01
1.420000E+02 6.394641E-01
1.422500E+02 6.349809E-01
1.425000E+02 6.307590E-01
1.427500E+02 6.270016E-01
1.430000E+02 6.208844E-01
1.432500E+02 6.167589E-01
1.435000E+02 6.110642E-01
1.437500E+02 6.072817E-01
1.440000E+02 6.024334E-01
1.442500E+02 5.986151E-01
1.445000E+02 5.940818E-01
1.447500E+02 5.894731E-01
1.450000E+02 5.838416E-01
1.452500E+02 5.810006E-01
1.455000E+02 5.751487E-01
1.457500E+02 5.714856E-01
1.460000E+02 5.666466E-01
1.462500E+02 5.625063E-01
1.465000E+02 5.589582E-01
1.467500E+02 5.537014E-01
1.470000E+02 5.501429E-01
1.472500E+02 5.457639E-01
1.475000E+02 5.406147E-01
1.477500E+02 5.368491E-01
1.480000E+02 5.323686E-01
1.482500E+02 5.283755E-01
1.485000E+02 5.239591E-01
1.487500E+02 5.197871E-01
1.490000E+02 5.143829E-01
1.492500E+02 5.110122E-01
1.495000E+02 5.073962E-01
1.497500E+02 5.033808E-01
1.500000E+02 4.981966E-01
1.502500E+02 4.949803E-01
1.505000E+02 4.909245E-01
1.507500E+02 4.863824E-01
1.510000E+02 4.822923E-01
1.512500E+02 4.781891E-01
1.515000E+02 4.739977E-01
1.517500E+02 4.700302E-01
1.520000E+02 4.648894E-01
1.522500E+02 4.616917E-01
1.525000E+02 4.572453E-01
1.527500E+02 4.535774E-01
1.530000E+02 4.503777E-01
1.532500E+02 4.458560E-01
1.535000E+02 4.416804E-01
1.537500E+02 4.373896E-01
1.540000E+02 4.338802E-01
1.542500E+02 4.294552E-01
1.545000E+02 4.256207E-01
1.547500E+02 4.221198E-01
1.550000E+02 4.182866E-01
1.552500E+02 4.142433E-01
1.555000E+02 4.103773E-01
1.557500E+02 4.056753E-01
1.560000E+02 4.017707E-01
1.562500E+02 3.986195E-01
1.565000E+02 3.951230E-01
1.567500E+02 3.903750E-01
1.570000E+02 3.869206E-01
1.572500E+02 3.834775E-01
1.575000E+02 3.790739E-01
1.577500E+02 3.759605E-01
1.580000E+02 3.723987E-01
1.582500E+02 3.685433E-01
1.585000E+02 3.639226E-01
1.587500E+02 3.608404E-01
1.590000E+02 3.569974E-01
1.592500E+02 3.537784E-01
1.595000E+02 3.496416E-01
1.597500E+02 3.458841E-01
1.600000E+02 3.421652E-01
1.602500E+02 3.387919E-01
1.605000E+02 3.346190E-01
1.607500E+02 3.317279E-01
1.610000E+02 3.273880E-01
1.612500E+02 3.241566E-01
1.615000E+02 3.203886E-01
1.617500E+02 3.166201E-01
1.620000E+02 3.137336E-01
1.622500E+02 3.100558E-01
1.625000E+02 3.061260E-01
1.627500E+02 3.025991E-01
1.630000E+02 2.990759E-01
1.632500E+02 2.959351E-01
1.635000E+02 2.925986E-01
1.637500E+02 2.888783E-01
1.640000E+02 2.850529E-01
1.642500E+02 2.816681E-01
1.645000E+02 2.780769E-01
1.647500E+02 2.750972E-01
1.650000E+02 2.717297E-01
1.652500E+02 2.682172E-01
1.655000E+02 2.648141E-01
1.657500E+02 2.610172E-01
1.660000E+02 2.582555E-01
1.662500E+02 2.541278E-01
1.665000E+02 2.509211E-01
1.667500E+02 2.476410E-01
1.670000E+02 2.439659E-01
1.672500E+02 2.408705E-01
1.675000E+02 2.370046E-01
1.677500E+02 2.341838E-01
1.680000E+02 2.310033E-01
1.682500E+02 2.274359E-01
1.685000E+02 2.239257E-01
1.687500E+02 2.208983E-01
1.690000E+02 2.177687E-01
1.692500E+02 2.135912E-01
1.695000E+02 2.110625E-01
1.697500E+02 2.074800E-01
1.700000E+02 2.049027E-01
1.702500E+02 2.009426E-01
1.705000E+02 1.985098E-01
1.707500E+02 1.949031E-01
1.710000E+02 1.914614E-01
1.712500E+02 1.882735E-01
1.715000E+02 1.852653E-01
1.717500E+02 1.819321E-01
1.720000E+02 1.789404E-01
1.722500E+02 1.757446E-01
1.725000E+02 1.726554E-01
1.727500E+02 1.693226E-01
1.730000E+02 1.664303E-01
1.732500E+02 1.634462E-01
1.735000E+02 1.599743E-01
1.737500E+02 1.569666E-01
1.740000E+02 1.536511E-01
1.742500E+02 1.508302E-01
1.745000E+02 1.477745E-01
1.747500E+02 1.443884E-01
1.750000E+02 1.415334E-01
1.752500E+02 1.384135E-01
1.755000E+02 1.354863E-01
1.757500E+02 1.321114E-01
1.760000E+02 1.291252E-01
1.762500E+02 1.264122E-01
1.765000E+02 1.236962E-01
1.767500E+02 1.204159E-01
1.770000E+02 1.174117E-01
1.772500E+02 1.150392E-01
1.775000E+02 1.125164E-01
1.777500E+02 1.101669E-01
1.780000E+02 1.078338E-01
1.782500E+02 1.056147E-01
1.785000E+02 1.032359E-01
1.787500E+02 1.007914E-01
1.790000E+02 9.914532E-02
1.792500E+02 9.702996E-02
1.795000E+02 9.524644E-02
1.797500E+02 9.311588E-02
1.800000E+02 9.118136E-02
1.802500E+02 8.934103E-02
1.805000E+02 8.727723E-02
1.807500E+02 8.566094E-02
1.810000E+02 8.364858E-02
1.812500E+02 8.220317E-02
1.815000E+02 8.029211E-02
1.817500E+02 7.865560E-02
1.820000E+02 7.699427E-02
1.822500E+02 7.544197E-02
1.825000E+02 7.392385E-02
1.827500E+02 7.234535E-02
1.830000E+02 7.073389E-02
1.832500E+02 6.930067E-02
1.835000E+02 6.819680E-02
1.837500E+02 6.628310E-02
1.840000E+02 6.513098E-02
1.842500E+02 6.352792E-02
1.845000E+02 6.231069E-02
1.847500E+02 6.101370E-02
1.850000E+02 5.964706E-02
1.852500E+02 5.855946E-02
1.855000E+02 5.730141E-02
1.857500E+02 5.601065E-02
1.860000E+02 5.490136E-02
1.862500E+02 5.372927E-02
1.865000E+02 5.222666E-02
1.867500E+02 5.119920E-02
1.870000E+02 5.000974E-02
1.872500E+02 4.880775E-02
1.875000E+02 4.788128E-02
1.877500E+02 4.669202E-02
1.880000E+02 4.573416E-02
1.882500E+02 4.478428E-02
1.885000E+02 4.360972E-02
1.887500E+02 4.266835E-02
1.890000E+02 4.179694E-02
1.892500E+02 4.085596E-02
1.895000E+02 3.993966E-02
1.897500E+02 3.876970E-02
1.900000E+02 3.783009E-02
1.902500E+02 3.700636E-02
1.905000E+02 3.598192E-02
1.907500E+02 3.517144E-02
1.910000E+02 3.439924E-02
1.912500E+02 3.348677E-02
1.915000E+02 3.271843E-02
1.917500E+02 3.194007E-02
1.920000E+02 3.116037E-02
1.922500E+02 3.026668E-02
1.925000E+02 2.956807E-02
1.927500E+02 2.885591E-02
1.930000E+02 2.791155E-02
1.932500E+02 2.737790E-02
1.935000E+02 2.664486E-02
1.937500E+02 2.598691E-02
1.940000E+02 2.525358E-02
1.942500E+02 2.446456E-02
1.945000E+02 2.391185E-02
1.947500E+02 2.333569E-02
1.950000E+02 2.264133E-02
1.952500E+02 2.192039E-02
1.955000E+02 2.129016E-02
1.957500E+02 2.077457E-02
1.960000E+02 2.017133E-02
1.962500E+02 1.953874E-02
1.965000E+02 1.907275E-02
1.967500E+02 1.851172E-02
1.970000E+02 1.784506E-02
1.972500E+02 1.745561E-02
1.975000E+02 1.697995E-02
1.977500E+02 1.632498E-02
1.980000E+02 1.577213E-02
1.982500E+02 1.544750E-02
1.985000E+02 1.486882E-02
1.987500E+02 1.436742E-02
1.990000E+02 1.394473E-02
1.992500E+02 1.338200E-02
1.995000E+02 1.306083E-02
1.997500E+02 1.254602E-02
2.000000E+02 1.228952E-02
2.002500E+02 1.174480E-02
2.005000E+02 1.139185E-02
2.007500E+02 1.100450E-02
2.010000E+02 1.051383E-02
2.012500E+02 1.011521E-02
2.015000E+02 9.795379E-03
2.017500E+02 9.501527E-03
2.020000E+02 9.054066E-03
2.022500E+02 8.709363E-03
2.025000E+02 8.402001E-03
2.027500E+02 8.032504E-03
2.030000E+02 7.777047E-03
2.032500E+02 7.464570E-03
2.035000E+02 7.088361E-03
2.037500E+02 6.805437E-03
2.040000E+02 6.507778E-03
2.042500E+02 6.238669E-03
2.045000E+02 5.967238E-03
2.047500E+02 5.659819E-03
2.050000E+02 5.417487E-03
2.052500E+02 5.114235E-03
2.055000E+02 4.879493E-03
2.057500E+02 4.660682E-03
2.060000E+02 4.441560E-03
2.062500E+02 4.211631E-03
2.065000E+02 3.957287E-03
2.067500E+02 3.762987E-03
2.070000E+02 3.595340E-03
2.072500E+02 3.393096E-03
2.075000E+02 3.151153E-03
2.077500E+02 2.944252E-03
2.080000E+02 2.780469E-03
2.082500E+02 2.630755E-03
2.085000E+02 2.449100E-03
2.087500E+02 2.305012E-03
2.090000E+02 2.143958E-03
2.092500E+02 1.989590E-03
2.095000E+02 1.840220E-03
2.097500E+02 1.766726E-03
2.100000E+02 1.582970E-03
2.102500E+02 1.417196E-03
2.105000E+02 1.355945E-03
2.107500E+02 1.227823E-03
2.110000E+02 1.124740E-03
2.112500E+02 1.016814E-03
2.115000E+02 8.876504E-04
2.117500E+02 8.203160E-04
2.120000E+02 7.250820E-04
2.122500E+02 6.371713E-04
2.125000E+02 5.700953E-04
2.127500E+02 4.934633E-04
2.130000E+02 4.183009E-04
2.132500E+02 3.617097E-04
2.135000E+02 2.970047E-04
2.137500E+02 2.608288E-04
2.140000E+02 2.057844E-04
2.142500E+02 1.715579E-04
2.145000E+02 1.307568E-04
2.147500E+02 9.280094E-05
2.150000E+02 7.029621E-05
2.152500E+02 4.525212E-05
2.155000E+02 3.118414E-05
2.157500E+02 1.408549E-05
2.160000E+02 4.632826E-06
2.162500E+02 6.162828E-07
