2.500000E-01 0.000000E+00
5.000000E-01 0.000000E+00
7.500000E-01 0.000000E+00
1.000000E+00 0.000000E+00
1.250000E+00 0.000000E+00
1.500000E+00 0.000000E+00
1.750000E+00 0.000000E+00
2.000000E+00 0.000000E+00
2.250000E+00 0.000000E+00
2.500000E+00 0.000000E+00
2.750000E+00 0.000000E+00
3.000000E+00 0.000000E+00
3.250000E+00 0.000000E+00
3.500000E+00 5.763977E-02
3.750000E+00 5.072300E+00
4.000000E+00 3.723800E+01
4.250000E+00 7.420173E+01
4.500000E+00 7.476412E+01
4.750000E+00 5.583234E+01
5.000000E+00 3.726152E+01
5.250000E+00 2.444031E+01
5.500000E+00 1.614581E+01
5.750000E+00 1.130328E+01
6.000000E+00 8.482053E+00
6.250000E+00 6.815142E+00
6.500000E+00 5.547231E+00
6.750000E+00 4.485940E+00
7.000000E+00 3.630718E+00
7.250000E+00 2.916394E+00
7.500000E+00 2.501310E+00
7.750000E+00 2.318306E+00
8.000000E+00 2.365707E+00
8.250000E+00 2.488726E+00
8.500000E+00 2.612937E+00
8.750000E+00 2.495590E+00
9.000000E+00 2.352468E+00
9.250000E+00 2.076884E+00
9.500000E+00 1.854372E+00
9.750000E+00 1.643169E+00
1.000000E+01 1.497265E+00
1.025000E+01 1.387195E+00
1.050000E+01 1.298006E+00
1.075000E+01 1.240331E+00
1.100000E+01 1.194298E+00
1.125000E+01 1.175851E+00
1.150000E+01 1.152959E+00
1.175000E+01 1.118405E+00
1.200000E+01 1.089902E+00
1.225000E+01 1.092395E+00
1.250000E+01 1.084734E+00
1.275000E+01 1.083699E+00
1.300000E+01 1.068425E+00
1.325000E+01 1.055122E+00
1.350000E+01 1.062145E+00
1.375000E+01 1.058285E+00
1.400000E+01 1.038251E+00
1.425000E+01 1.027581E+00
1.450000E+01 1.049647E+00
1.475000E+01 1.026554E+00
1.500000E+01 1.023586E+00
1.525000E+01 1.018308E+00
1.550000E+01 1.025580E+00
1.575000E+01 1.025520E+00
1.600000E+01 1.026511E+00
1.625000E+01 1.024310E+00
1.650000E+01 1.010363E+00
1.675000E+01 1.012041E+00
1.700000E+01 1.024527E+00
1.725000E+01 1.010276E+00
1.750000E+01 1.010908E+00
1.775000E+01 1.015654E+00
1.800000E+01 1.013722E+00
1.825000E+01 1.019626E+00
1.850000E+01 1.008275E+00
1.875000E+01 1.003721E+00
1.900000E+01 1.015821E+00
1.925000E+01 1.003451E+00
1.950000E+01 1.016787E+00
1.975000E+01 1.016754E+00
2.000000E+01 1.011830E+00
2.025000E+01 1.006557E+00
2.050000E+01 1.007822E+00
2.075000E+01 1.013838E+00
2.100000E+01 1.009987E+00
2.125000E+01 1.009370E+00
2.150000E+01 1.008774E+00
2.175000E+01 1.009888E+00
2.200000E+01 1.012462E+00
2.225000E+01 1.012789E+00
2.250000E+01 1.011044E+00
2.275000E+01 1.003382E+00
2.300000E+01 1.002962E+00
2.325000E+01 1.002701E+00
2.350000E+01 1.004299E+00
2.375000E+01 1.003769E+00
2.400000E+01 1.009597E+00
2.425000E+01 1.006494E+00
2.450000E+01 9.996216E-01
2.475000E+01 1.004970E+00
2.500000E+01 1.008500E+00
2.525000E+01 1.005139E+00
2.550000E+01 1.008098E+00
2.575000E+01 1.007732E+00
2.600000E+01 1.004848E+00
2.625000E+01 1.009943E+00
2.650000E+01 1.002078E+00
2.675000E+01 1.002959E+00
2.700000E+01 1.006443E+00
2.725000E+01 1.007718E+00
2.750000E+01 1.006314E+00
2.775000E+01 1.005817E+00
2.800000E+01 1.006867E+00
2.825000E+01 1.004654E+00
2.850000E+01 1.003258E+00
2.875000E+01 1.009518E+00
2.900000E+01 1.006280E+00
2.925000E+01 1.004917E+00
2.950000E+01 1.006916E+00
2.975000E+01 1.005108E+00
3.000000E+01 1.003901E+00
3.025000E+01 1.005942E+00
3.050000E+01 1.008743E+00
3.075000E+01 9.982817E-01
3.100000E+01 9.996242E-01
3.125000E+01 1.008078E+00
3.150000E+01 1.003911E+00
3.175000E+01 1.009191E+00
3.200000E+01 9.990988E-01
3.225000E+01 1.002518E+00
3.250000E+01 1.005306E+00
3.275000E+01 9.984804E-01
3.300000E+01 1.003827E+00
3.325000E+01 1.004227E+00
3.350000E+01 1.002937E+00
3.375000E+01 1.006572E+00
3.400000E+01 1.003068E+00
3.425000E+01 1.004404E+00
3.450000E+01 1.006765E+00
3.475000E+01 9.982859E-01
3.500000E+01 1.001291E+00
3.525000E+01 1.006297E+00
3.550000E+01 1.003082E+00
3.575000E+01 1.000884E+00
3.600000E+01 1.003492E+00
3.625000E+01 1.004152E+00
3.650000E+01 1.005202E+00
3.675000E+01 9.992441E-01
3.700000E+01 1.000781E+00
3.725000E+01 1.004554E+00
3.750000E+01 1.005858E+00
3.775000E+01 1.001958E+00
3.800000E+01 1.001376E+00
3.825000E+01 1.003526E+00
3.850000E+01 1.004700E+00
3.875000E+01 1.002987E+00
3.900000E+01 1.004201E+00
3.925000E+01 1.004114E+00
3.950000E+01 1.003519E+00
3.975000E+01 1.003850E+00
4.000000E+01 1.003878E+00
4.025000E+01 1.006184E+00
4.050000E+01 1.003495E+00
4.075000E+01 1.002736E+00
4.100000E+01 1.001641E+00
4.125000E+01 1.002934E+00
4.150000E+01 1.000655E+00
4.175000E+01 1.003361E+00
4.200000E+01 1.006025E+00
4.225000E+01 1.001948E+00
4.250000E+01 9.987357E-01
4.275000E+01 1.002417E+00
4.300000E+01 1.002882E+00
4.325000E+01 1.004083E+00
4.350000E+01 1.001686E+00
4.375000E+01 1.002644E+00
4.400000E+01 1.004007E+00
4.425000E+01 9.986147E-01
4.450000E+01 1.004035E+00
4.475000E+01 1.001692E+00
4.500000E+01 1.004932E+00
4.525000E+01 1.000466E+00
4.550000E+01 1.002191E+00
4.575000E+01 9.997228E-01
4.600000E+01 9.999384E-01
4.625000E+01 1.004402E+00
4.650000E+01 1.003771E+00
4.675000E+01 1.002941E+00
4.700000E+01 9.995830E-01
4.725000E+01 1.004440E+00
4.750000E+01 1.002558E+00
4.775000E+01 1.003486E+00
4.800000E+01 1.000093E+00
4.825000E+01 1.003584E+00
4.850000E+01 1.004337E+00
4.875000E+01 1.004546E+00
4.900000E+01 1.002115E+00
4.925000E+01 1.001244E+00
4.950000E+01 1.000980E+00
4.975000E+01 1.001696E+00
5.000000E+01 1.000393E+00
5.025000E+01 9.982962E-01
5.050000E+01 1.001088E+00
5.075000E+01 1.002478E+00
5.100000E+01 1.001256E+00
5.125000E+01 1.000816E+00
5.150000E+01 1.000459E+00
5.175000E+01 1.001575E+00
5.200000E+01 1.000929E+00
5.225000E+01 1.003738E+00
5.250000E+01 1.002158E+00
5.275000E+01 1.001312E+00
5.300000E+01 1.001617E+00
5.325000E+01 1.003084E+00
5.350000E+01 1.002393E+00
5.375000E+01 1.002791E+00
5.400000E+01 1.004108E+00
5.425000E+01 1.001132E+00
5.450000E+01 1.002899E+00
5.475000E+01 1.001344E+00
5.500000E+01 1.002608E+00
5.525000E+01 1.001184E+00
5.550000E+01 1.002673E+00
5.575000E+01 1.001846E+00
5.600000E+01 1.001967E+00
5.625000E+01 1.001599E+00
5.650000E+01 1.002379E+00
5.675000E+01 1.002728E+00
5.700000E+01 1.001189E+00
5.725000E+01 1.003291E+00
5.750000E+01 1.000886E+00
5.775000E+01 9.999471E-01
5.800000E+01 1.000041E+00
5.825000E+01 1.001093E+00
5.850000E+01 1.002370E+00
5.875000E+01 1.001539E+00
5.900000E+01 1.000533E+00
5.925000E+01 1.000770E+00
5.950000E+01 1.002006E+00
5.975000E+01 1.002864E+00
6.000000E+01 1.001859E+00
6.025000E+01 1.000178E+00
6.050000E+01 1.001830E+00
6.075000E+01 1.003734E+00
6.100000E+01 1.001826E+00
6.125000E+01 9.982930E-01
6.150000E+01 1.000242E+00
6.175000E+01 9.990258E-01
6.200000E+01 1.003654E+00
6.225000E+01 1.000618E+00
6.250000E+01 1.001108E+00
6.275000E+01 1.003181E+00
6.300000E+01 1.003791E+00
6.325000E+01 1.000320E+00
6.350000E+01 1.000886E+00
6.375000E+01 1.001346E+00
6.400000E+01 1.002207E+00
6.425000E+01 1.000446E+00
6.450000E+01 1.001273E+00
6.475000E+01 1.002096E+00
6.500000E+01 1.001321E+00
6.525000E+01 1.001481E+00
6.550000E+01 1.001219E+00
6.575000E+01 1.003615E+00
6.600000E+01 1.001976E+00
6.625000E+01 1.000421E+00
6.650000E+01 1.001620E+00
6.675000E+01 9.984862E-01
6.700000E+01 1.002637E+00
6.725000E+01 1.000280E+00
6.750000E+01 1.001822E+00
6.775000E+01 9.987320E-01
6.800000E+01 9.986287E-01
6.825000E+01 1.002638E+00
6.850000E+01 1.001852E+00
6.875000E+01 1.001491E+00
6.900000E+01 9.999505E-01
6.925000E+01 1.002799E+00
6.950000E+01 1.002958E+00
6.975000E+01 1.000803E+00
7.000000E+01 9.995472E-01
7.025000E+01 1.002652E+00
7.050000E+01 1.002141E+00
7.075000E+01 1.001317E+00
7.100000E+01 1.000075E+00
7.125000E+01 1.001743E+00
7.150000E+01 9.997607E-01
7.175000E+01 1.002004E+00
7.200000E+01 1.003016E+00
7.225000E+01 1.001935E+00
7.250000E+01 1.001768E+00
7.275000E+01 1.000402E+00
7.300000E+01 1.003063E+00
7.325000E+01 1.001981E+00
7.350000E+01 9.991174E-01
7.375000E+01 1.001111E+00
7.400000E+01 1.001424E+00
7.425000E+01 9.992149E-01
7.450000E+01 1.003319E+00
7.475000E+01 1.001177E+00
7.500000E+01 1.003365E+00
7.525000E+01 1.000660E+00
7.550000E+01 1.000627E+00
7.575000E+01 1.000174E+00
7.600000E+01 1.000770E+00
7.625000E+01 1.001892E+00
7.650000E+01 1.001795E+00
7.675000E+01 9.997185E-01
7.700000E+01 9.992806E-01
7.725000E+01 1.000821E+00
7.750000E+01 1.000688E+00
7.775000E+01 1.000996E+00
7.800000E+01 1.002232E+00
7.825000E+01 1.000498E+00
7.850000E+01 1.000084E+00
7.875000E+01 1.001289E+00
7.900000E+01 9.988335E-01
7.925000E+01 1.001502E+00
7.950000E+01 9.997358E-01
7.975000E+01 1.003066E+00
8.000000E+01 1.000925E+00
8.025000E+01 1.001481E+00
8.050000E+01 1.001520E+00
8.075000E+01 1.001285E+00
8.100000E+01 1.000480E+00
8.125000E+01 1.001531E+00
8.150000E+01 1.001850E+00
8.175000E+01 1.002131E+00
8.200000E+01 1.000874E+00
8.225000E+01 1.001894E+00
8.250000E+01 9.989708E-01
8.275000E+01 1.001728E+00
8.300000E+01 1.001910E+00
8.325000E+01 1.001649E+00
8.350000E+01 1.001265E+00
8.375000E+01 1.000934E+00
8.400000E+01 1.001910E+00
8.425000E+01 9.989608E-01
8.450000E+01 1.002227E+00
8.475000E+01 1.001646E+00
8.500000E+01 9.997130E-01
8.525000E+01 1.002468E+00
8.550000E+01 1.001742E+00
8.575000E+01 1.001132E+00
8.600000E+01 1.001595E+00
8.625000E+01 1.001166E+00
8.650000E+01 1.000919E+00
8.675000E+01 1.000250E+00
8.700000E+01 1.002916E+00
8.725000E+01 1.001677E+00
8.750000E+01 1.002089E+00
8.775000E+01 1.001589E+00
8.800000E+01 1.000151E+00
8.825000E+01 1.002259E+00
8.850000E+01 1.001233E+00
8.875000E+01 1.001407E+00
8.900000E+01 1.000774E+00
8.925000E+01 1.000859E+00
8.950000E+01 1.000376E+00
8.975000E+01 1.003255E+00
9.000000E+01 1.000795E+00
9.025000E+01 1.002610E+00
9.050000E+01 1.004505E+00
9.075000E+01 1.000866E+00
9.100000E+01 1.000986E+00
9.125000E+01 1.002321E+00
9.150000E+01 1.000983E+00
9.175000E+01 1.001983E+00
9.200000E+01 1.000608E+00
9.225000E+01 1.001972E+00
9.250000E+01 1.001614E+00
9.275000E+01 1.000765E+00
9.300000E+01 9.997075E-01
9.325000E+01 1.002061E+00
9.350000E+01 1.001983E+00
9.375000E+01 1.001094E+00
9.400000E+01 1.002240E+00
9.425000E+01 1.001518E+00
9.450000E+01 1.001490E+00
9.475000E+01 1.000224E+00
9.500000E+01 1.000357E+00
9.525000E+01 1.001099E+00
9.550000E+01 1.000275E+00
9.575000E+01 1.000558E+00
9.600000E+01 1.001665E+00
9.625000E+01 1.000276E+00
9.650000E+01 1.000449E+00
9.675000E+01 1.002007E+00
9.700000E+01 9.999917E-01
9.725000E+01 1.001334E+00
9.750000E+01 1.000295E+00
9.775000E+01 1.002539E+00
9.800000E+01 1.001576E+00
9.825000E+01 9.994798E-01
9.850000E+01 9.996347E-01
9.875000E+01 1.001904E+00
9.900000E+01 1.001926E+00
9.925000E+01 1.001865E+00
9.950000E+01 1.002426E+00
9.975000E+01 1.001619E+00
1.000000E+02 1.000978E+00
1.002500E+02 1.001037E+00
1.005000E+02 1.000306E+00
1.007500E+02 1.001466E+00
1.010000E+02 1.001400E+00
1.012500E+02 1.001502E+00
1.015000E+02 1.002701E+00
1.017500E+02 1.000522E+00
1.020000E+02 9.992023E-01
1.022500E+02 1.000896E+00
1.025000E+02 1.001161E+00
1.027500E+02 1.001352E+00
1.030000E+02 1.002633E+00
1.032500E+02 9.991768E-01
1.035000E+02 1.001678E+00
1.037500E+02 1.002290E+00
1.040000E+02 1.000747E+00
1.042500E+02 9.993698E-01
1.045000E+02 9.999625E-01
1.047500E+02 1.000773E+00
1.050000E+02 1.000806E+00
1.052500E+02 1.000556E+00
1.055000E+02 1.000715E+00
1.057500E+02 1.001963E+00
1.060000E+02 9.994930E-01
1.062500E+02 1.001521E+00
1.065000E+02 9.993594E-01
1.067500E+02 1.001937E+00
1.070000E+02 1.001587E+00
1.072500E+02 1.000501E+00
1.075000E+02 1.000573E+00
1.077500E+02 1.000861E+00
1.080000E+02 1.000881E+00
1.082500E+02 1.000448E+00
1.085000E+02 1.000915E+00
1.087500E+02 1.000710E+00
1.090000E+02 1.000713E+00
1.092500E+02 1.000022E+00
1.095000E+02 1.001549E+00
1.097500E+02 1.000248E+00
1.100000E+02 1.000778E+00
1.102500E+02 1.000296E+00
1.105000E+02 1.000247E+00
1.107500E+02 9.998198E-01
1.110000E+02 1.000909E+00
1.112500E+02 9.998161E-01
1.115000E+02 1.000778E+00
1.117500E+02 1.001210E+00
1.120000E+02 1.000203E+00
1.122500E+02 9.992131E-01
1.125000E+02 1.000550E+00
1.127500E+02 1.000029E+00
1.130000E+02 1.000215E+00
1.132500E+02 9.995579E-01
1.135000E+02 1.001927E+00
1.137500E+02 1.000090E+00
1.140000E+02 1.001641E+00
1.142500E+02 9.997326E-01
1.145000E+02 1.001784E+00
1.147500E+02 1.000325E+00
1.150000E+02 1.001735E+00
1.152500E+02 1.001043E+00
1.155000E+02 1.000987E+00
1.157500E+02 1.000530E+00
1.160000E+02 1.001761E+00
1.162500E+02 1.000393E+00
1.165000E+02 9.993826E-01
1.167500E+02 1.000884E+00
1.170000E+02 1.000267E+00
1.172500E+02 1.000888E+00
1.175000E+02 1.000820E+00
1.177500E+02 1.000456E+00
1.180000E+02 1.001033E+00
1.182500E+02 9.999934E-01
1.185000E+02 1.000703E+00
1.187500E+02 1.001302E+00
1.190000E+02 1.000471E+00
1.192500E+02 1.002073E+00
1.195000E+02 1.000485E+00
1.197500E+02 1.001018E+00
1.200000E+02 9.999430E-01
1.202500E+02 1.000092E+00
1.205000E+02 9.999778E-01
1.207500E+02 1.001507E+00
1.210000E+02 1.000466E+00
1.212500E+02 1.000001E+00
1.215000E+02 1.000070E+00
1.217500E+02 9.999081E-01
1.220000E+02 1.001173E+00
1.222500E+02 1.001012E+00
1.225000E+02 1.001656E+00
1.227500E+02 1.001738E+00
1.230000E+02 9.994004E-01
1.232500E+02 1.000360E+00
1.235000E+02 1.000129E+00
1.237500E+02 1.001382E+00
1.240000E+02 9.999105E-01
1.242500E+02 1.000089E+00
1.245000E+02 1.000540E+00
1.247500E+02 9.995058E-01
1.250000E+02 9.989664E-01
1.252500E+02 9.917244E-01
1.255000E+02 9.843052E-01
1.257500E+02 9.793169E-01
1.260000E+02 9.743758E-01
1.262500E+02 9.683957E-01
1.265000E+02 9.617190E-01
1.267500E+02 9.559705E-01
1.270000E+02 9.500288E-01
1.272500E+02 9.445691E-01
1.275000E+02 9.382067E-01
1.277500E+02 9.332323E-01
1.280000E+02 9.274708E-01
1.282500E+02 9.211430E-01
1.285000E+02 9.151869E-01
1.287500E+02 9.092165E-01
1.290000E+02 9.038808E-01
1.292500E+02 8.993775E-01
1.295000E+02 8.926921E-01
1.297500E+02 8.876278E-01
1.300000E+02 8.831918E-01
1.302500E+02 8.778656E-01
1.305000E+02 8.704045E-01
1.307500E+02 8.655822E-01
1.310000E+02 8.597432E-01
1.312500E+02 8.539545E-01
1.315000E+02 8.487698E-01
1.317500E+02 8.429948E-01
1.320000E+02 8.373778E-01
1.322500E+02 8.335933E-01
1.325000E+02 8.271860E-01
1.327500E+02 8.213119E-01
1.330000E+02 8.170928E-01
1.332500E+02 8.112979E-01
1.335000E+02 8.053325E-01
1.337500E+02 8.014858E-01
1.340000E+02 7.955607E-01
1.342500E+02 7.905841E-01
1.345000E+02 7.853191E-01
1.347500E+02 7.803262E-01
1.350000E+02 7.742105E-01
1.352500E+02 7.699827E-01
1.355000E+02 7.646796E-01
1.357500E+02 7.603252E-01
1.360000E+02 7.550484E-01
1.362500E+02 7.496301E-01
1.365000E+02 7.441829E-01
1.367500E+02 7.394837E-01
1.370000E+02 7.348845E-01
1.372500E+02 7.311384E-01
1.375000E+02 7.251373E-01
1.377500E+02 7.200536E-01
1.380000E+02 7.141003E-01
1.382500E+02 7.103039E-01
1.385000E+02 7.041684E-01
1.387500E+02 7.003529E-01
1.390000E+02 6.950543E-01
1.392500E+02 6.893516E-01
1.395000E+02 6.859511E-01
1.397500E+02 6.812912E-01
1.400000E+02 6.752996E-01
1.402500E+02 6.707064E-01
1.405000E+02 6.674318E-01
1.407500E+02 6.618526E-01
1.410000E+02 6.573720E-01
1.412500E+02 6.526651E-01
1.415000E+02 6.480568E-01
1.417500E+02 6.435788E-01
1.420000E+02 6.388070E-01
1.422500E+02 6.343642E-01
1.425000E+02 6.300448E-01
1.427500E+02 6.242911E-01
1.430000E+02 6.203382E-01
1.432500E+02 6.154166E-01
1.435000E+02 6.109407E-01
1.437500E+02 6.064745E-01
1.440000E+02 6.019518E-01
1.442500E+02 5.967650E-01
1.445000E+02 5.926688E-01
1.447500E+02 5.877025E-01
1.450000E+02 5.842096E-01
1.452500E+02 5.800215E-01
1.455000E+02 5.751933E-01
1.457500E+02 5.710036E-01
1.460000E+02 5.655710E-01
1.462500E+02 5.617261E-01
1.465000E+02 5.567856E-01
1.467500E+02 5.523511E-01
1.470000E+02 5.480923E-01
1.472500E+02 5.442407E-01
1.475000E+02 5.399951E-01
1.477500E+02 5.359546E-01
1.480000E+02 5.312621E-01
1.482500E+02 5.270016E-01
1.485000E+02 5.225466E-01
1.487500E+02 5.183716E-01
1.490000E+02 5.141330E-01
1.492500E+02 5.093872E-01
1.495000E+02 5.061112E-01
1.497500E+02 5.015038E-01
1.500000E+02 4.979567E-01
1.502500E+02 4.935681E-01
1.505000E+02 4.896464E-01
1.507500E+02 4.858069E-01
1.510000E+02 4.812242E-01
1.512500E+02 4.777510E-01
1.515000E+02 4.731200E-01
1.517500E+02 4.691886E-01
1.520000E+02 4.645754E-01
1.522500E+02 4.608307E-01
1.525000E+02 4.567905E-01
1.527500E+02 4.526393E-01
1.530000E+02 4.488935E-01
1.532500E+02 4.450958E-01
1.535000E+02 4.403625E-01
1.537500E+02 4.376347E-01
1.540000E+02 4.327498E-01
1.542500E+02 4.290195E-01
1.545000E+02 4.249835E-01
1.547500E+02 4.208977E-01
1.550000E+02 4.176868E-01
1.552500E+02 4.135612E-01
1.555000E+02 4.099339E-01
1.557500E+02 4.056592E-01
1.560000E+02 4.023655E-01
1.562500E+02 3.982031E-01
1.565000E+02 3.939919E-01
1.567500E+02 3.904416E-01
1.570000E+02 3.864234E-01
1.572500E+02 3.825124E-01
1.575000E+02 3.791259E-01
1.577500E+02 3.743463E-01
1.580000E+02 3.710168E-01
1.582500E+02 3.680902E-01
1.585000E+02 3.636478E-01
1.587500E+02 3.604001E-01
1.590000E+02 3.563994E-01
1.592500E+02 3.525679E-01
1.595000E+02 3.492746E-01
1.597500E+02 3.449787E-01
1.600000E+02 3.417160E-01
1.602500E+02 3.379716E-01
1.605000E+02 3.339587E-01
1.607500E+02 3.306154E-01
1.610000E+02 3.270061E-01
1.612500E+02 3.237869E-01
1.615000E+02 3.197983E-01
1.617500E+02 3.162811E-01
1.620000E+02 3.128101E-01
1.622500E+02 3.092479E-01
1.625000E+02 3.061890E-01
1.627500E+02 3.023508E-01
1.630000E+02 2.984733E-01
1.632500E+02 2.951183E-01
1.635000E+02 2.919841E-01
1.637500E+02 2.882901E-01
1.640000E+02 2.848083E-01
1.642500E+02 2.811174E-01
1.645000E+02 2.776027E-01
1.647500E+02 2.742165E-01
1.650000E+02 2.708519E-01
1.652500E+02 2.675043E-01
1.655000E+02 2.643756E-01
1.657500E+02 2.607070E-01
1.660000E+02 2.571223E-01
1.662500E+02 2.541690E-01
1.665000E+02 2.504803E-01
1.667500E+02 2.470137E-01
1.670000E+02 2.436972E-01
1.672500E+02 2.404061E-01
1.675000E+02 2.373033E-01
1.677500E+02 2.341086E-01
1.680000E+02 2.306581E-01
1.682500E+02 2.274300E-01
1.685000E+02 2.238500E-01
1.687500E+02 2.206915E-01
1.690000E+02 2.175121E-01
1.692500E+02 2.138007E-01
1.695000E+02 2.111259E-01
1.697500E+02 2.070999E-01
1.700000E+02 2.041480E-01
1.702500E+02 2.007646E-01
1.705000E+02 1.977340E-01
1.707500E+02 1.942661E-01
1.710000E+02 1.915245E-01
1.712500E+02 1.881450E-01
1.715000E+02 1.844768E-01
1.717500E+02 1.817389E-01
1.720000E+02 1.782977E-01
1.722500E+02 1.754177E-01
1.725000E+02 1.723941E-01
1.727500E+02 1.688484E-01
1.730000E+02 1.660531E-01
1.732500E+02 1.626877E-01
1.735000E+02 1.597642E-01
1.737500E+02 1.565766E-01
1.740000E+02 1.535259E-01
1.742500E+02 1.505576E-01
1.745000E+02 1.474340E-01
1.747500E+02 1.445038E-01
1.750000E+02 1.412523E-01
1.752500E+02 1.381222E-01
1.755000E+02 1.353113E-01
1.757500E+02 1.322112E-01
1.760000E+02 1.289359E-01
1.762500E+02 1.259696E-01
1.765000E+02 1.232618E-01
1.767500E+02 1.200942E-01
1.770000E+02 1.174726E-01
1.772500E+02 1.148709E-01
1.775000E+02 1.122305E-01
1.777500E+02 1.099995E-01
1.780000E+02 1.075247E-01
1.782500E+02 1.051963E-01
1.785000E+02 1.031798E-01
1.787500E+02 1.011017E-01
1.790000E+02 9.902659E-02
1.792500E+02 9.690215E-02
1.795000E+02 9.482045E-02
1.797500E+02 9.283290E-02
1.800000E+02 9.118203E-02
1.802500E+02 8.893189E-02
1.805000E+02 8.711624E-02
1.807500E+02 8.557273E-02
1.810000E+02 8.350606E-02
1.812500E+02 8.185577E-02
1.815000E+02 8.024093E-02
1.817500E+02 7.849201E-02
1.820000E+02 7.696121E-02
1.822500E+02 7.531464E-02
1.825000E+02 7.376420E-02
1.827500E+02 7.237038E-02
1.830000E+02 7.066655E-02
1.832500E+02 6.909984E-02
1.835000E+02 6.777527E-02
1.837500E+02 6.630935E-02
1.840000E+02 6.517992E-02
1.842500E+02 6.348314E-02
1.845000E+02 6.239303E-02
1.847500E+02 6.109328E-02
1.850000E+02 5.949949E-02
1.852500E+02 5.832516E-02
1.855000E+02 5.703947E-02
1.857500E+02 5.555062E-02
1.860000E+02 5.463187E-02
1.862500E+02 5.357495E-02
1.865000E+02 5.234204E-02
1.867500E+02 5.116697E-02
1.870000E+02 4.985707E-02
1.872500E+02 4.875576E-02
1.875000E+02 4.763986E-02
1.877500E+02 4.679912E-02
1.880000E+02 4.535071E-02
1.882500E+02 4.466493E-02
1.885000E+02 4.354403E-02
1.887500E+02 4.263579E-02
1.890000E+02 4.144619E-02
1.892500E+02 4.071696E-02
1.895000E+02 3.980804E-02
1.897500E+02 3.880472E-02
1.900000E+02 3.775445E-02
1.902500E+02 3.685030E-02
1.905000E+02 3.604645E-02
1.907500E+02 3.519382E-02
1.910000E+02 3.432419E-02
1.912500E+02 3.335203E-02
1.915000E+02 3.269976E-02
1.917500E+02 3.200963E-02
1.920000E+02 3.118206E-02
1.922500E+02 3.034992E-02
1.925000E+02 2.944363E-02
1.927500E+02 2.881771E-02
1.930000E+02 2.799666E-02
1.932500E+02 2.717398E-02
1.935000E+02 2.650093E-02
1.937500E+02 2.583164E-02
1.940000E+02 2.525818E-02
1.942500E+02 2.471794E-02
1.945000E+02 2.378311E-02
1.947500E+02 2.318600E-02
1.950000E+02 2.254981E-02
1.952500E+02 2.192889E-02
1.955000E+02 2.137781E-02
1.957500E+02 2.063844E-02
1.960000E+02 2.014020E-02
1.962500E+02 1.959748E-02
1.965000E+02 1.900912E-02
1.967500E+02 1.850893E-02
1.970000E+02 1.793956E-02
1.972500E+02 1.734635E-02
1.975000E+02 1.675516E-02
1.977500E+02 1.629992E-02
1.980000E+02 1.584234E-02
1.982500E+02 1.535548E-02
1.985000E+02 1.491490E-02
1.987500E+02 1.429428E-02
1.990000E+02 1.390415E-02
1.992500E+02 1.346331E-02
1.995000E+02 1.302788E-02
1.997500E+02 1.246837E-02
2.000000E+02 1.209336E-02
2.002500E+02 1.172486E-02
2.005000E+02 1.125438E-02
2.007500E+02 1.093657E-02
2.010000E+02 1.057963E-02
2.012500E+02 1.019544E-02
2.015000E+02 9.752968E-03
2.017500E+02 9.413729E-03
2.020000E+02 9.036232E-03
2.022500E+02 8.661805E-03
2.025000E+02 8.338220E-03
2.027500E+02 8.106468E-03
2.030000E+02 7.668472E-03
2.032500E+02 7.382772E-03
2.035000E+02 7.098625E-03
2.037500E+02 6.730635E-03
2.040000E+02 6.490811E-03
2.042500E+02 6.180122E-03
2.045000E+02 5.879373E-03
2.047500E+02 5.649336E-03
2.050000E+02 5.392799E-03
2.052500E+02 5.197013E-03
2.055000E+02 4.853901E-03
2.057500E+02 4.642641E-03
2.060000E+02 4.407604E-03
2.062500E+02 4.176232E-03
2.065000E+02 3.973508E-03
2.067500E+02 3.804283E-03
2.070000E+02 3.494955E-03
2.072500E+02 3.362064E-03
2.075000E+02 3.140276E-03
2.077500E+02 3.006185E-03
2.080000E+02 2.767479E-03
2.082500E+02 2.608492E-03
2.085000E+02 2.468822E-03
2.087500E+02 2.283187E-03
2.090000E+02 2.135051E-03
2.092500E+02 2.013779E-03
2.095000E+02 1.888811E-03
2.097500E+02 1.713993E-03
2.100000E+02 1.578722E-03
2.102500E+02 1.467886E-03
2.105000E+02 1.300985E-03
2.107500E+02 1.233987E-03
2.110000E+02 1.107100E-03
2.112500E+02 9.990544E-04
2.115000E+02 8.955428E-04
2.117500E+02 8.036044E-04
2.120000E+02 7.082495E-04
2.122500E+02 6.435686E-04
2.125000E+02 5.726482E-04
2.127500E+02 4.902796E-04
2.130000E+02 4.162364E-04
2.132500E+02 3.585409E-04
2.135000E+02 3.034854E-04
2.137500E+02 2.515247E-04
2.140000E+02 2.032672E-04
2.142500E+02 1.701453E-04
2.145000E+02 1.233968E-04
2.147500E+02 9.592555E-05
2.150000E+02 6.593192E-05
2.152500E+02 4.758471E-05
2.155000E+02 2.451291E-05
2.157500E+02 1.408549E-05
2.160000E+02 5.868247E-06
2.162500E+02 9.244242E-07
