2.500000E-01 0.000000E+00
5.000000E-01 0.000000E+00
7.500000E-01 0.000000E+00
1.000000E+00 0.000000E+00
1.250000E+00 0.000000E+00
1.500000E+00 0.000000E+00
1.750000E+00 0.000000E+00
2.000000E+00 0.000000E+00
2.250000E+00 0.000000E+00
2.500000E+00 0.000000E+00
2.750000E+00 0.000000E+00
3.000000E+00 0.000000E+00
3.250000E+00 0.000000E+00
3.500000E+00 2.411460E-02
3.750000E+00 1.710236E+00
4.000000E+00 1.474407E+01
4.250000E+00 3.230620E+01
4.500000E+00 3.619671E+01
4.750000E+00 2.950901E+01
5.000000E+00 2.126072E+01
5.250000E+00 1.491681E+01
5.500000E+00 1.049425E+01
5.750000E+00 7.821794E+00
6.000000E+00 6.038767E+00
6.250000E+00 5.041128E+00
6.500000E+00 4.209750E+00
6.750000E+00 3.500924E+00
7.000000E+00 2.891693E+00
7.250000E+00 2.393181E+00
7.500000E+00 2.061326E+00
7.750000E+00 1.855749E+00
8.000000E+00 1.702512E+00
8.250000E+00 1.636038E+00
8.500000E+00 1.593171E+00
8.750000E+00 1.591611E+00
9.000000E+00 1.450601E+00
9.250000E+00 1.392028E+00
9.500000E+00 1.315815E+00
9.750000E+00 1.221994E+00
1.000000E+01 1.187379E+00
1.025000E+01 1.149915E+00
1.050000E+01 1.126916E+00
1.075000E+01 1.091384E+00
1.100000E+01 1.092059E+00
1.125000E+01 1.077821E+00
1.150000E+01 1.059853E+00
1.175000E+01 1.047744E+00
1.200000E+01 1.046922E+00
1.225000E+01 1.046110E+00
1.250000E+01 1.046784E+00
1.275000E+01 1.049882E+00
1.300000E+01 1.020207E+00
1.325000E+01 1.030662E+00
1.350000E+01 1.031309E+00
1.375000E+01 1.023606E+00
1.400000E+01 1.027223E+00
1.425000E+01 1.014701E+00
1.450000E+01 1.023706E+00
1.475000E+01 1.023541E+00
1.500000E+01 1.020256E+00
1.525000E+01 1.019640E+00
1.550000E+01 1.014364E+00
1.575000E+01 1.021861E+00
1.600000E+01 1.016098E+00
1.625000E+01 1.016834E+00
1.650000E+01 1.017006E+00
1.675000E+01 1.009653E+00
1.700000E+01 1.019441E+00
1.725000E+01 1.022116E+00
1.750000E+01 1.015425E+00
1.775000E+01 1.016546E+00
1.800000E+01 1.014989E+00
1.825000E+01 1.023476E+00
1.850000E+01 1.017138E+00
1.875000E+01 1.022781E+00
1.900000E+01 1.006900E+00
1.925000E+01 1.013212E+00
1.950000E+01 1.015555E+00
1.975000E+01 1.015092E+00
2.000000E+01 1.016261E+00
2.025000E+01 1.007787E+00
2.050000E+01 1.014919E+00
2.075000E+01 1.009001E+00
2.100000E+01 1.013548E+00
2.125000E+01 1.007599E+00
2.150000E+01 1.012593E+00
2.175000E+01 1.014625E+00
2.200000E+01 1.012150E+00
2.225000E+01 1.020867E+00
2.250000E+01 1.013891E+00
2.275000E+01 1.014505E+00
2.300000E+01 1.006599E+00
2.325000E+01 1.010339E+00
2.350000E+01 1.011775E+00
2.375000E+01 1.015942E+00
2.400000E+01 1.007958E+00
2.425000E+01 1.007425E+00
2.450000E+01 1.008972E+00
2.475000E+01 1.007429E+00
2.500000E+01 1.010379E+00
2.525000E+01 1.011083E+00
2.550000E+01 1.009959E+00
2.575000E+01 1.010818E+00
2.600000E+01 1.009421E+00
2.625000E+01 1.010183E+00
2.650000E+01 1.007711E+00
2.675000E+01 1.012595E+00
2.700000E+01 1.005296E+00
2.725000E+01 1.013977E+00
2.750000E+01 1.004418E+00
2.775000E+01 1.010242E+00
2.800000E+01 1.007492E+00
2.825000E+01 1.006947E+00
2.850000E+01 1.011339E+00
2.875000E+01 1.009160E+00
2.900000E+01 1.012791E+00
2.925000E+01 1.010458E+00
2.950000E+01 1.009772E+00
2.975000E+01 1.007436E+00
3.000000E+01 9.994977E-01
3.025000E+01 1.000690E+00
3.050000E+01 1.004351E+00
3.075000E+01 1.002130E+00
3.100000E+01 1.010188E+00
3.125000E+01 1.010247E+00
3.150000E+01 1.010795E+00
3.175000E+01 1.015166E+00
3.200000E+01 1.008858E+00
3.225000E+01 1.007963E+00
3.250000E+01 1.009474E+00
3.275000E+01 1.010632E+00
3.300000E+01 1.009199E+00
3.325000E+01 1.008593E+00
3.350000E+01 1.008991E+00
3.375000E+01 1.011791E+00
3.400000E+01 1.015209E+00
3.425000E+01 1.010473E+00
3.450000E+01 1.005633E+00
3.475000E+01 1.007606E+00
3.500000E+01 1.006432E+00
3.525000E+01 1.010628E+00
3.550000E+01 1.004648E+00
3.575000E+01 1.009092E+00
3.600000E+01 1.007562E+00
3.625000E+01 1.010266E+00
3.650000E+01 1.007339E+00
3.675000E+01 1.008831E+00
3.700000E+01 1.011885E+00
3.725000E+01 1.004284E+00
3.750000E+01 1.009249E+00
3.775000E+01 1.012297E+00
3.800000E+01 1.003761E+00
3.825000E+01 1.011361E+00
3.850000E+01 1.004487E+00
3.875000E+01 1.005852E+00
3.900000E+01 1.005266E+00
3.925000E+01 1.008258E+00
3.950000E+01 1.005320E+00
3.975000E+01 1.007484E+00
4.000000E+01 1.009633E+00
4.025000E+01 1.008092E+00
4.050000E+01 1.005551E+00
4.075000E+01 1.009070E+00
4.100000E+01 1.007440E+00
4.125000E+01 1.007088E+00
4.150000E+01 1.005889E+00
4.175000E+01 1.006639E+00
4.200000E+01 1.005159E+00
4.225000E+01 1.004285E+00
4.250000E+01 1.003207E+00
4.275000E+01 1.004435E+00
4.300000E+01 1.007854E+00
4.325000E+01 1.009363E+00
4.350000E+01 1.006910E+00
4.375000E+01 1.004824E+00
4.400000E+01 1.007546E+00
4.425000E+01 1.007240E+00
4.450000E+01 1.007666E+00
4.475000E+01 1.005383E+00
4.500000E+01 1.004316E+00
4.525000E+01 1.004650E+00
4.550000E+01 1.007335E+00
4.575000E+01 1.008088E+00
4.600000E+01 1.007685E+00
4.625000E+01 1.005362E+00
4.650000E+01 1.005301E+00
4.675000E+01 1.003244E+00
4.700000E+01 1.003670E+00
4.725000E+01 1.003278E+00
4.750000E+01 1.006026E+00
4.775000E+01 1.001293E+00
4.800000E+01 1.001232E+00
4.825000E+01 1.004509E+00
4.850000E+01 1.007927E+00
4.875000E+01 1.003601E+00
4.900000E+01 1.010815E+00
4.925000E+01 1.003080E+00
4.950000E+01 1.007014E+00
4.975000E+01 1.002054E+00
5.000000E+01 1.005088E+00
5.025000E+01 1.002913E+00
5.050000E+01 1.006916E+00
5.075000E+01 1.004148E+00
5.100000E+01 1.005956E+00
5.125000E+01 1.004999E+00
5.150000E+01 1.002011E+00
5.175000E+01 1.005484E+00
5.200000E+01 1.003905E+00
5.225000E+01 1.007184E+00
5.250000E+01 1.002791E+00
5.275000E+01 1.004587E+00
5.300000E+01 1.006308E+00
5.325000E+01 1.007106E+00
5.350000E+01 1.003397E+00
5.375000E+01 1.003607E+00
5.400000E+01 1.003628E+00
5.425000E+01 1.002437E+00
5.450000E+01 1.004737E+00
5.475000E+01 1.002916E+00
5.500000E+01 1.003468E+00
5.525000E+01 1.004047E+00
5.550000E+01 1.004621E+00
5.575000E+01 1.006293E+00
5.600000E+01 1.005162E+00
5.625000E+01 1.003958E+00
5.650000E+01 1.006913E+00
5.675000E+01 9.992490E-01
5.700000E+01 1.001609E+00
5.725000E+01 1.004823E+00
5.750000E+01 1.006641E+00
5.775000E+01 1.005322E+00
5.800000E+01 1.001457E+00
5.825000E+01 1.005044E+00
5.850000E+01 1.001628E+00
5.875000E+01 1.004090E+00
5.900000E+01 1.005842E+00
5.925000E+01 1.003299E+00
5.950000E+01 1.006492E+00
5.975000E+01 1.002525E+00
6.000000E+01 1.002087E+00
6.025000E+01 1.006998E+00
6.050000E+01 1.005893E+00
6.075000E+01 1.005614E+00
6.100000E+01 1.001406E+00
6.125000E+01 1.003208E+00
6.150000E+01 1.004311E+00
6.175000E+01 1.004725E+00
6.200000E+01 1.004089E+00
6.225000E+01 1.004056E+00
6.250000E+01 1.001248E+00
6.275000E+01 1.002894E+00
6.300000E+01 1.000970E+00
6.325000E+01 1.004009E+00
6.350000E+01 1.002737E+00
6.375000E+01 1.002743E+00
6.400000E+01 1.002976E+00
6.425000E+01 1.002319E+00
6.450000E+01 1.003869E+00
6.475000E+01 1.003529E+00
6.500000E+01 1.001793E+00
6.525000E+01 1.003144E+00
6.550000E+01 1.002131E+00
6.575000E+01 1.001290E+00
6.600000E+01 1.002758E+00
6.625000E+01 1.002800E+00
6.650000E+01 1.001579E+00
6.675000E+01 1.002793E+00
6.700000E+01 1.003831E+00
6.725000E+01 1.002759E+00
6.750000E+01 1.002625E+00
6.775000E+01 1.001244E+00
6.800000E+01 1.003874E+00
6.825000E+01 1.004905E+00
6.850000E+01 1.004446E+00
6.875000E+01 1.005239E+00
6.900000E+01 1.003602E+00
6.925000E+01 1.002849E+00
6.950000E+01 1.003287E+00
6.975000E+01 1.002228E+00
7.000000E+01 1.002426E+00
7.025000E+01 1.004601E+00
7.050000E+01 1.005049E+00
7.075000E+01 1.001030E+00
7.100000E+01 1.002879E+00
7.125000E+01 1.004622E+00
7.150000E+01 1.001989E+00
7.175000E+01 1.004626E+00
7.200000E+01 1.001245E+00
7.225000E+01 1.004825E+00
7.250000E+01 1.002199E+00
7.275000E+01 1.004147E+00
7.300000E+01 1.002133E+00
7.325000E+01 1.001386E+00
7.350000E+01 1.001559E+00
7.375000E+01 1.000438E+00
7.400000E+01 1.002987E+00
7.425000E+01 1.001633E+00
7.450000E+01 1.002447E+00
7.475000E+01 1.002205E+00
7.500000E+01 1.001176E+00
7.525000E+01 1.002988E+00
7.550000E+01 1.004110E+00
7.575000E+01 1.003845E+00
7.600000E+01 1.003091E+00
7.625000E+01 9.996933E-01
7.650000E+01 1.004446E+00
7.675000E+01 1.001433E+00
7.700000E+01 1.001885E+00
7.725000E+01 1.001913E+00
7.750000E+01 1.000389E+00
7.775000E+01 1.003415E+00
7.800000E+01 1.002884E+00
7.825000E+01 1.000132E+00
7.850000E+01 1.004965E+00
7.875000E+01 1.002531E+00
7.900000E+01 1.002178E+00
7.925000E+01 1.001524E+00
7.950000E+01 1.001268E+00
7.975000E+01 1.000595E+00
8.000000E+01 1.002302E+00
8.025000E+01 1.001904E+00
8.050000E+01 1.001159E+00
8.075000E+01 1.001038E+00
8.100000E+01 1.002422E+00
8.125000E+01 9.993342E-01
8.150000E+01 1.003127E+00
8.175000E+01 1.001142E+00
8.200000E+01 1.002427E+00
8.225000E+01 1.002864E+00
8.250000E+01 1.002572E+00
8.275000E+01 1.003954E+00
8.300000E+01 1.000466E+00
8.325000E+01 1.003496E+00
8.350000E+01 1.001673E+00
8.375000E+01 1.002076E+00
8.400000E+01 1.001242E+00
8.425000E+01 1.002637E+00
8.450000E+01 1.000552E+00
8.475000E+01 1.003090E+00
8.500000E+01 1.002196E+00
8.525000E+01 1.001694E+00
8.550000E+01 1.000045E+00
8.575000E+01 1.001640E+00
8.600000E+01 1.000874E+00
8.625000E+01 1.001384E+00
8.650000E+01 1.000539E+00
8.675000E+01 1.001461E+00
8.700000E+01 1.000980E+00
8.725000E+01 1.001095E+00
8.750000E+01 1.002600E+00
8.775000E+01 1.000154E+00
8.800000E+01 9.997959E-01
8.825000E+01 1.001926E+00
8.850000E+01 1.002208E+00
8.875000E+01 1.002715E+00
8.900000E+01 1.002435E+00
8.925000E+01 1.003141E+00
8.950000E+01 1.003142E+00
8.975000E+01 1.001768E+00
9.000000E+01 1.002923E+00
9.025000E+01 1.003070E+00
9.050000E+01 1.001703E+00
9.075000E+01 1.001762E+00
9.100000E+01 1.001749E+00
9.125000E+01 1.002707E+00
9.150000E+01 1.001448E+00
9.175000E+01 1.000057E+00
9.200000E+01 1.000359E+00
9.225000E+01 1.000453E+00
9.250000E+01 1.002971E+00
9.275000E+01 1.003045E+00
9.300000E+01 1.001162E+00
9.325000E+01 1.003252E+00
9.350000E+01 1.002587E+00
9.375000E+01 1.002500E+00
9.400000E+01 1.000719E+00
9.425000E+01 1.001650E+00
9.450000E+01 1.001717E+00
9.475000E+01 1.002622E+00
9.500000E+01 1.001853E+00
9.525000E+01 1.001000E+00
9.550000E+01 1.001789E+00
9.575000E+01 1.001438E+00
9.600000E+01 1.000798E+00
9.625000E+01 1.002037E+00
9.650000E+01 1.001634E+00
9.675000E+01 1.001629E+00
9.700000E+01 1.000609E+00
9.725000E+01 1.001019E+00
9.750000E+01 1.001694E+00
9.775000E+01 1.002884E+00
9.800000E+01 1.002342E+00
9.825000E+01 1.001096E+00
9.850000E+01 1.001729E+00
9.875000E+01 1.001047E+00
9.900000E+01 1.000668E+00
9.925000E+01 1.002384E+00
9.950000E+01 1.001988E+00
9.975000E+01 1.001384E+00
1.000000E+02 1.001088E+00
1.002500E+02 1.000328E+00
1.005000E+02 1.001744E+00
1.007500E+02 1.001464E+00
1.010000E+02 1.002459E+00
1.012500E+02 1.001366E+00
1.015000E+02 1.001038E+00
1.017500E+02 1.001217E+00
1.020000E+02 1.001504E+00
1.022500E+02 1.000798E+00
1.025000E+02 1.002124E+00
1.027500E+02 1.001152E+00
1.030000E+02 1.001327E+00
1.032500E+02 1.000942E+00
1.035000E+02 1.001468E+00
1.037500E+02 1.000723E+00
1.040000E+02 1.001585E+00
1.042500E+02 1.001452E+00
1.045000E+02 1.000883E+00
1.047500E+02 1.000691E+00
1.050000E+02 1.000504E+00
1.052500E+02 1.000483E+00
1.055000E+02 1.001955E+00
1.057500E+02 1.000161E+00
1.060000E+02 1.000337E+00
1.062500E+02 1.001287E+00
1.065000E+02 1.001444E+00
1.067500E+02 1.001091E+00
1.070000E+02 1.000810E+00
1.072500E+02 1.001667E+00
1.075000E+02 1.000941E+00
1.077500E+02 1.000590E+00
1.080000E+02 1.001133E+00
1.082500E+02 1.001770E+00
1.085000E+02 1.001396E+00
1.087500E+02 1.001458E+00
1.090000E+02 1.002330E+00
1.092500E+02 1.001727E+00
1.095000E+02 1.001624E+00
1.097500E+02 1.001120E+00
1.100000E+02 1.000585E+00
1.102500E+02 1.000919E+00
1.105000E+02 1.001541E+00
1.107500E+02 1.001169E+00
1.110000E+02 1.000105E+00
1.112500E+02 1.001054E+00
1.115000E+02 1.001713E+00
1.117500E+02 1.000589E+00
1.120000E+02 1.001976E+00
1.122500E+02 1.000909E+00
1.125000E+02 1.000482E+00
1.127500E+02 1.001451E+00
1.130000E+02 1.001005E+00
1.132500E+02 1.002329E+00
1.135000E+02 1.000283E+00
1.137500E+02 1.000360E+00
1.140000E+02 1.003141E+00
1.142500E+02 9.997895E-01
1.145000E+02 1.000891E+00
1.147500E+02 1.001190E+00
1.150000E+02 1.000307E+00
1.152500E+02 1.002187E+00
1.155000E+02 1.001496E+00
1.157500E+02 1.001663E+00
1.160000E+02 1.001193E+00
1.162500E+02 1.001135E+00
1.165000E+02 1.000934E+00
1.167500E+02 1.000537E+00
1.170000E+02 1.000573E+00
1.172500E+02 9.998951E-01
1.175000E+02 1.000248E+00
1.177500E+02 1.001148E+00
1.180000E+02 9.999832E-01
1.182500E+02 1.000514E+00
1.185000E+02 1.001044E+00
1.187500E+02 1.000810E+00
1.190000E+02 1.000246E+00
1.192500E+02 1.001165E+00
1.195000E+02 9.998635E-01
1.197500E+02 1.000166E+00
1.200000E+02 1.000158E+00
1.202500E+02 1.000712E+00
1.205000E+02 1.001039E+00
1.207500E+02 1.000691E+00
1.210000E+02 9.996624E-01
1.212500E+02 9.998796E-01
1.215000E+02 1.001886E+00
1.217500E+02 1.000034E+00
1.220000E+02 1.000641E+00
1.222500E+02 1.000919E+00
1.225000E+02 1.001160E+00
1.227500E+02 1.001136E+00
1.230000E+02 1.000302E+00
1.232500E+02 1.000614E+00
1.235000E+02 1.000748E+00
1.237500E+02 1.001661E+00
1.240000E+02 1.001501E+00
1.242500E+02 1.000781E+00
1.245000E+02 1.000706E+00
1.247500E+02 1.000697E+00
1.250000E+02 9.992616E-01
1.252500E+02 9.924106E-01
1.255000E+02 9.856743E-01
1.257500E+02 9.786603E-01
1.260000E+02 9.727057E-01
1.262500E+02 9.677560E-01
1.265000E+02 9.625169E-01
1.267500E+02 9.566863E-01
1.270000E+02 9.508999E-01
1.272500E+02 9.446862E-01
1.275000E+02 9.376447E-01
1.277500E+02 9.329206E-01
1.280000E+02 9.274805E-01
1.282500E+02 9.216446E-01
1.285000E+02 9.155835E-01
1.287500E+02 9.115023E-01
1.290000E+02 9.048684E-01
1.292500E+02 8.991166E-01
1.295000E+02 8.943320E-01
1.297500E+02 8.884675E-01
1.300000E+02 8.830328E-01
1.302500E+02 8.775759E-01
1.305000E+02 8.707252E-01
1.307500E+02 8.660837E-01
1.310000E+02 8.603923E-01
1.312500E+02 8.544309E-01
1.315000E+02 8.499352E-01
1.317500E+02 8.444252E-01
1.320000E+02 8.395124E-01
1.322500E+02 8.331711E-01
1.325000E+02 8.289646E-01
1.327500E+02 8.228365E-01
1.330000E+02 8.170822E-01
1.332500E+02 8.134734E-01
1.335000E+02 8.061823E-01
1.337500E+02 8.021495E-01
1.340000E+02 7.969242E-01
1.342500E+02 7.908647E-01
1.345000E+02 7.865609E-01
1.347500E+02 7.809901E-01
1.350000E+02 7.758970E-01
1.352500E+02 7.712446E-01
1.355000E+02 7.653424E-01
1.357500E+02 7.606369E-01
1.360000E+02 7.549171E-01
1.362500E+02 7.508724E-01
1.365000E+02 7.456176E-01
1.367500E+02 7.400166E-01
1.370000E+02 7.351655E-01
1.372500E+02 7.303050E-01
1.375000E+02 7.254369E-01
1.377500E+02 7.210196E-01
1.380000E+02 7.150620E-01
1.382500E+02 7.103993E-01
1.385000E+02 7.052757E-01
1.387500E+02 7.013660E-01
1.390000E+02 6.961373E-01
1.392500E+02 6.915539E-01
1.395000E+02 6.863081E-01
1.397500E+02 6.819825E-01
1.400000E+02 6.767762E-01
1.402500E+02 6.725913E-01
1.405000E+02 6.662905E-01
1.407500E+02 6.625353E-01
1.410000E+02 6.586662E-01
1.412500E+02 6.523022E-01
1.415000E+02 6.485016E-01
1.417500E+02 6.438015E-01
1.420000E+02 6.388470E-01
1.422500E+02 6.346177E-01
1.425000E+02 6.290385E-01
1.427500E+02 6.252754E-01
1.430000E+02 6.214093E-01
1.432500E+02 6.156645E-01
1.435000E+02 6.122164E-01
1.437500E+02 6.074689E-01
1.440000E+02 6.025602E-01
1.442500E+02 5.982550E-01
1.445000E+02 5.941998E-01
1.447500E+02 5.882671E-01
1.450000E+02 5.849419E-01
1.452500E+02 5.794734E-01
1.455000E+02 5.747281E-01
1.457500E+02 5.711518E-01
1.460000E+02 5.668341E-01
1.462500E+02 5.619959E-01
1.465000E+02 5.582361E-01
1.467500E+02 5.538439E-01
1.470000E+02 5.488072E-01
1.472500E+02 5.453180E-01
1.475000E+02 5.403309E-01
1.477500E+02 5.358612E-01
1.480000E+02 5.318512E-01
1.482500E+02 5.278376E-01
1.485000E+02 5.232435E-01
1.487500E+02 5.198978E-01
1.490000E+02 5.142791E-01
1.492500E+02 5.112645E-01
1.495000E+02 5.066573E-01
1.497500E+02 5.027337E-01
1.500000E+02 4.980896E-01
1.502500E+02 4.945677E-01
1.505000E+02 4.900968E-01
1.507500E+02 4.863104E-01
1.510000E+02 4.811990E-01
1.512500E+02 4.776320E-01
1.515000E+02 4.734232E-01
1.517500E+02 4.694642E-01
1.520000E+02 4.657417E-01
1.522500E+02 4.612720E-01
1.525000E+02 4.575573E-01
1.527500E+02 4.534737E-01
1.530000E+02 4.497612E-01
1.532500E+02 4.451372E-01
1.535000E+02 4.415590E-01
1.537500E+02 4.373180E-01
1.540000E+02 4.335506E-01
1.542500E+02 4.294604E-01
1.545000E+02 4.255957E-01
1.547500E+02 4.213406E-01
1.550000E+02 4.176254E-01
1.552500E+02 4.137537E-01
1.555000E+02 4.096580E-01
1.557500E+02 4.058971E-01
1.560000E+02 4.021556E-01
1.562500E+02 3.984383E-01
1.565000E+02 3.949030E-01
1.567500E+02 3.902307E-01
1.570000E+02 3.861840E-01
1.572500E+02 3.827231E-01
1.575000E+02 3.790763E-01
1.577500E+02 3.758166E-01
1.580000E+02 3.716610E-01
1.582500E+02 3.679607E-01
1.585000E+02 3.639800E-01
1.587500E+02 3.609456E-01
1.590000E+02 3.566132E-01
1.592500E+02 3.531963E-01
1.595000E+02 3.495889E-01
1.597500E+02 3.452136E-01
1.600000E+02 3.419688E-01
1.602500E+02 3.387249E-01
1.605000E+02 3.347868E-01
1.607500E+02 3.308597E-01
1.610000E+02 3.275139E-01
1.612500E+02 3.242663E-01
1.615000E+02 3.206146E-01
1.617500E+02 3.170464E-01
1.620000E+02 3.135165E-01
1.622500E+02 3.098582E-01
1.625000E+02 3.065203E-01
1.627500E+02 3.026753E-01
1.630000E+02 2.991621E-01
1.632500E+02 2.952670E-01
1.635000E+02 2.921892E-01
1.637500E+02 2.889506E-01
1.640000E+02 2.848158E-01
1.642500E+02 2.816633E-01
1.645000E+02 2.785045E-01
1.647500E+02 2.749435E-01
1.650000E+02 2.712340E-01
1.652500E+02 2.680272E-01
1.655000E+02 2.644834E-01
1.657500E+02 2.613605E-01
1.660000E+02 2.578248E-01
1.662500E+02 2.541499E-01
1.665000E+02 2.506225E-01
1.667500E+02 2.477722E-01
1.670000E+02 2.438083E-01
1.672500E+02 2.410472E-01
1.675000E+02 2.371466E-01
1.677500E+02 2.340981E-01
1.680000E+02 2.300889E-01
1.682500E+02 2.274038E-01
1.685000E+02 2.238681E-01
1.687500E+02 2.209081E-01
1.690000E+02 2.178900E-01
1.692500E+02 2.143440E-01
1.695000E+02 2.107763E-01
1.697500E+02 2.076435E-01
1.700000E+02 2.042639E-01
1.702500E+02 2.008777E-01
1.705000E+02 1.977806E-01
1.707500E+02 1.945930E-01
1.710000E+02 1.915136E-01
1.712500E+02 1.882298E-01
1.715000E+02 1.848016E-01
1.717500E+02 1.821558E-01
1.720000E+02 1.785566E-01
1.722500E+02 1.755314E-01
1.725000E+02 1.723232E-01
1.727500E+02 1.694501E-01
1.730000E+02 1.659204E-01
1.732500E+02 1.632415E-01
1.735000E+02 1.597596E-01
1.737500E+02 1.567885E-01
1.740000E+02 1.537120E-01
1.742500E+02 1.509776E-01
1.745000E+02 1.477816E-01
1.747500E+02 1.448223E-01
1.750000E+02 1.415868E-01
1.752500E+02 1.383687E-01
1.755000E+02 1.353960E-01
1.757500E+02 1.325674E-01
1.760000E+02 1.288821E-01
1.762500E+02 1.261336E-01
1.765000E+02 1.234970E-01
1.767500E+02 1.199855E-01
1.770000E+02 1.174112E-01
1.772500E+02 1.149108E-01
1.775000E+02 1.125122E-01
1.777500E+02 1.100501E-01
1.780000E+02 1.075247E-01
1.782500E+02 1.055466E-01
1.785000E+02 1.031258E-01
1.787500E+02 1.011238E-01
1.790000E+02 9.877676E-02
1.792500E+02 9.683644E-02
1.795000E+02 9.487300E-02
1.797500E+02 9.295533E-02
1.800000E+02 9.082601E-02
1.802500E+02 8.916717E-02
1.805000E+02 8.737830E-02
1.807500E+02 8.545143E-02
1.810000E+02 8.384519E-02
1.812500E+02 8.175313E-02
1.815000E+02 8.032120E-02
1.817500E+02 7.868024E-02
1.820000E+02 7.700036E-02
1.822500E+02 7.533959E-02
1.825000E+02 7.386479E-02
1.827500E+02 7.239691E-02
1.830000E+02 7.057383E-02
1.832500E+02 6.932041E-02
1.835000E+02 6.789210E-02
1.837500E+02 6.654472E-02
1.840000E+02 6.503734E-02
1.842500E+02 6.361642E-02
1.845000E+02 6.223534E-02
1.847500E+02 6.097422E-02
1.850000E+02 5.964306E-02
1.852500E+02 5.825062E-02
1.855000E+02 5.692012E-02
1.857500E+02 5.576362E-02
1.860000E+02 5.478952E-02
1.862500E+02 5.332425E-02
1.865000E+02 5.217922E-02
1.867500E+02 5.111471E-02
1.870000E+02 5.009587E-02
1.872500E+02 4.892776E-02
1.875000E+02 4.793887E-02
1.877500E+02 4.676417E-02
1.880000E+02 4.559432E-02
1.882500E+02 4.465334E-02
1.885000E+02 4.329583E-02
1.887500E+02 4.271486E-02
1.890000E+02 4.173422E-02
1.892500E+02 4.060672E-02
1.895000E+02 3.973481E-02
1.897500E+02 3.871668E-02
1.900000E+02 3.793268E-02
1.902500E+02 3.692355E-02
1.905000E+02 3.597220E-02
1.907500E+02 3.531401E-02
1.910000E+02 3.429081E-02
1.912500E+02 3.332504E-02
1.915000E+02 3.254750E-02
1.917500E+02 3.199493E-02
1.920000E+02 3.119653E-02
1.922500E+02 3.030547E-02
1.925000E+02 2.944849E-02
1.927500E+02 2.875584E-02
1.930000E+02 2.812761E-02
1.932500E+02 2.729977E-02
1.935000E+02 2.666237E-02
1.937500E+02 2.587943E-02
1.940000E+02 2.532690E-02
1.942500E+02 2.464939E-02
1.945000E+02 2.381701E-02
1.947500E+02 2.333740E-02
1.950000E+02 2.263470E-02
1.952500E+02 2.193173E-02
1.955000E+02 2.144266E-02
1.957500E+02 2.074355E-02
1.960000E+02 2.015952E-02
1.962500E+02 1.961188E-02
1.965000E+02 1.905670E-02
1.967500E+02 1.847841E-02
1.970000E+02 1.783225E-02
1.972500E+02 1.737727E-02
1.975000E+02 1.683329E-02
1.977500E+02 1.633530E-02
1.980000E+02 1.595408E-02
1.982500E+02 1.536354E-02
1.985000E+02 1.492533E-02
1.987500E+02 1.434827E-02
1.990000E+02 1.385084E-02
1.992500E+02 1.345714E-02
1.995000E+02 1.307405E-02
1.997500E+02 1.268669E-02
2.000000E+02 1.214902E-02
2.002500E+02 1.170599E-02
2.005000E+02 1.128611E-02
2.007500E+02 1.097322E-02
2.010000E+02 1.046924E-02
2.012500E+02 1.014012E-02
2.015000E+02 9.700087E-03
2.017500E+02 9.481525E-03
2.020000E+02 9.017692E-03
2.022500E+02 8.738426E-03
2.025000E+02 8.351925E-03
2.027500E+02 8.093673E-03
2.030000E+02 7.730540E-03
2.032500E+02 7.410677E-03
2.035000E+02 7.088882E-03
2.037500E+02 6.804743E-03
2.040000E+02 6.464322E-03
2.042500E+02 6.248341E-03
2.045000E+02 5.910557E-03
2.047500E+02 5.686802E-03
2.050000E+02 5.420402E-03
2.052500E+02 5.160584E-03
2.055000E+02 4.906620E-03
2.057500E+02 4.660001E-03
2.060000E+02 4.427978E-03
2.062500E+02 4.198250E-03
2.065000E+02 3.995473E-03
2.067500E+02 3.757425E-03
2.070000E+02 3.561037E-03
2.072500E+02 3.338244E-03
2.075000E+02 3.151487E-03
2.077500E+02 2.959109E-03
2.080000E+02 2.799454E-03
2.082500E+02 2.622282E-03
2.085000E+02 2.487551E-03
2.087500E+02 2.271117E-03
2.090000E+02 2.168865E-03
2.092500E+02 1.982679E-03
2.095000E+02 1.853846E-03
2.097500E+02 1.714812E-03
2.100000E+02 1.564672E-03
2.102500E+02 1.468375E-03
2.105000E+02 1.311067E-03
2.107500E+02 1.217927E-03
2.110000E+02 1.109204E-03
2.112500E+02 1.007288E-03
2.115000E+02 9.147100E-04
2.117500E+02 7.962127E-04
2.120000E+02 7.297310E-04
2.122500E+02 6.454878E-04
2.125000E+02 5.420133E-04
2.127500E+02 5.068345E-04
2.130000E+02 4.240180E-04
2.132500E+02 3.651953E-04
2.135000E+02 2.971628E-04
2.137500E+02 2.428515E-04
2.140000E+02 2.027952E-04
2.142500E+02 1.616694E-04
2.145000E+02 1.193253E-04
2.147500E+02 1.001438E-04
2.150000E+02 6.811406E-05
2.152500E+02 4.416358E-05
2.155000E+02 2.777095E-05
2.157500E+02 1.547856E-05
2.160000E+02 4.787254E-06
2.162500E+02 1.078495E-06
