2.500000E-01 0.000000E+00
5.000000E-01 0.000000E+00
7.500000E-01 0.000000E+00
1.000000E+00 0.000000E+00
1.250000E+00 0.000000E+00
1.500000E+00 0.000000E+00
1.750000E+00 0.000000E+00
2.000000E+00 0.000000E+00
2.250000E+00 0.000000E+00
2.500000E+00 0.000000E+00
2.750000E+00 0.000000E+00
3.000000E+00 0.000000E+00
3.250000E+00 0.000000E+00
3.500000E+00 5.352265E-02
3.750000E+00 4.990836E+00
4.000000E+00 3.743793E+01
4.250000E+00 7.434693E+01
4.500000E+00 7.514554E+01
4.750000E+00 5.584480E+01
5.000000E+00 3.713414E+01
5.250000E+00 2.403017E+01
5.500000E+00 1.600290E+01
5.750000E+00 1.139524E+01
6.000000E+00 8.548899E+00
6.250000E+00 6.815880E+00
6.500000E+00 5.605383E+00
6.750000E+00 4.514246E+00
7.000000E+00 3.590429E+00
7.250000E+00 2.978489E+00
7.500000E+00 2.549087E+00
7.750000E+00 2.352974E+00
8.000000E+00 2.399368E+00
8.250000E+00 2.529799E+00
8.500000E+00 2.643452E+00
8.750000E+00 2.615858E+00
9.000000E+00 2.356115E+00
9.250000E+00 2.130440E+00
9.500000E+00 1.854931E+00
9.750000E+00 1.659540E+00
1.000000E+01 1.506560E+00
1.025000E+01 1.384315E+00
1.050000E+01 1.305783E+00
1.075000E+01 1.252239E+00
1.100000E+01 1.190607E+00
1.125000E+01 1.158374E+00
1.150000E+01 1.134981E+00
1.175000E+01 1.106245E+00
1.200000E+01 1.111767E+00
1.225000E+01 1.085913E+00
1.250000E+01 1.079478E+00
1.275000E+01 1.076918E+00
1.300000E+01 1.079680E+00
1.325000E+01 1.067310E+00
1.350000E+01 1.066336E+00
1.375000E+01 1.047691E+00
1.400000E+01 1.037148E+00
1.425000E+01 1.053802E+00
1.450000E+01 1.031827E+00
1.475000E+01 1.031489E+00
1.500000E+01 1.036299E+00
1.525000E+01 1.020198E+00
1.550000E+01 1.020572E+00
1.575000E+01 1.019711E+00
1.600000E+01 1.022628E+00
1.625000E+01 1.021008E+00
1.650000E+01 1.018012E+00
1.675000E+01 1.017691E+00
1.700000E+01 1.014031E+00
1.725000E+01 1.016959E+00
1.750000E+01 1.019801E+00
1.775000E+01 1.024435E+00
1.800000E+01 1.010586E+00
1.825000E+01 1.009134E+00
1.850000E+01 1.012633E+00
1.875000E+01 1.004643E+00
1.900000E+01 1.008317E+00
1.925000E+01 1.008468E+00
1.950000E+01 1.012846E+00
1.975000E+01 1.011878E+00
2.000000E+01 1.014496E+00
2.025000E+01 1.014569E+00
2.050000E+01 1.008799E+00
2.075000E+01 1.001806E+00
2.100000E+01 1.012895E+00
2.125000E+01 1.007727E+00
2.150000E+01 1.010722E+00
2.175000E+01 1.005639E+00
2.200000E+01 1.004185E+00
2.225000E+01 1.010344E+00
2.250000E+01 1.007472E+00
2.275000E+01 1.011957E+00
2.300000E+01 1.006108E+00
2.325000E+01 1.007420E+00
2.350000E+01 1.011384E+00
2.375000E+01 1.011663E+00
2.400000E+01 1.003280E+00
2.425000E+01 1.009765E+00
2.450000E+01 1.007292E+00
2.475000E+01 1.006993E+00
2.500000E+01 1.010541E+00
2.525000E+01 1.007456E+00
2.550000E+01 1.012696E+00
2.575000E+01 1.006210E+00
2.600000E+01 1.009538E+00
2.625000E+01 1.007109E+00
2.650000E+01 1.006213E+00
2.675000E+01 1.004137E+00
2.700000E+01 1.006018E+00
2.725000E+01 1.003828E+00
2.750000E+01 1.004037E+00
2.775000E+01 1.007286E+00
2.800000E+01 1.012877E+00
2.825000E+01 1.007669E+00
2.850000E+01 1.001946E+00
2.875000E+01 1.008873E+00
2.900000E+01 1.008019E+00
2.925000E+01 1.007208E+00
2.950000E+01 1.005898E+00
2.975000E+01 1.007558E+00
3.000000E+01 1.009857E+00
3.025000E+01 1.005832E+00
3.050000E+01 1.006218E+00
3.075000E+01 1.004804E+00
3.100000E+01 1.005922E+00
3.125000E+01 1.006197E+00
3.150000E+01 1.006256E+00
3.175000E+01 1.004702E+00
3.200000E+01 1.010188E+00
3.225000E+01 1.005026E+00
3.250000E+01 1.007182E+00
3.275000E+01 1.008382E+00
3.300000E+01 1.003284E+00
3.325000E+01 1.000538E+00
3.350000E+01 1.006674E+00
3.375000E+01 1.009374E+00
3.400000E+01 1.006278E+00
3.425000E+01 1.005362E+00
3.450000E+01 1.006487E+00
3.475000E+01 1.008202E+00
3.500000E+01 1.001032E+00
3.525000E+01 1.007381E+00
3.550000E+01 1.006512E+00
3.575000E+01 1.006386E+00
3.600000E+01 1.004760E+00
3.625000E+01 1.004695E+00
3.650000E+01 1.006327E+00
3.675000E+01 1.004547E+00
3.700000E+01 1.005522E+00
3.725000E+01 1.004502E+00
3.750000E+01 1.001723E+00
3.775000E+01 1.010118E+00
3.800000E+01 1.004420E+00
3.825000E+01 1.005422E+00
3.850000E+01 1.002304E+00
3.875000E+01 1.005406E+00
3.900000E+01 1.003556E+00
3.925000E+01 1.003543E+00
3.950000E+01 1.006576E+00
3.975000E+01 1.001848E+00
4.000000E+01 1.004976E+00
4.025000E+01 1.003605E+00
4.050000E+01 1.002454E+00
4.075000E+01 1.007565E+00
4.100000E+01 1.004719E+00
4.125000E+01 1.007355E+00
4.150000E+01 1.005650E+00
4.175000E+01 1.001348E+00
4.200000E+01 1.005347E+00
4.225000E+01 1.005581E+00
4.250000E+01 1.005262E+00
4.275000E+01 1.005275E+00
4.300000E+01 1.005006E+00
4.325000E+01 1.004468E+00
4.350000E+01 1.000464E+00
4.375000E+01 1.002354E+00
4.400000E+01 1.005086E+00
4.425000E+01 1.006084E+00
4.450000E+01 1.007255E+00
4.475000E+01 1.005765E+00
4.500000E+01 1.003459E+00
4.525000E+01 1.003556E+00
4.550000E+01 1.003865E+00
4.575000E+01 1.005530E+00
4.600000E+01 1.004099E+00
4.625000E+01 1.003358E+00
4.650000E+01 1.007446E+00
4.675000E+01 1.003155E+00
4.700000E+01 1.004290E+00
4.725000E+01 1.004882E+00
4.750000E+01 1.002408E+00
4.775000E+01 1.005777E+00
4.800000E+01 1.004171E+00
4.825000E+01 1.002668E+00
4.850000E+01 1.003562E+00
4.875000E+01 9.990833E-01
4.900000E+01 1.001605E+00
4.925000E+01 1.004871E+00
4.950000E+01 1.006070E+00
4.975000E+01 1.002252E+00
5.000000E+01 1.005091E+00
5.025000E+01 1.001994E+00
5.050000E+01 1.005077E+00
5.075000E+01 1.002168E+00
5.100000E+01 1.003815E+00
5.125000E+01 1.004003E+00
5.150000E+01 1.004216E+00
5.175000E+01 1.002057E+00
5.200000E+01 1.000431E+00
5.225000E+01 1.005970E+00
5.250000E+01 1.002211E+00
5.275000E+01 1.004225E+00
5.300000E+01 1.002709E+00
5.325000E+01 1.004842E+00
5.350000E+01 1.000077E+00
5.375000E+01 1.003502E+00
5.400000E+01 1.002309E+00
5.425000E+01 1.002606E+00
5.450000E+01 1.000985E+00
5.475000E+01 1.004872E+00
5.500000E+01 1.003944E+00
5.525000E+01 1.000983E+00
5.550000E+01 1.004378E+00
5.575000E+01 1.004744E+00
5.600000E+01 1.003584E+00
5.625000E+01 1.003956E+00
5.650000E+01 1.001864E+00
5.675000E+01 1.003636E+00
5.700000E+01 1.000220E+00
5.725000E+01 1.001922E+00
5.750000E+01 1.002538E+00
5.775000E+01 1.001531E+00
5.800000E+01 1.004074E+00
5.825000E+01 1.004860E+00
5.850000E+01 1.005098E+00
5.875000E+01 1.000714E+00
5.900000E+01 1.003006E+00
5.925000E+01 1.003601E+00
5.950000E+01 1.000631E+00
5.975000E+01 1.001365E+00
6.000000E+01 1.004015E+00
6.025000E+01 1.002276E+00
6.050000E+01 1.003702E+00
6.075000E+01 1.005477E+00
6.100000E+01 1.001019E+00
6.125000E+01 1.003453E+00
6.150000E+01 1.003000E+00
6.175000E+01 1.002268E+00
6.200000E+01 1.001857E+00
6.225000E+01 1.001784E+00
6.250000E+01 1.000049E+00
6.275000E+01 1.001289E+00
6.300000E+01 1.003036E+00
6.325000E+01 1.002449E+00
6.350000E+01 1.002687E+00
6.375000E+01 1.004011E+00
6.400000E+01 1.002188E+00
6.425000E+01 1.002230E+00
6.450000E+01 1.002551E+00
6.475000E+01 1.002785E+00
6.500000E+01 1.002449E+00
6.525000E+01 1.002577E+00
6.550000E+01 1.001575E+00
6.575000E+01 1.002823E+00
6.600000E+01 1.000600E+00
6.625000E+01 1.003522E+00
6.650000E+01 1.000646E+00
6.675000E+01 1.002836E+00
6.700000E+01 1.001478E+00
6.725000E+01 1.002547E+00
6.750000E+01 9.999939E-01
6.775000E+01 9.994808E-01
6.800000E+01 1.001427E+00
6.825000E+01 1.002421E+00
6.850000E+01 1.000696E+00
6.875000E+01 1.001803E+00
6.900000E+01 9.997946E-01
6.925000E+01 1.001072E+00
6.950000E+01 1.003848E+00
6.975000E+01 1.002142E+00
7.000000E+01 1.002053E+00
7.025000E+01 1.001611E+00
7.050000E+01 1.001287E+00
7.075000E+01 1.003542E+00
7.100000E+01 9.982495E-01
7.125000E+01 9.987389E-01
7.150000E+01 1.001273E+00
7.175000E+01 9.993726E-01
7.200000E+01 9.988142E-01
7.225000E+01 1.003048E+00
7.250000E+01 1.002104E+00
7.275000E+01 1.002240E+00
7.300000E+01 1.002147E+00
7.325000E+01 1.000740E+00
7.350000E+01 1.001014E+00
7.375000E+01 1.003036E+00
7.400000E+01 1.000446E+00
7.425000E+01 1.002368E+00
7.450000E+01 1.000858E+00
7.475000E+01 9.997965E-01
7.500000E+01 1.001695E+00
7.525000E+01 9.995937E-01
7.550000E+01 1.000623E+00
7.575000E+01 1.001491E+00
7.600000E+01 1.002016E+00
7.625000E+01 1.002794E+00
7.650000E+01 1.002917E+00
7.675000E+01 9.999264E-01
7.700000E+01 1.002140E+00
7.725000E+01 1.002872E+00
7.750000E+01 1.000061E+00
7.775000E+01 1.001485E+00
7.800000E+01 1.003906E+00
7.825000E+01 1.001867E+00
7.850000E+01 1.000521E+00
7.875000E+01 9.999364E-01
7.900000E+01 1.004293E+00
7.925000E+01 1.000221E+00
7.950000E+01 1.000897E+00
7.975000E+01 1.000632E+00
8.000000E+01 9.999960E-01
8.025000E+01 1.002273E+00
8.050000E+01 1.000873E+00
8.075000E+01 1.002312E+00
8.100000E+01 1.000801E+00
8.125000E+01 1.001792E+00
8.150000E+01 1.001183E+00
8.175000E+01 1.002351E+00
8.200000E+01 1.001892E+00
8.225000E+01 1.001011E+00
8.250000E+01 1.001624E+00
8.275000E+01 1.002220E+00
8.300000E+01 1.001943E+00
8.325000E+01 1.001783E+00
8.350000E+01 1.001653E+00
8.375000E+01 1.000428E+00
8.400000E+01 9.995081E-01
8.425000E+01 1.001015E+00
8.450000E+01 1.003250E+00
8.475000E+01 1.000518E+00
8.500000E+01 1.000068E+00
8.525000E+01 1.001571E+00
8.550000E+01 1.002096E+00
8.575000E+01 1.001028E+00
8.600000E+01 1.001758E+00
8.625000E+01 1.000624E+00
8.650000E+01 1.001304E+00
8.675000E+01 1.000902E+00
8.700000E+01 1.002122E+00
8.725000E+01 1.001211E+00
8.750000E+01 1.001125E+00
8.775000E+01 1.000302E+00
8.800000E+01 1.000341E+00
8.825000E+01 1.002370E+00
8.850000E+01 1.000112E+00
8.875000E+01 1.001070E+00
8.900000E+01 1.001133E+00
8.925000E+01 9.998356E-01
8.950000E+01 1.001878E+00
8.975000E+01 1.001240E+00
9.000000E+01 1.001973E+00
9.025000E+01 1.002262E+00
9.050000E+01 9.992023E-01
9.075000E+01 1.000934E+00
9.100000E+01 1.000144E+00
9.125000E+01 1.000537E+00
9.150000E+01 9.995696E-01
9.175000E+01 9.991719E-01
9.200000E+01 1.000747E+00
9.225000E+01 1.001305E+00
9.250000E+01 1.002249E+00
9.275000E+01 1.000485E+00
9.300000E+01 1.000067E+00
9.325000E+01 1.000199E+00
9.350000E+01 9.999649E-01
9.375000E+01 9.990263E-01
9.400000E+01 1.001419E+00
9.425000E+01 1.000939E+00
9.450000E+01 1.001713E+00
9.475000E+01 1.002277E+00
9.500000E+01 9.996972E-01
9.525000E+01 1.001708E+00
9.550000E+01 1.001291E+00
9.575000E+01 1.000650E+00
9.600000E+01 1.000643E+00
9.625000E+01 1.001756E+00
9.650000E+01 1.001774E+00
9.675000E+01 9.996190E-01
9.700000E+01 1.000818E+00
9.725000E+01 1.001412E+00
9.750000E+01 9.998769E-01
9.775000E+01 9.998709E-01
9.800000E+01 1.000922E+00
9.825000E+01 1.000546E+00
9.850000E+01 9.992508E-01
9.875000E+01 1.000356E+00
9.900000E+01 9.994224E-01
9.925000E+01 9.985221E-01
9.950000E+01 9.993786E-01
9.975000E+01 9.991712E-01
1.000000E+02 1.000646E+00
1.002500E+02 1.000894E+00
1.005000E+02 1.001867E+00
1.007500E+02 1.001441E+00
1.010000E+02 1.000187E+00
1.012500E+02 9.995006E-01
1.015000E+02 1.000267E+00
1.017500E+02 9.997640E-01
1.020000E+02 9.988069E-01
1.022500E+02 1.000221E+00
1.025000E+02 9.999133E-01
1.027500E+02 1.000022E+00
1.030000E+02 9.998815E-01
1.032500E+02 1.000059E+00
1.035000E+02 1.001968E+00
1.037500E+02 1.001047E+00
1.040000E+02 1.001382E+00
1.042500E+02 1.000688E+00
1.045000E+02 1.000288E+00
1.047500E+02 1.000234E+00
1.050000E+02 1.000289E+00
1.052500E+02 1.000950E+00
1.055000E+02 1.001076E+00
1.057500E+02 1.001259E+00
1.060000E+02 9.992775E-01
1.062500E+02 1.000788E+00
1.065000E+02 1.000068E+00
1.067500E+02 9.992622E-01
1.070000E+02 1.001000E+00
1.072500E+02 1.000559E+00
1.075000E+02 1.000376E+00
1.077500E+02 9.999727E-01
1.080000E+02 9.992772E-01
1.082500E+02 9.990896E-01
1.085000E+02 1.001983E+00
1.087500E+02 9.998619E-01
1.090000E+02 9.996906E-01
1.092500E+02 9.999607E-01
1.095000E+02 1.000490E+00
1.097500E+02 1.000971E+00
1.100000E+02 1.001114E+00
1.102500E+02 1.000008E+00
1.105000E+02 9.998803E-01
1.107500E+02 9.997534E-01
1.110000E+02 9.986421E-01
1.112500E+02 1.000888E+00
1.115000E+02 9.996465E-01
1.117500E+02 1.001363E+00
1.120000E+02 1.001159E+00
1.122500E+02 9.992051E-01
1.125000E+02 1.000546E+00
1.127500E+02 1.000273E+00
1.130000E+02 1.000207E+00
1.132500E+02 9.997753E-01
1.135000E+02 1.000532E+00
1.137500E+02 1.000471E+00
1.140000E+02 1.001371E+00
1.142500E+02 1.000598E+00
1.145000E+02 9.996853E-01
1.147500E+02 9.998527E-01
1.150000E+02 1.000372E+00
1.152500E+02 1.001333E+00
1.155000E+02 1.000460E+00
1.157500E+02 1.001114E+00
1.160000E+02 1.000934E+00
1.162500E+02 1.000167E+00
1.165000E+02 1.000788E+00
1.167500E+02 1.000454E+00
1.170000E+02 1.001260E+00
1.172500E+02 1.001251E+00
1.175000E+02 1.000189E+00
1.177500E+02 9.996782E-01
1.180000E+02 1.001917E+00
1.182500E+02 9.999640E-01
1.185000E+02 1.000594E+00
1.187500E+02 1.001405E+00
1.190000E+02 1.001137E+00
1.192500E+02 9.999056E-01
1.195000E+02 1.001098E+00
1.197500E+02 1.000164E+00
1.200000E+02 9.991560E-01
1.202500E+02 9.998948E-01
1.205000E+02 9.999346E-01
1.207500E+02 1.000143E+00
1.210000E+02 1.000992E+00
1.212500E+02 1.000395E+00
1.215000E+02 9.995116E-01
1.217500E+02 9.995076E-01
1.220000E+02 9.999561E-01
1.222500E+02 1.000315E+00
1.225000E+02 1.001044E+00
1.227500E+02 9.992933E-01
1.230000E+02 1.001529E+00
1.232500E+02 9.998295E-01
1.235000E+02 9.997249E-01
1.237500E+02 1.000797E+00
1.240000E+02 1.001825E+00
1.242500E+02 1.000447E+00
1.245000E+02 1.000530E+00
1.247500E+02 1.001040E+00
1.250000E+02 9.973751E-01
1.252500E+02 9.918388E-01
1.255000E+02 9.851382E-01
1.257500E+02 9.789628E-01
1.260000E+02 9.734400E-01
1.262500E+02 9.669971E-01
1.265000E+02 9.608464E-01
1.267500E+02 9.553561E-01
1.270000E+02 9.509799E-01
1.272500E+02 9.443992E-01
1.275000E+02 9.380697E-01
1.277500E+02 9.326173E-01
1.280000E+02 9.267061E-01
1.282500E+02 9.208727E-01
1.285000E+02 9.156978E-01
1.287500E+02 9.112146E-01
1.290000E+02 9.038419E-01
1.292500E+02 8.985127E-01
1.295000E+02 8.932382E-01
1.297500E+02 8.876402E-01
1.300000E+02 8.816541E-01
1.302500E+02 8.775262E-01
1.305000E+02 8.708724E-01
1.307500E+02 8.652463E-01
1.310000E+02 8.591991E-01
1.312500E+02 8.545806E-01
1.315000E+02 8.498031E-01
1.317500E+02 8.435440E-01
1.320000E+02 8.381114E-01
1.322500E+02 8.332263E-01
1.325000E+02 8.279842E-01
1.327500E+02 8.228713E-01
1.330000E+02 8.170256E-01
1.332500E+02 8.115946E-01
1.335000E+02 8.067418E-01
1.337500E+02 8.022945E-01
1.340000E+02 7.953725E-01
1.342500E+02 7.908096E-01
1.345000E+02 7.867270E-01
1.347500E+02 7.814329E-01
1.350000E+02 7.755918E-01
1.352500E+02 7.701615E-01
1.355000E+02 7.654915E-01
1.357500E+02 7.589658E-01
1.360000E+02 7.551988E-01
1.362500E+02 7.482969E-01
1.365000E+02 7.440244E-01
1.367500E+02 7.396363E-01
1.370000E+02 7.350131E-01
1.372500E+02 7.288443E-01
1.375000E+02 7.245428E-01
1.377500E+02 7.192304E-01
1.380000E+02 7.140038E-01
1.382500E+02 7.097223E-01
1.385000E+02 7.053118E-01
1.387500E+02 7.004401E-01
1.390000E+02 6.947474E-01
1.392500E+02 6.897997E-01
1.395000E+02 6.853736E-01
1.397500E+02 6.806880E-01
1.400000E+02 6.757374E-01
1.402500E+02 6.712217E-01
1.405000E+02 6.666540E-01
1.407500E+02 6.611365E-01
1.410000E+02 6.570973E-01
1.412500E+02 6.521014E-01
1.415000E+02 6.471928E-01
1.417500E+02 6.420688E-01
1.420000E+02 6.384729E-01
1.422500E+02 6.344265E-01
1.425000E+02 6.292014E-01
1.427500E+02 6.242041E-01
1.430000E+02 6.199524E-01
1.432500E+02 6.157463E-01
1.435000E+02 6.119113E-01
1.437500E+02 6.061523E-01
1.440000E+02 6.018650E-01
1.442500E+02 5.971144E-01
1.445000E+02 5.930939E-01
1.447500E+02 5.891498E-01
1.450000E+02 5.840270E-01
1.452500E+02 5.790543E-01
1.455000E+02 5.753342E-01
1.457500E+02 5.701330E-01
1.460000E+02 5.657505E-01
1.462500E+02 5.612417E-01
1.465000E+02 5.582962E-01
1.467500E+02 5.521233E-01
1.470000E+02 5.492426E-01
1.472500E+02 5.439107E-01
1.475000E+02 5.400570E-01
1.477500E+02 5.363995E-01
1.480000E+02 5.317663E-01
1.482500E+02 5.269121E-01
1.485000E+02 5.223088E-01
1.487500E+02 5.192130E-01
1.490000E+02 5.145189E-01
1.492500E+02 5.110203E-01
1.495000E+02 5.063968E-01
1.497500E+02 5.020272E-01
1.500000E+02 4.977355E-01
1.502500E+02 4.940360E-01
1.505000E+02 4.899203E-01
1.507500E+02 4.852584E-01
1.510000E+02 4.812056E-01
1.512500E+02 4.766238E-01
1.515000E+02 4.735054E-01
1.517500E+02 4.693553E-01
1.520000E+02 4.653637E-01
1.522500E+02 4.611813E-01
1.525000E+02 4.569503E-01
1.527500E+02 4.522058E-01
1.530000E+02 4.490881E-01
1.532500E+02 4.448338E-01
1.535000E+02 4.404199E-01
1.537500E+02 4.371485E-01
1.540000E+02 4.333176E-01
1.542500E+02 4.284317E-01
1.545000E+02 4.248160E-01
1.547500E+02 4.210674E-01
1.550000E+02 4.170247E-01
1.552500E+02 4.139934E-01
1.555000E+02 4.097265E-01
1.557500E+02 4.053777E-01
1.560000E+02 4.015848E-01
1.562500E+02 3.979422E-01
1.565000E+02 3.939960E-01
1.567500E+02 3.899448E-01
1.570000E+02 3.864971E-01
1.572500E+02 3.827525E-01
1.575000E+02 3.792093E-01
1.577500E+02 3.752566E-01
1.580000E+02 3.714768E-01
1.582500E+02 3.678416E-01
1.585000E+02 3.643582E-01
1.587500E+02 3.602057E-01
1.590000E+02 3.563382E-01
1.592500E+02 3.534466E-01
1.595000E+02 3.495187E-01
1.597500E+02 3.454428E-01
1.600000E+02 3.420304E-01
1.602500E+02 3.384707E-01
1.605000E+02 3.352265E-01
1.607500E+02 3.306199E-01
1.610000E+02 3.276526E-01
1.612500E+02 3.237806E-01
1.615000E+02 3.193121E-01
1.617500E+02 3.167316E-01
1.620000E+02 3.127154E-01
1.622500E+02 3.093765E-01
1.625000E+02 3.057173E-01
1.627500E+02 3.022588E-01
1.630000E+02 2.987716E-01
1.632500E+02 2.948288E-01
1.635000E+02 2.914738E-01
1.637500E+02 2.883710E-01
1.640000E+02 2.848953E-01
1.642500E+02 2.811591E-01
1.645000E+02 2.779475E-01
1.647500E+02 2.747715E-01
1.650000E+02 2.706666E-01
1.652500E+02 2.676262E-01
1.655000E+02 2.637674E-01
1.657500E+02 2.604004E-01
1.660000E+02 2.569005E-01
1.662500E+02 2.535884E-01
1.665000E+02 2.505773E-01
1.667500E+02 2.468652E-01
1.670000E+02 2.433934E-01
1.672500E+02 2.399785E-01
1.675000E+02 2.369422E-01
1.677500E+02 2.335837E-01
1.680000E+02 2.304052E-01
1.682500E+02 2.270844E-01
1.685000E+02 2.239112E-01
1.687500E+02 2.207039E-01
1.690000E+02 2.173552E-01
1.692500E+02 2.140145E-01
1.695000E+02 2.108706E-01
1.697500E+02 2.078430E-01
1.700000E+02 2.043043E-01
1.702500E+02 2.009060E-01
1.705000E+02 1.980820E-01
1.707500E+02 1.945883E-01
1.710000E+02 1.914794E-01
1.712500E+02 1.880354E-01
1.715000E+02 1.853192E-01
1.717500E+02 1.819512E-01
1.720000E+02 1.783900E-01
1.722500E+02 1.756356E-01
1.725000E+02 1.719881E-01
1.727500E+02 1.693759E-01
1.730000E+02 1.660083E-01
1.732500E+02 1.627285E-01
1.735000E+02 1.598070E-01
1.737500E+02 1.566974E-01
1.740000E+02 1.534517E-01
1.742500E+02 1.506055E-01
1.745000E+02 1.474982E-01
1.747500E+02 1.441411E-01
1.750000E+02 1.412984E-01
1.752500E+02 1.382453E-01
1.755000E+02 1.350058E-01
1.757500E+02 1.321037E-01
1.760000E+02 1.291287E-01
1.762500E+02 1.261195E-01
1.765000E+02 1.227664E-01
1.767500E+02 1.204113E-01
1.770000E+02 1.172001E-01
1.772500E+02 1.147441E-01
1.775000E+02 1.122470E-01
1.777500E+02 1.098114E-01
1.780000E+02 1.075043E-01
1.782500E+02 1.051625E-01
1.785000E+02 1.026993E-01
1.787500E+02 1.006162E-01
1.790000E+02 9.909405E-02
1.792500E+02 9.685147E-02
1.795000E+02 9.458409E-02
1.797500E+02 9.269465E-02
1.800000E+02 9.073884E-02
1.802500E+02 8.904210E-02
1.805000E+02 8.691367E-02
1.807500E+02 8.513342E-02
1.810000E+02 8.358788E-02
1.812500E+02 8.189656E-02
1.815000E+02 8.004474E-02
1.817500E+02 7.823507E-02
1.820000E+02 7.692858E-02
1.822500E+02 7.531833E-02
1.825000E+02 7.384597E-02
1.827500E+02 7.218851E-02
1.830000E+02 7.072701E-02
1.832500E+02 6.904770E-02
1.835000E+02 6.758954E-02
1.837500E+02 6.633922E-02
1.840000E+02 6.483262E-02
1.842500E+02 6.376308E-02
1.845000E+02 6.221926E-02
1.847500E+02 6.092462E-02
1.850000E+02 5.961422E-02
1.852500E+02 5.827729E-02
1.855000E+02 5.701623E-02
1.857500E+02 5.587346E-02
1.860000E+02 5.474475E-02
1.862500E+02 5.342416E-02
1.865000E+02 5.210569E-02
1.867500E+02 5.110169E-02
1.870000E+02 4.992527E-02
1.872500E+02 4.882275E-02
1.875000E+02 4.784624E-02
1.877500E+02 4.660985E-02
1.880000E+02 4.548607E-02
1.882500E+02 4.448744E-02
1.885000E+02 4.356268E-02
1.887500E+02 4.262365E-02
1.890000E+02 4.157770E-02
1.892500E+02 4.060350E-02
1.895000E+02 3.968465E-02
1.897500E+02 3.867465E-02
1.900000E+02 3.783069E-02
1.902500E+02 3.700297E-02
1.905000E+02 3.601965E-02
1.907500E+02 3.520451E-02
1.910000E+02 3.435520E-02
1.912500E+02 3.329412E-02
1.915000E+02 3.271430E-02
1.917500E+02 3.175783E-02
1.920000E+02 3.110447E-02
1.922500E+02 3.024017E-02
1.925000E+02 2.938666E-02
1.927500E+02 2.877776E-02
1.930000E+02 2.804250E-02
1.932500E+02 2.729649E-02
1.935000E+02 2.653287E-02
1.937500E+02 2.582454E-02
1.940000E+02 2.515365E-02
1.942500E+02 2.451458E-02
1.945000E+02 2.389338E-02
1.947500E+02 2.313186E-02
1.950000E+02 2.255341E-02
1.952500E+02 2.191982E-02
1.955000E+02 2.130938E-02
1.957500E+02 2.072361E-02
1.960000E+02 2.013964E-02
1.962500E+02 1.949159E-02
1.965000E+02 1.901117E-02
1.967500E+02 1.845123E-02
1.970000E+02 1.785045E-02
1.972500E+02 1.734190E-02
1.975000E+02 1.686709E-02
1.977500E+02 1.635446E-02
1.980000E+02 1.583113E-02
1.982500E+02 1.533568E-02
1.985000E+02 1.485621E-02
1.987500E+02 1.442761E-02
1.990000E+02 1.388323E-02
1.992500E+02 1.340922E-02
1.995000E+02 1.302499E-02
1.997500E+02 1.261843E-02
2.000000E+02 1.216415E-02
2.002500E+02 1.168030E-02
2.005000E+02 1.128575E-02
2.007500E+02 1.094443E-02
2.010000E+02 1.055431E-02
2.012500E+02 1.012268E-02
2.015000E+02 9.799816E-03
2.017500E+02 9.459398E-03
2.020000E+02 9.067839E-03
2.022500E+02 8.735784E-03
2.025000E+02 8.416057E-03
2.027500E+02 8.030926E-03
2.030000E+02 7.727917E-03
2.032500E+02 7.421665E-03
2.035000E+02 7.060349E-03
2.037500E+02 6.794156E-03
2.040000E+02 6.535825E-03
2.042500E+02 6.216045E-03
2.045000E+02 5.971029E-03
2.047500E+02 5.667038E-03
2.050000E+02 5.429145E-03
2.052500E+02 5.173069E-03
2.055000E+02 4.873692E-03
2.057500E+02 4.640258E-03
2.060000E+02 4.412697E-03
2.062500E+02 4.221624E-03
2.065000E+02 3.931605E-03
2.067500E+02 3.777988E-03
2.070000E+02 3.545063E-03
2.072500E+02 3.338580E-03
2.075000E+02 3.193657E-03
2.077500E+02 2.995668E-03
2.080000E+02 2.811278E-03
2.082500E+02 2.646870E-03
2.085000E+02 2.457552E-03
2.087500E+02 2.290297E-03
2.090000E+02 2.127298E-03
2.092500E+02 1.978400E-03
2.095000E+02 1.831027E-03
2.097500E+02 1.681403E-03
2.100000E+02 1.581336E-03
2.102500E+02 1.442622E-03
2.105000E+02 1.349603E-03
2.107500E+02 1.211114E-03
2.110000E+02 1.103864E-03
2.112500E+02 9.942109E-04
2.115000E+02 9.002138E-04
2.117500E+02 8.011941E-04
2.120000E+02 7.042417E-04
2.122500E+02 6.389306E-04
2.125000E+02 5.694570E-04
2.127500E+02 4.880511E-04
2.130000E+02 4.267178E-04
2.132500E+02 3.663043E-04
2.135000E+02 3.087015E-04
2.137500E+02 2.567287E-04
2.140000E+02 2.065711E-04
2.142500E+02 1.659073E-04
2.145000E+02 1.387431E-04
2.147500E+02 9.155110E-05
2.150000E+02 6.936100E-05
2.152500E+02 4.385257E-05
2.155000E+02 2.590921E-05
2.157500E+02 1.656206E-05
2.160000E+02 6.640385E-06
2.162500E+02 9.244242E-07
