2.500000E-01 0.000000E+00
5.000000E-01 0.000000E+00
7.500000E-01 0.000000E+00
1.000000E+00 0.000000E+00
1.250000E+00 0.000000E+00
1.500000E+00 0.000000E+00
1.750000E+00 0.000000E+00
2.000000E+00 0.000000E+00
2.250000E+00 0.000000E+00
2.500000E+00 0.000000E+00
2.750000E+00 0.000000E+00
3.000000E+00 0.000000E+00
3.250000E+00 0.000000E+00
3.500000E+00 5.212608E-02
3.750000E+00 4.316552E+00
4.000000E+00 3.221676E+01
4.250000E+00 6.440433E+01
4.500000E+00 6.507423E+01
4.750000E+00 4.855561E+01
5.000000E+00 3.239551E+01
5.250000E+00 2.128503E+01
5.500000E+00 1.420139E+01
5.750000E+00 1.018925E+01
6.000000E+00 7.806995E+00
6.250000E+00 6.430057E+00
6.500000E+00 5.422956E+00
6.750000E+00 4.455481E+00
7.000000E+00 3.659716E+00
7.250000E+00 3.043680E+00
7.500000E+00 2.671234E+00
7.750000E+00 2.540859E+00
8.000000E+00 2.730575E+00
8.250000E+00 3.057941E+00
8.500000E+00 3.301125E+00
8.750000E+00 3.267765E+00
9.000000E+00 2.998990E+00
9.250000E+00 2.622544E+00
9.500000E+00 2.281849E+00
9.750000E+00 1.981716E+00
1.000000E+01 1.764065E+00
1.025000E+01 1.593285E+00
1.050000E+01 1.492099E+00
1.075000E+01 1.396254E+00
1.100000E+01 1.320712E+00
1.125000E+01 1.271013E+00
1.150000E+01 1.220961E+00
1.175000E+01 1.197964E+00
1.200000E+01 1.174722E+00
1.225000E+01 1.174372E+00
1.250000E+01 1.170436E+00
1.275000E+01 1.169229E+00
1.300000E+01 1.156663E+00
1.325000E+01 1.146532E+00
1.350000E+01 1.127945E+00
1.375000E+01 1.111642E+00
1.400000E+01 1.087717E+00
1.425000E+01 1.075613E+00
1.450000E+01 1.068120E+00
1.475000E+01 1.060946E+00
1.500000E+01 1.046956E+00
1.525000E+01 1.051327E+00
1.550000E+01 1.037067E+00
1.575000E+01 1.034063E+00
1.600000E+01 1.033543E+00
1.625000E+01 1.031196E+00
1.650000E+01 1.027931E+00
1.675000E+01 1.026715E+00
1.700000E+01 1.022972E+00
1.725000E+01 1.023590E+00
1.750000E+01 1.018493E+00
1.775000E+01 1.021646E+00
1.800000E+01 1.020671E+00
1.825000E+01 1.019305E+00
1.850000E+01 1.018115E+00
1.875000E+01 1.019276E+00
1.900000E+01 1.014737E+00
1.925000E+01 1.014585E+00
1.950000E+01 1.013926E+00
1.975000E+01 1.013716E+00
2.000000E+01 1.012287E+00
2.025000E+01 1.015048E+00
2.050000E+01 1.013690E+00
2.075000E+01 1.011127E+00
2.100000E+01 1.008923E+00
2.125000E+01 1.012347E+00
2.150000E+01 1.011662E+00
2.175000E+01 1.007704E+00
2.200000E+01 1.010118E+00
2.225000E+01 1.012210E+00
2.250000E+01 1.010101E+00
2.275000E+01 1.008847E+00
2.300000E+01 1.008225E+00
2.325000E+01 1.011633E+00
2.350000E+01 1.008878E+00
2.375000E+01 1.006687E+00
2.400000E+01 1.009389E+00
2.425000E+01 1.012213E+00
2.450000E+01 1.008363E+00
2.475000E+01 1.009276E+00
2.500000E+01 1.009376E+00
2.525000E+01 1.010293E+00
2.550000E+01 1.006354E+00
2.575000E+01 1.007510E+00
2.600000E+01 1.008787E+00
2.625000E+01 1.008313E+00
2.650000E+01 1.008849E+00
2.675000E+01 1.003516E+00
2.700000E+01 1.006363E+00
2.725000E+01 1.008508E+00
2.750000E+01 1.008561E+00
2.775000E+01 1.008553E+00
2.800000E+01 1.007280E+00
2.825000E+01 1.008754E+00
2.850000E+01 1.009254E+00
2.875000E+01 1.007119E+00
2.900000E+01 1.009222E+00
2.925000E+01 1.005956E+00
2.950000E+01 1.006572E+00
2.975000E+01 1.007184E+00
3.000000E+01 1.009204E+00
3.025000E+01 1.004437E+00
3.050000E+01 1.007730E+00
3.075000E+01 1.005902E+00
3.100000E+01 1.004810E+00
3.125000E+01 1.004336E+00
3.150000E+01 1.006374E+00
3.175000E+01 1.007058E+00
3.200000E+01 1.005528E+00
3.225000E+01 1.006171E+00
3.250000E+01 1.004352E+00
3.275000E+01 1.005708E+00
3.300000E+01 1.007068E+00
3.325000E+01 1.006758E+00
3.350000E+01 1.006713E+00
3.375000E+01 1.004908E+00
3.400000E+01 1.005396E+00
3.425000E+01 1.008171E+00
3.450000E+01 1.007669E+00
3.475000E+01 1.005922E+00
3.500000E+01 1.007810E+00
3.525000E+01 1.006442E+00
3.550000E+01 1.006836E+00
3.575000E+01 1.006917E+00
3.600000E+01 1.003768E+00
3.625000E+01 1.005388E+00
3.650000E+01 1.006387E+00
3.675000E+01 1.004668E+00
3.700000E+01 1.005718E+00
3.725000E+01 1.006056E+00
3.750000E+01 1.005726E+00
3.775000E+01 1.005549E+00
3.800000E+01 1.006810E+00
3.825000E+01 1.003651E+00
3.850000E+01 1.006048E+00
3.875000E+01 1.006266E+00
3.900000E+01 1.007044E+00
3.925000E+01 1.005549E+00
3.950000E+01 1.004423E+00
3.975000E+01 1.006055E+00
4.000000E+01 1.004802E+00
4.025000E+01 1.005258E+00
4.050000E+01 1.006712E+00
4.075000E+01 1.006214E+00
4.100000E+01 1.003613E+00
4.125000E+01 1.005162E+00
4.150000E+01 1.004580E+00
4.175000E+01 1.004018E+00
4.200000E+01 1.005531E+00
4.225000E+01 1.003312E+00
4.250000E+01 1.004520E+00
4.275000E+01 1.004707E+00
4.300000E+01 1.003955E+00
4.325000E+01 1.003979E+00
4.350000E+01 1.004250E+00
4.375000E+01 1.002569E+00
4.400000E+01 1.004087E+00
4.425000E+01 1.003787E+00
4.450000E+01 1.004819E+00
4.475000E+01 1.001365E+00
4.500000E+01 1.003175E+00
4.525000E+01 1.004680E+00
4.550000E+01 1.003983E+00
4.575000E+01 1.004542E+00
4.600000E+01 1.004493E+00
4.625000E+01 1.003862E+00
4.650000E+01 1.004622E+00
4.675000E+01 1.004594E+00
4.700000E+01 1.004871E+00
4.725000E+01 1.002659E+00
4.750000E+01 1.002707E+00
4.775000E+01 1.004506E+00
4.800000E+01 1.002882E+00
4.825000E+01 1.004056E+00
4.850000E+01 1.005396E+00
4.875000E+01 1.002568E+00
4.900000E+01 1.004636E+00
4.925000E+01 1.003860E+00
4.950000E+01 1.002774E+00
4.975000E+01 1.003493E+00
5.000000E+01 1.004251E+00
5.025000E+01 1.002892E+00
5.050000E+01 1.004649E+00
5.075000E+01 1.003287E+00
5.100000E+01 1.003473E+00
5.125000E+01 1.004674E+00
5.150000E+01 1.002510E+00
5.175000E+01 1.002970E+00
5.200000E+01 1.004488E+00
5.225000E+01 1.002258E+00
5.250000E+01 1.003962E+00
5.275000E+01 1.003380E+00
5.300000E+01 1.002105E+00
5.325000E+01 1.002758E+00
5.350000E+01 1.002952E+00
5.375000E+01 1.004537E+00
5.400000E+01 1.004030E+00
5.425000E+01 1.002959E+00
5.450000E+01 1.003463E+00
5.475000E+01 1.002051E+00
5.500000E+01 1.003226E+00
5.525000E+01 1.003979E+00
5.550000E+01 1.002492E+00
5.575000E+01 1.003147E+00
5.600000E+01 1.002315E+00
5.625000E+01 1.003681E+00
5.650000E+01 1.003071E+00
5.675000E+01 1.002942E+00
5.700000E+01 1.003204E+00
5.725000E+01 1.003493E+00
5.750000E+01 1.002971E+00
5.775000E+01 1.002532E+00
5.800000E+01 1.002979E+00
5.825000E+01 1.003327E+00
5.850000E+01 1.002153E+00
5.875000E+01 1.003576E+00
5.900000E+01 1.003418E+00
5.925000E+01 1.001428E+00
5.950000E+01 1.002583E+00
5.975000E+01 1.004139E+00
6.000000E+01 1.002779E+00
6.025000E+01 1.002767E+00
6.050000E+01 1.002325E+00
6.075000E+01 1.001019E+00
6.100000E+01 1.003439E+00
6.125000E+01 1.003411E+00
6.150000E+01 1.001749E+00
6.175000E+01 1.003521E+00
6.200000E+01 1.002614E+00
6.225000E+01 1.002164E+00
6.250000E+01 1.002377E+00
6.275000E+01 1.002774E+00
6.300000E+01 1.001913E+00
6.325000E+01 1.002738E+00
6.350000E+01 1.002428E+00
6.375000E+01 1.002398E+00
6.400000E+01 1.001934E+00
6.425000E+01 1.002775E+00
6.450000E+01 1.002418E+00
6.475000E+01 1.001090E+00
6.500000E+01 1.001959E+00
6.525000E+01 1.003050E+00
6.550000E+01 1.002182E+00
6.575000E+01 1.002802E+00
6.600000E+01 1.002144E+00
6.625000E+01 1.002319E+00
6.650000E+01 1.001342E+00
6.675000E+01 1.002613E+00
6.700000E+01 1.001612E+00
6.725000E+01 1.001039E+00
6.750000E+01 1.001704E+00
6.775000E+01 1.001905E+00
6.800000E+01 1.002543E+00
6.825000E+01 1.002672E+00
6.850000E+01 1.001952E+00
6.875000E+01 1.002028E+00
6.900000E+01 1.001569E+00
6.925000E+01 1.001969E+00
6.950000E+01 1.001946E+00
6.975000E+01 1.002477E+00
7.000000E+01 1.002052E+00
7.025000E+01 1.002701E+00
7.050000E+01 1.002378E+00
7.075000E+01 1.003272E+00
7.100000E+01 1.002037E+00
7.125000E+01 1.001887E+00
7.150000E+01 1.001227E+00
7.175000E+01 1.001811E+00
7.200000E+01 1.001176E+00
7.225000E+01 1.002103E+00
7.250000E+01 1.001210E+00
7.275000E+01 1.002465E+00
7.300000E+01 1.001761E+00
7.325000E+01 1.001278E+00
7.350000E+01 1.002466E+00
7.375000E+01 1.002399E+00
7.400000E+01 1.002065E+00
7.425000E+01 1.001837E+00
7.450000E+01 1.001152E+00
7.475000E+01 1.001501E+00
7.500000E+01 1.001857E+00
7.525000E+01 1.002597E+00
7.550000E+01 1.001999E+00
7.575000E+01 1.001275E+00
7.600000E+01 1.001376E+00
7.625000E+01 1.001808E+00
7.650000E+01 1.001159E+00
7.675000E+01 1.002118E+00
7.700000E+01 1.001422E+00
7.725000E+01 1.002161E+00
7.750000E+01 1.001983E+00
7.775000E+01 1.001832E+00
7.800000E+01 1.001588E+00
7.825000E+01 1.002230E+00
7.850000E+01 1.002287E+00
7.875000E+01 1.001074E+00
7.900000E+01 1.001746E+00
7.925000E+01 1.000855E+00
7.950000E+01 1.001376E+00
7.975000E+01 1.000874E+00
8.000000E+01 1.002315E+00
8.025000E+01 1.001060E+00
8.050000E+01 1.001696E+00
8.075000E+01 1.001030E+00
8.100000E+01 1.002225E+00
8.125000E+01 1.002260E+00
8.150000E+01 1.002941E+00
8.175000E+01 1.000626E+00
8.200000E+01 1.000523E+00
8.225000E+01 1.001050E+00
8.250000E+01 1.000951E+00
8.275000E+01 1.001868E+00
8.300000E+01 1.001664E+00
8.325000E+01 1.000390E+00
8.350000E+01 1.001105E+00
8.375000E+01 1.001384E+00
8.400000E+01 1.001231E+00
8.425000E+01 1.001404E+00
8.450000E+01 1.000839E+00
8.475000E+01 1.001614E+00
8.500000E+01 1.000125E+00
8.525000E+01 1.001405E+00
8.550000E+01 1.000686E+00
8.575000E+01 1.001613E+00
8.600000E+01 1.000853E+00
8.625000E+01 1.001407E+00
8.650000E+01 1.000377E+00
8.675000E+01 1.001282E+00
8.700000E+01 1.001261E+00
8.725000E+01 1.000633E+00
8.750000E+01 1.001322E+00
8.775000E+01 1.002420E+00
8.800000E+01 1.000571E+00
8.825000E+01 1.001197E+00
8.850000E+01 1.001086E+00
8.875000E+01 1.001308E+00
8.900000E+01 1.000978E+00
8.925000E+01 1.000490E+00
8.950000E+01 1.001620E+00
8.975000E+01 1.000835E+00
9.000000E+01 1.001010E+00
9.025000E+01 1.001001E+00
9.050000E+01 1.002155E+00
9.075000E+01 1.000890E+00
9.100000E+01 1.000549E+00
9.125000E+01 1.000556E+00
9.150000E+01 1.000649E+00
9.175000E+01 1.001631E+00
9.200000E+01 1.000506E+00
9.225000E+01 1.001508E+00
9.250000E+01 1.001974E+00
9.275000E+01 1.001058E+00
9.300000E+01 1.001688E+00
9.325000E+01 1.000782E+00
9.350000E+01 1.001569E+00
9.375000E+01 1.001228E+00
9.400000E+01 1.000525E+00
9.425000E+01 1.001193E+00
9.450000E+01 1.000665E+00
9.475000E+01 1.000843E+00
9.500000E+01 1.000656E+00
9.525000E+01 1.001571E+00
9.550000E+01 1.001640E+00
9.575000E+01 1.000461E+00
9.600000E+01 1.001567E+00
9.625000E+01 1.001485E+00
9.650000E+01 1.000850E+00
9.675000E+01 1.000869E+00
9.700000E+01 1.001103E+00
9.725000E+01 1.000925E+00
9.750000E+01 9.999874E-01
9.775000E+01 1.000763E+00
9.800000E+01 1.000942E+00
9.825000E+01 1.000393E+00
9.850000E+01 1.001021E+00
9.875000E+01 1.000625E+00
9.900000E+01 1.000700E+00
9.925000E+01 1.000497E+00
9.950000E+01 1.000707E+00
9.975000E+01 1.001529E+00
1.000000E+02 1.000359E+00
1.002500E+02 1.000867E+00
1.005000E+02 1.000359E+00
1.007500E+02 1.000387E+00
1.010000E+02 1.001077E+00
1.012500E+02 1.000776E+00
1.015000E+02 1.000806E+00
1.017500E+02 1.000637E+00
1.020000E+02 1.000783E+00
1.022500E+02 1.001314E+00
1.025000E+02 1.000327E+00
1.027500E+02 1.001256E+00
1.030000E+02 1.000321E+00
1.032500E+02 1.000788E+00
1.035000E+02 1.000093E+00
1.037500E+02 1.000936E+00
1.040000E+02 1.000416E+00
1.042500E+02 9.997593E-01
1.045000E+02 1.000701E+00
1.047500E+02 1.000282E+00
1.050000E+02 1.000522E+00
1.052500E+02 1.000550E+00
1.055000E+02 1.001452E+00
1.057500E+02 1.000342E+00
1.060000E+02 1.000216E+00
1.062500E+02 1.000708E+00
1.065000E+02 1.000564E+00
1.067500E+02 1.000278E+00
1.070000E+02 1.000525E+00
1.072500E+02 1.000421E+00
1.075000E+02 1.000565E+00
1.077500E+02 1.000585E+00
1.080000E+02 1.000550E+00
1.082500E+02 1.000402E+00
1.085000E+02 1.000405E+00
1.087500E+02 1.000517E+00
1.090000E+02 1.000563E+00
1.092500E+02 1.000828E+00
1.095000E+02 1.000045E+00
1.097500E+02 1.000131E+00
1.100000E+02 1.001065E+00
1.102500E+02 1.000855E+00
1.105000E+02 1.001281E+00
1.107500E+02 1.000469E+00
1.110000E+02 1.000969E+00
1.112500E+02 1.000277E+00
1.115000E+02 9.997248E-01
1.117500E+02 1.000497E+00
1.120000E+02 1.000110E+00
1.122500E+02 1.000501E+00
1.125000E+02 1.000278E+00
1.127500E+02 1.000675E+00
1.130000E+02 1.000861E+00
1.132500E+02 1.000562E+00
1.135000E+02 9.999183E-01
1.137500E+02 1.001060E+00
1.140000E+02 9.996662E-01
1.142500E+02 1.000153E+00
1.145000E+02 1.000220E+00
1.147500E+02 1.000551E+00
1.150000E+02 1.000955E+00
1.152500E+02 1.000711E+00
1.155000E+02 1.000997E+00
1.157500E+02 1.000808E+00
1.160000E+02 9.998684E-01
1.162500E+02 1.000940E+00
1.165000E+02 9.999281E-01
1.167500E+02 1.000272E+00
1.170000E+02 1.000478E+00
1.172500E+02 1.000217E+00
1.175000E+02 1.000700E+00
1.177500E+02 1.000502E+00
1.180000E+02 1.000502E+00
1.182500E+02 1.000176E+00
1.185000E+02 1.000470E+00
1.187500E+02 9.999992E-01
1.190000E+02 1.000140E+00
1.192500E+02 1.000016E+00
1.195000E+02 1.000966E+00
1.197500E+02 1.000028E+00
1.200000E+02 1.000103E+00
1.202500E+02 1.000748E+00
1.205000E+02 1.000804E+00
1.207500E+02 1.000385E+00
1.210000E+02 1.000326E+00
1.212500E+02 1.000211E+00
1.215000E+02 1.000116E+00
1.217500E+02 1.000530E+00
1.220000E+02 9.995865E-01
1.222500E+02 1.000172E+00
1.225000E+02 1.000626E+00
1.227500E+02 9.999949E-01
1.230000E+02 1.000501E+00
1.232500E+02 1.000338E+00
1.235000E+02 1.000039E+00
1.237500E+02 9.997487E-01
1.240000E+02 1.000202E+00
1.242500E+02 9.998308E-01
1.245000E+02 1.000268E+00
1.247500E+02 9.999795E-01
1.250000E+02 9.974924E-01
1.252500E+02 9.916780E-01
1.255000E+02 9.850542E-01
1.257500E+02 9.794040E-01
1.260000E+02 9.735638E-01
1.262500E+02 9.666757E-01
1.265000E+02 9.622895E-01
1.267500E+02 9.553981E-01
1.270000E+02 9.502934E-01
1.272500E+02 9.441972E-01
1.275000E+02 9.387239E-01
1.277500E+02 9.326024E-01
1.280000E+02 9.264848E-01
1.282500E+02 9.210514E-01
1.285000E+02 9.157642E-01
1.287500E+02 9.098770E-01
1.290000E+02 9.041937E-01
1.292500E+02 8.990565E-01
1.295000E+02 8.931378E-01
1.297500E+02 8.876192E-01
1.300000E+02 8.823608E-01
1.302500E+02 8.760461E-01
1.305000E+02 8.704853E-01
1.307500E+02 8.656398E-01
1.310000E+02 8.596107E-01
1.312500E+02 8.542740E-01
1.315000E+02 8.497065E-01
1.317500E+02 8.436868E-01
1.320000E+02 8.381964E-01
1.322500E+02 8.328501E-01
1.325000E+02 8.269462E-01
1.327500E+02 8.228907E-01
1.330000E+02 8.169907E-01
1.332500E+02 8.120431E-01
1.335000E+02 8.068019E-01
1.337500E+02 8.013820E-01
1.340000E+02 7.958277E-01
1.342500E+02 7.910410E-01
1.345000E+02 7.859591E-01
1.347500E+02 7.804782E-01
1.350000E+02 7.754046E-01
1.352500E+02 7.702536E-01
1.355000E+02 7.653551E-01
1.357500E+02 7.596416E-01
1.360000E+02 7.547149E-01
1.362500E+02 7.497856E-01
1.365000E+02 7.450029E-01
1.367500E+02 7.395860E-01
1.370000E+02 7.346297E-01
1.372500E+02 7.301317E-01
1.375000E+02 7.250012E-01
1.377500E+02 7.195605E-01
1.380000E+02 7.148788E-01
1.382500E+02 7.098903E-01
1.385000E+02 7.049618E-01
1.387500E+02 7.000547E-01
1.390000E+02 6.951379E-01
1.392500E+02 6.908685E-01
1.395000E+02 6.856380E-01
1.397500E+02 6.811594E-01
1.400000E+02 6.759418E-01
1.402500E+02 6.713683E-01
1.405000E+02 6.667915E-01
1.407500E+02 6.619665E-01
1.410000E+02 6.568072E-01
1.412500E+02 6.526949E-01
1.415000E+02 6.473619E-01
1.417500E+02 6.428080E-01
1.420000E+02 6.384948E-01
1.422500E+02 6.339025E-01
1.425000E+02 6.289522E-01
1.427500E+02 6.245676E-01
1.430000E+02 6.204075E-01
1.432500E+02 6.154257E-01
1.435000E+02 6.110462E-01
1.437500E+02 6.059552E-01
1.440000E+02 6.016677E-01
1.442500E+02 5.975972E-01
1.445000E+02 5.929021E-01
1.447500E+02 5.881872E-01
1.450000E+02 5.840484E-01
1.452500E+02 5.794678E-01
1.455000E+02 5.748750E-01
1.457500E+02 5.706698E-01
1.460000E+02 5.662936E-01
1.462500E+02 5.618480E-01
1.465000E+02 5.576669E-01
1.467500E+02 5.529475E-01
1.470000E+02 5.489810E-01
1.472500E+02 5.444814E-01
1.475000E+02 5.399773E-01
1.477500E+02 5.357684E-01
1.480000E+02 5.315629E-01
1.482500E+02 5.270483E-01
1.485000E+02 5.231468E-01
1.487500E+02 5.187378E-01
1.490000E+02 5.144309E-01
1.492500E+02 5.103936E-01
1.495000E+02 5.062035E-01
1.497500E+02 5.019922E-01
1.500000E+02 4.980319E-01
1.502500E+02 4.931671E-01
1.505000E+02 4.896841E-01
1.507500E+02 4.849751E-01
1.510000E+02 4.814272E-01
1.512500E+02 4.775280E-01
1.515000E+02 4.733222E-01
1.517500E+02 4.691515E-01
1.520000E+02 4.649244E-01
1.522500E+02 4.608569E-01
1.525000E+02 4.567369E-01
1.527500E+02 4.530336E-01
1.530000E+02 4.491286E-01
1.532500E+02 4.447687E-01
1.535000E+02 4.411837E-01
1.537500E+02 4.368419E-01
1.540000E+02 4.330526E-01
1.542500E+02 4.288317E-01
1.545000E+02 4.249820E-01
1.547500E+02 4.211264E-01
1.550000E+02 4.175305E-01
1.552500E+02 4.134220E-01
1.555000E+02 4.097622E-01
1.557500E+02 4.056301E-01
1.560000E+02 4.018479E-01
1.562500E+02 3.979012E-01
1.565000E+02 3.942483E-01
1.567500E+02 3.904732E-01
1.570000E+02 3.864453E-01
1.572500E+02 3.826624E-01
1.575000E+02 3.788770E-01
1.577500E+02 3.754330E-01
1.580000E+02 3.714465E-01
1.582500E+02 3.676491E-01
1.585000E+02 3.639908E-01
1.587500E+02 3.604648E-01
1.590000E+02 3.562485E-01
1.592500E+02 3.529604E-01
1.595000E+02 3.492022E-01
1.597500E+02 3.452812E-01
1.600000E+02 3.419317E-01
1.602500E+02 3.379136E-01
1.605000E+02 3.345340E-01
1.607500E+02 3.310312E-01
1.610000E+02 3.269837E-01
1.612500E+02 3.237108E-01
1.615000E+02 3.198719E-01
1.617500E+02 3.163019E-01
1.620000E+02 3.129109E-01
1.622500E+02 3.090914E-01
1.625000E+02 3.055526E-01
1.627500E+02 3.022764E-01
1.630000E+02 2.985960E-01
1.632500E+02 2.952303E-01
1.635000E+02 2.916399E-01
1.637500E+02 2.881784E-01
1.640000E+02 2.846527E-01
1.642500E+02 2.810675E-01
1.645000E+02 2.774386E-01
1.647500E+02 2.744509E-01
1.650000E+02 2.707091E-01
1.652500E+02 2.677433E-01
1.655000E+02 2.640199E-01
1.657500E+02 2.605020E-01
1.660000E+02 2.572826E-01
1.662500E+02 2.537242E-01
1.665000E+02 2.503457E-01
1.667500E+02 2.471137E-01
1.670000E+02 2.437005E-01
1.672500E+02 2.403962E-01
1.675000E+02 2.368288E-01
1.677500E+02 2.334098E-01
1.680000E+02 2.303525E-01
1.682500E+02 2.269272E-01
1.685000E+02 2.237095E-01
1.687500E+02 2.204080E-01
1.690000E+02 2.170617E-01
1.692500E+02 2.138629E-01
1.695000E+02 2.105542E-01
1.697500E+02 2.074453E-01
1.700000E+02 2.042305E-01
1.702500E+02 2.010209E-01
1.705000E+02 1.978042E-01
1.707500E+02 1.944841E-01
1.710000E+02 1.912746E-01
1.712500E+02 1.882325E-01
1.715000E+02 1.848513E-01
1.717500E+02 1.817038E-01
1.720000E+02 1.784605E-01
1.722500E+02 1.754707E-01
1.725000E+02 1.722126E-01
1.727500E+02 1.690514E-01
1.730000E+02 1.658156E-01
1.732500E+02 1.628880E-01
1.735000E+02 1.595765E-01
1.737500E+02 1.565483E-01
1.740000E+02 1.535604E-01
1.742500E+02 1.504938E-01
1.745000E+02 1.471896E-01
1.747500E+02 1.440986E-01
1.750000E+02 1.411464E-01
1.752500E+02 1.382060E-01
1.755000E+02 1.351583E-01
1.757500E+02 1.320901E-01
1.760000E+02 1.289172E-01
1.762500E+02 1.261110E-01
1.765000E+02 1.229585E-01
1.767500E+02 1.201145E-01
1.770000E+02 1.173890E-01
1.772500E+02 1.146795E-01
1.775000E+02 1.122098E-01
1.777500E+02 1.098174E-01
1.780000E+02 1.075603E-01
1.782500E+02 1.052310E-01
1.785000E+02 1.029858E-01
1.787500E+02 1.009239E-01
1.790000E+02 9.879467E-02
1.792500E+02 9.652344E-02
1.795000E+02 9.466016E-02
1.797500E+02 9.265526E-02
1.800000E+02 9.100263E-02
1.802500E+02 8.896352E-02
1.805000E+02 8.705316E-02
1.807500E+02 8.527810E-02
1.810000E+02 8.356921E-02
1.812500E+02 8.180004E-02
1.815000E+02 8.005594E-02
1.817500E+02 7.850271E-02
1.820000E+02 7.690174E-02
1.822500E+02 7.530298E-02
1.825000E+02 7.366999E-02
1.827500E+02 7.221920E-02
1.830000E+02 7.063815E-02
1.832500E+02 6.926229E-02
1.835000E+02 6.774909E-02
1.837500E+02 6.625292E-02
1.840000E+02 6.481800E-02
1.842500E+02 6.353572E-02
1.845000E+02 6.208860E-02
1.847500E+02 6.085127E-02
1.850000E+02 5.948360E-02
1.852500E+02 5.831085E-02
1.855000E+02 5.704789E-02
1.857500E+02 5.584751E-02
1.860000E+02 5.463674E-02
1.862500E+02 5.341929E-02
1.865000E+02 5.227561E-02
1.867500E+02 5.103979E-02
1.870000E+02 4.985305E-02
1.872500E+02 4.883591E-02
1.875000E+02 4.771025E-02
1.877500E+02 4.665640E-02
1.880000E+02 4.556796E-02
1.882500E+02 4.449809E-02
1.885000E+02 4.361554E-02
1.887500E+02 4.261630E-02
1.890000E+02 4.157313E-02
1.892500E+02 4.058158E-02
1.895000E+02 3.965989E-02
1.897500E+02 3.864690E-02
1.900000E+02 3.784561E-02
1.902500E+02 3.694434E-02
1.905000E+02 3.606182E-02
1.907500E+02 3.515998E-02
1.910000E+02 3.434922E-02
1.912500E+02 3.345755E-02
1.915000E+02 3.258503E-02
1.917500E+02 3.181228E-02
1.920000E+02 3.097966E-02
1.922500E+02 3.028100E-02
1.925000E+02 2.945128E-02
1.927500E+02 2.873501E-02
1.930000E+02 2.800891E-02
1.932500E+02 2.730705E-02
1.935000E+02 2.654978E-02
1.937500E+02 2.582914E-02
1.940000E+02 2.521051E-02
1.942500E+02 2.443328E-02
1.945000E+02 2.385151E-02
1.947500E+02 2.317707E-02
1.950000E+02 2.254720E-02
1.952500E+02 2.199080E-02
1.955000E+02 2.130985E-02
1.957500E+02 2.070785E-02
1.960000E+02 2.017604E-02
1.962500E+02 1.957613E-02
1.965000E+02 1.899950E-02
1.967500E+02 1.840919E-02
1.970000E+02 1.787751E-02
1.972500E+02 1.740872E-02
1.975000E+02 1.683763E-02
1.977500E+02 1.634523E-02
1.980000E+02 1.576745E-02
1.982500E+02 1.523898E-02
1.985000E+02 1.479790E-02
1.987500E+02 1.439009E-02
1.990000E+02 1.384908E-02
1.992500E+02 1.344145E-02
1.995000E+02 1.300151E-02
1.997500E+02 1.253467E-02
2.000000E+02 1.214831E-02
2.002500E+02 1.171679E-02
2.005000E+02 1.131357E-02
2.007500E+02 1.092184E-02
2.010000E+02 1.050797E-02
2.012500E+02 1.012873E-02
2.015000E+02 9.791040E-03
2.017500E+02 9.395525E-03
2.020000E+02 9.060498E-03
2.022500E+02 8.658466E-03
2.025000E+02 8.336029E-03
2.027500E+02 8.062592E-03
2.030000E+02 7.688023E-03
2.032500E+02 7.388309E-03
2.035000E+02 7.080085E-03
2.037500E+02 6.761193E-03
2.040000E+02 6.456752E-03
2.042500E+02 6.217954E-03
2.045000E+02 5.927749E-03
2.047500E+02 5.669104E-03
2.050000E+02 5.399391E-03
2.052500E+02 5.123460E-03
2.055000E+02 4.907281E-03
2.057500E+02 4.638724E-03
2.060000E+02 4.384031E-03
2.062500E+02 4.172699E-03
2.065000E+02 3.997077E-03
2.067500E+02 3.751366E-03
2.070000E+02 3.592528E-03
2.072500E+02 3.352618E-03
2.075000E+02 3.163092E-03
2.077500E+02 2.972372E-03
2.080000E+02 2.784148E-03
2.082500E+02 2.627601E-03
2.085000E+02 2.464348E-03
2.087500E+02 2.281321E-03
2.090000E+02 2.128855E-03
2.092500E+02 1.982770E-03
2.095000E+02 1.857819E-03
2.097500E+02 1.705991E-03
2.100000E+02 1.576867E-03
2.102500E+02 1.456986E-03
2.105000E+02 1.332893E-03
2.107500E+02 1.209670E-03
2.110000E+02 1.111405E-03
2.112500E+02 1.004968E-03
2.115000E+02 9.088971E-04
2.117500E+02 8.092832E-04
2.120000E+02 7.166566E-04
2.122500E+02 6.406456E-04
2.125000E+02 5.642691E-04
2.127500E+02 4.892886E-04
2.130000E+02 4.251844E-04
2.132500E+02 3.555320E-04
2.135000E+02 3.011655E-04
2.137500E+02 2.579795E-04
2.140000E+02 2.135725E-04
2.142500E+02 1.707511E-04
2.145000E+02 1.292295E-04
2.147500E+02 9.609840E-05
2.150000E+02 7.110407E-05
2.152500E+02 4.528852E-05
2.155000E+02 2.859025E-05
2.157500E+02 1.445632E-05
2.160000E+02 5.272879E-06
2.162500E+02 6.189053E-07
