2.500000E-01 0.000000E+00
5.000000E-01 0.000000E+00
7.500000E-01 0.000000E+00
1.000000E+00 0.000000E+00
1.250000E+00 0.000000E+00
1.500000E+00 0.000000E+00
1.750000E+00 0.000000E+00
2.000000E+00 0.000000E+00
2.250000E+00 0.000000E+00
2.500000E+00 0.000000E+00
2.750000E+00 0.000000E+00
3.000000E+00 0.000000E+00
3.250000E+00 0.000000E+00
3.500000E+00 1.664496E-01
3.750000E+00 1.299841E+01
4.000000E+00 8.822893E+01
4.250000E+00 1.579633E+02
4.500000E+00 1.446865E+02
4.750000E+00 9.832866E+01
5.000000E+00 6.058286E+01
5.250000E+00 3.694670E+01
5.500000E+00 2.325908E+01
5.750000E+00 1.584473E+01
6.000000E+00 1.161081E+01
6.250000E+00 9.273271E+00
6.500000E+00 7.611861E+00
6.750000E+00 6.031856E+00
7.000000E+00 4.828801E+00
7.250000E+00 3.963643E+00
7.500000E+00 3.579174E+00
7.750000E+00 3.703940E+00
8.000000E+00 4.569416E+00
8.250000E+00 5.648169E+00
8.500000E+00 6.222104E+00
8.750000E+00 5.987761E+00
9.000000E+00 5.145061E+00
9.250000E+00 4.124970E+00
9.500000E+00 3.276845E+00
9.750000E+00 2.653173E+00
1.000000E+01 2.197588E+00
1.025000E+01 1.928069E+00
1.050000E+01 1.719260E+00
1.075000E+01 1.567715E+00
1.100000E+01 1.483926E+00
1.125000E+01 1.390641E+00
1.150000E+01 1.330836E+00
1.175000E+01 1.312068E+00
1.200000E+01 1.314757E+00
1.225000E+01 1.330588E+00
1.250000E+01 1.350938E+00
1.275000E+01 1.333272E+00
1.300000E+01 1.335307E+00
1.325000E+01 1.277760E+00
1.350000E+01 1.236962E+00
1.375000E+01 1.197269E+00
1.400000E+01 1.146068E+00
1.425000E+01 1.121394E+00
1.450000E+01 1.092894E+00
1.475000E+01 1.082687E+00
1.500000E+01 1.061693E+00
1.525000E+01 1.049970E+00
1.550000E+01 1.049332E+00
1.575000E+01 1.031358E+00
1.600000E+01 1.038642E+00
1.625000E+01 1.043382E+00
1.650000E+01 1.036934E+00
1.675000E+01 1.046170E+00
1.700000E+01 1.035123E+00
1.725000E+01 1.034029E+00
1.750000E+01 1.025894E+00
1.775000E+01 1.031822E+00
1.800000E+01 1.031045E+00
1.825000E+01 1.013504E+00
1.850000E+01 1.024674E+00
1.875000E+01 1.019112E+00
1.900000E+01 1.012927E+00
1.925000E+01 1.024839E+00
1.950000E+01 1.013604E+00
1.975000E+01 1.008830E+00
2.000000E+01 1.010695E+00
2.025000E+01 1.013304E+00
2.050000E+01 1.017525E+00
2.075000E+01 1.015427E+00
2.100000E+01 1.017649E+00
2.125000E+01 1.010280E+00
2.150000E+01 1.013699E+00
2.175000E+01 1.010863E+00
2.200000E+01 1.015618E+00
2.225000E+01 1.016384E+00
2.250000E+01 1.008340E+00
2.275000E+01 1.005860E+00
2.300000E+01 1.011652E+00
2.325000E+01 1.011232E+00
2.350000E+01 1.008526E+00
2.375000E+01 1.001265E+00
2.400000E+01 1.010585E+00
2.425000E+01 1.007376E+00
2.450000E+01 1.010148E+00
2.475000E+01 1.004241E+00
2.500000E+01 1.006333E+00
2.525000E+01 1.010337E+00
2.550000E+01 1.008707E+00
2.575000E+01 1.006460E+00
2.600000E+01 1.010359E+00
2.625000E+01 1.007360E+00
2.650000E+01 1.007342E+00
2.675000E+01 1.009202E+00
2.700000E+01 1.003537E+00
2.725000E+01 1.002353E+00
2.750000E+01 1.007953E+00
2.775000E+01 1.010935E+00
2.800000E+01 9.993222E-01
2.825000E+01 1.005620E+00
2.850000E+01 1.007401E+00
2.875000E+01 1.008873E+00
2.900000E+01 1.005106E+00
2.925000E+01 1.006610E+00
2.950000E+01 1.011834E+00
2.975000E+01 1.010937E+00
3.000000E+01 1.005358E+00
3.025000E+01 1.008848E+00
3.050000E+01 1.001516E+00
3.075000E+01 1.007753E+00
3.100000E+01 1.004557E+00
3.125000E+01 1.005761E+00
3.150000E+01 1.004013E+00
3.175000E+01 1.005532E+00
3.200000E+01 1.002933E+00
3.225000E+01 1.002214E+00
3.250000E+01 1.002216E+00
3.275000E+01 1.012936E+00
3.300000E+01 1.004521E+00
3.325000E+01 1.000806E+00
3.350000E+01 1.002834E+00
3.375000E+01 1.005990E+00
3.400000E+01 1.000606E+00
3.425000E+01 1.001481E+00
3.450000E+01 1.004961E+00
3.475000E+01 1.003793E+00
3.500000E+01 1.002297E+00
3.525000E+01 1.004610E+00
3.550000E+01 1.005929E+00
3.575000E+01 1.003697E+00
3.600000E+01 1.004349E+00
3.625000E+01 9.996286E-01
3.650000E+01 1.006636E+00
3.675000E+01 1.006531E+00
3.700000E+01 1.003670E+00
3.725000E+01 1.004034E+00
3.750000E+01 1.004679E+00
3.775000E+01 1.004663E+00
3.800000E+01 1.004999E+00
3.825000E+01 1.000193E+00
3.850000E+01 1.003164E+00
3.875000E+01 1.000732E+00
3.900000E+01 1.002813E+00
3.925000E+01 1.004582E+00
3.950000E+01 1.004420E+00
3.975000E+01 1.000220E+00
4.000000E+01 1.001063E+00
4.025000E+01 1.005202E+00
4.050000E+01 9.997439E-01
4.075000E+01 1.003638E+00
4.100000E+01 1.003347E+00
4.125000E+01 1.003214E+00
4.150000E+01 1.004780E+00
4.175000E+01 1.000881E+00
4.200000E+01 1.002504E+00
4.225000E+01 1.004697E+00
4.250000E+01 1.002848E+00
4.275000E+01 1.000962E+00
4.300000E+01 1.003280E+00
4.325000E+01 1.002087E+00
4.350000E+01 1.003898E+00
4.375000E+01 1.003521E+00
4.400000E+01 1.003545E+00
4.425000E+01 1.003100E+00
4.450000E+01 1.001750E+00
4.475000E+01 1.001264E+00
4.500000E+01 1.002381E+00
4.525000E+01 1.002497E+00
4.550000E+01 1.007078E+00
4.575000E+01 1.004453E+00
4.600000E+01 1.003054E+00
4.625000E+01 9.998113E-01
4.650000E+01 1.003521E+00
4.675000E+01 1.003333E+00
4.700000E+01 1.002483E+00
4.725000E+01 1.003895E+00
4.750000E+01 9.988606E-01
4.775000E+01 9.986575E-01
4.800000E+01 1.003114E+00
4.825000E+01 1.003231E+00
4.850000E+01 1.004463E+00
4.875000E+01 1.004844E+00
4.900000E+01 1.000576E+00
4.925000E+01 1.001173E+00
4.950000E+01 1.000136E+00
4.975000E+01 9.996580E-01
5.000000E+01 1.003310E+00
5.025000E+01 1.001398E+00
5.050000E+01 1.002531E+00
5.075000E+01 1.003994E+00
5.100000E+01 1.004136E+00
5.125000E+01 1.000679E+00
5.150000E+01 1.001576E+00
5.175000E+01 1.002829E+00
5.200000E+01 1.001262E+00
5.225000E+01 1.003360E+00
5.250000E+01 1.000446E+00
5.275000E+01 1.002423E+00
5.300000E+01 1.003874E+00
5.325000E+01 1.001859E+00
5.350000E+01 1.002773E+00
5.375000E+01 9.996065E-01
5.400000E+01 1.002311E+00
5.425000E+01 1.001573E+00
5.450000E+01 1.002816E+00
5.475000E+01 1.001325E+00
5.500000E+01 1.000322E+00
5.525000E+01 9.976410E-01
5.550000E+01 9.996017E-01
5.575000E+01 1.000119E+00
5.600000E+01 1.001475E+00
5.625000E+01 1.000918E+00
5.650000E+01 1.000076E+00
5.675000E+01 1.001171E+00
5.700000E+01 1.003327E+00
5.725000E+01 1.002647E+00
5.750000E+01 1.000877E+00
5.775000E+01 9.988626E-01
5.800000E+01 9.994885E-01
5.825000E+01 1.000243E+00
5.850000E+01 1.002226E+00
5.875000E+01 1.000935E+00
5.900000E+01 1.002025E+00
5.925000E+01 1.000226E+00
5.950000E+01 1.001038E+00
5.975000E+01 1.002067E+00
6.000000E+01 1.000677E+00
6.025000E+01 9.999296E-01
6.050000E+01 1.000822E+00
6.075000E+01 1.000183E+00
6.100000E+01 1.002492E+00
6.125000E+01 1.000577E+00
6.150000E+01 1.002347E+00
6.175000E+01 1.001522E+00
6.200000E+01 1.000153E+00
6.225000E+01 1.000588E+00
6.250000E+01 9.990199E-01
6.275000E+01 1.000325E+00
6.300000E+01 1.001092E+00
6.325000E+01 1.000028E+00
6.350000E+01 1.001970E+00
6.375000E+01 1.000765E+00
6.400000E+01 1.000135E+00
6.425000E+01 1.001139E+00
6.450000E+01 1.001677E+00
6.475000E+01 9.987824E-01
6.500000E+01 1.000565E+00
6.525000E+01 1.000716E+00
6.550000E+01 1.001031E+00
6.575000E+01 1.000447E+00
6.600000E+01 1.001592E+00
6.625000E+01 9.997466E-01
6.650000E+01 9.983275E-01
6.675000E+01 1.000141E+00
6.700000E+01 9.995105E-01
6.725000E+01 9.979206E-01
6.750000E+01 1.000690E+00
6.775000E+01 9.991810E-01
6.800000E+01 1.001729E+00
6.825000E+01 1.000472E+00
6.850000E+01 1.001014E+00
6.875000E+01 1.000995E+00
6.900000E+01 9.990909E-01
6.925000E+01 1.001204E+00
6.950000E+01 1.001032E+00
6.975000E+01 1.000643E+00
7.000000E+01 1.000799E+00
7.025000E+01 1.000550E+00
7.050000E+01 1.000075E+00
7.075000E+01 1.001570E+00
7.100000E+01 1.000446E+00
7.125000E+01 1.000584E+00
7.150000E+01 9.971140E-01
7.175000E+01 1.000015E+00
7.200000E+01 9.999803E-01
7.225000E+01 9.994570E-01
7.250000E+01 1.000477E+00
7.275000E+01 9.995958E-01
7.300000E+01 1.000430E+00
7.325000E+01 1.001724E+00
7.350000E+01 9.976277E-01
7.375000E+01 1.000612E+00
7.400000E+01 1.001733E+00
7.425000E+01 9.997193E-01
7.450000E+01 1.000345E+00
7.475000E+01 1.000072E+00
7.500000E+01 9.986616E-01
7.525000E+01 9.996013E-01
7.550000E+01 9.998722E-01
7.575000E+01 9.979254E-01
7.600000E+01 1.000337E+00
7.625000E+01 9.996078E-01
7.650000E+01 1.000929E+00
7.675000E+01 9.996451E-01
7.700000E+01 1.000106E+00
7.725000E+01 1.001782E+00
7.750000E+01 9.999415E-01
7.775000E+01 9.979718E-01
7.800000E+01 1.000526E+00
7.825000E+01 9.995440E-01
7.850000E+01 9.997715E-01
7.875000E+01 9.998097E-01
7.900000E+01 9.971053E-01
7.925000E+01 9.988707E-01
7.950000E+01 9.975060E-01
7.975000E+01 9.979354E-01
8.000000E+01 9.978222E-01
8.025000E+01 9.986878E-01
8.050000E+01 1.000775E+00
8.075000E+01 9.999063E-01
8.100000E+01 9.977639E-01
8.125000E+01 9.978532E-01
8.150000E+01 9.999760E-01
8.175000E+01 9.989245E-01
8.200000E+01 9.986890E-01
8.225000E+01 9.981067E-01
8.250000E+01 9.981780E-01
8.275000E+01 9.988572E-01
8.300000E+01 9.991546E-01
8.325000E+01 9.986122E-01
8.350000E+01 9.996529E-01
8.375000E+01 9.986398E-01
8.400000E+01 9.987004E-01
8.425000E+01 9.984026E-01
8.450000E+01 9.997043E-01
8.475000E+01 1.000135E+00
8.500000E+01 9.979369E-01
8.525000E+01 9.991026E-01
8.550000E+01 9.998730E-01
8.575000E+01 9.985459E-01
8.600000E+01 9.992437E-01
8.625000E+01 9.983698E-01
8.650000E+01 9.995683E-01
8.675000E+01 9.980806E-01
8.700000E+01 9.984402E-01
8.725000E+01 9.995279E-01
8.750000E+01 9.969921E-01
8.775000E+01 9.979890E-01
8.800000E+01 9.992851E-01
8.825000E+01 9.990629E-01
8.850000E+01 9.972082E-01
8.875000E+01 9.968001E-01
8.900000E+01 9.967648E-01
8.925000E+01 9.984780E-01
8.950000E+01 9.988855E-01
8.975000E+01 9.989537E-01
9.000000E+01 9.990503E-01
9.025000E+01 9.991012E-01
9.050000E+01 9.984546E-01
9.075000E+01 9.988462E-01
9.100000E+01 9.986068E-01
9.125000E+01 9.981431E-01
9.150000E+01 9.975214E-01
9.175000E+01 9.983742E-01
9.200000E+01 9.989535E-01
9.225000E+01 9.990809E-01
9.250000E+01 1.000089E+00
9.275000E+01 9.996023E-01
9.300000E+01 9.985538E-01
9.325000E+01 9.987831E-01
9.350000E+01 9.984955E-01
9.375000E+01 9.981918E-01
9.400000E+01 9.984268E-01
9.425000E+01 9.978463E-01
9.450000E+01 9.986683E-01
9.475000E+01 9.981635E-01
9.500000E+01 9.980247E-01
9.525000E+01 9.989965E-01
9.550000E+01 9.983400E-01
9.575000E+01 9.993364E-01
9.600000E+01 9.976126E-01
9.625000E+01 9.961312E-01
9.650000E+01 1.000164E+00
9.675000E+01 9.981588E-01
9.700000E+01 9.988890E-01
9.725000E+01 9.991750E-01
9.750000E+01 9.990295E-01
9.775000E+01 9.983590E-01
9.800000E+01 9.976298E-01
9.825000E+01 9.974041E-01
9.850000E+01 9.996132E-01
9.875000E+01 9.981846E-01
9.900000E+01 9.987351E-01
9.925000E+01 9.988227E-01
9.950000E+01 9.994623E-01
9.975000E+01 9.994761E-01
1.000000E+02 9.984160E-01
1.002500E+02 9.996065E-01
1.005000E+02 9.976806E-01
1.007500E+02 9.973116E-01
1.010000E+02 9.985522E-01
1.012500E+02 9.977372E-01
1.015000E+02 9.962642E-01
1.017500E+02 9.979977E-01
1.020000E+02 9.982155E-01
1.022500E+02 9.985183E-01
1.025000E+02 9.991095E-01
1.027500E+02 9.981203E-01
1.030000E+02 9.978034E-01
1.032500E+02 9.986760E-01
1.035000E+02 9.978888E-01
1.037500E+02 9.995207E-01
1.040000E+02 9.971425E-01
1.042500E+02 9.980413E-01
1.045000E+02 9.977074E-01
1.047500E+02 9.984507E-01
1.050000E+02 9.976615E-01
1.052500E+02 9.977758E-01
1.055000E+02 9.985342E-01
1.057500E+02 9.979813E-01
1.060000E+02 9.978982E-01
1.062500E+02 9.978457E-01
1.065000E+02 9.976208E-01
1.067500E+02 9.996732E-01
1.070000E+02 9.972212E-01
1.072500E+02 9.984311E-01
1.075000E+02 9.986613E-01
1.077500E+02 9.975624E-01
1.080000E+02 9.976273E-01
1.082500E+02 9.977806E-01
1.085000E+02 9.984378E-01
1.087500E+02 9.983577E-01
1.090000E+02 9.980320E-01
1.092500E+02 9.977302E-01
1.095000E+02 9.972428E-01
1.097500E+02 9.990316E-01
1.100000E+02 9.972467E-01
1.102500E+02 9.992684E-01
1.105000E+02 9.976422E-01
1.107500E+02 9.980487E-01
1.110000E+02 9.987625E-01
1.112500E+02 9.975015E-01
1.115000E+02 9.992930E-01
1.117500E+02 9.967112E-01
1.120000E+02 9.951844E-01
1.122500E+02 9.975074E-01
1.125000E+02 9.984649E-01
1.127500E+02 9.969331E-01
1.130000E+02 9.977687E-01
1.132500E+02 9.991153E-01
1.135000E+02 9.977596E-01
1.137500E+02 9.980594E-01
1.140000E+02 9.988194E-01
1.142500E+02 9.968557E-01
1.145000E+02 9.977283E-01
1.147500E+02 9.977155E-01
1.150000E+02 9.985105E-01
1.152500E+02 9.996890E-01
1.155000E+02 9.973130E-01
1.157500E+02 9.982152E-01
1.160000E+02 9.976407E-01
1.162500E+02 9.994941E-01
1.165000E+02 9.987557E-01
1.167500E+02 9.993137E-01
1.170000E+02 9.994931E-01
1.172500E+02 9.989397E-01
1.175000E+02 9.978068E-01
1.177500E+02 9.991060E-01
1.180000E+02 9.981690E-01
1.182500E+02 9.982255E-01
1.185000E+02 9.986399E-01
1.187500E+02 9.982598E-01
1.190000E+02 9.993287E-01
1.192500E+02 9.998783E-01
1.195000E+02 9.984004E-01
1.197500E+02 9.975597E-01
1.200000E+02 9.960358E-01
1.202500E+02 9.994433E-01
1.205000E+02 9.976843E-01
1.207500E+02 9.976910E-01
1.210000E+02 9.966950E-01
1.212500E+02 9.986186E-01
1.215000E+02 9.992778E-01
1.217500E+02 9.976742E-01
1.220000E+02 9.972017E-01
1.222500E+02 9.973596E-01
1.225000E+02 9.980491E-01
1.227500E+02 9.979850E-01
1.230000E+02 9.978474E-01
1.232500E+02 9.970610E-01
1.235000E+02 9.969038E-01
1.237500E+02 9.987356E-01
1.240000E+02 9.966539E-01
1.242500E+02 9.975219E-01
1.245000E+02 9.972417E-01
1.247500E+02 9.978354E-01
1.250000E+02 9.952309E-01
1.252500E+02 9.894413E-01
1.255000E+02 9.827403E-01
1.257500E+02 9.773745E-01
1.260000E+02 9.714127E-01
1.262500E+02 9.655108E-01
1.265000E+02 9.604385E-01
1.267500E+02 9.551023E-01
1.270000E+02 9.474361E-01
1.272500E+02 9.427760E-01
1.275000E+02 9.373845E-01
1.277500E+02 9.304404E-01
1.280000E+02 9.257826E-01
1.282500E+02 9.190632E-01
1.285000E+02 9.135946E-01
1.287500E+02 9.086080E-01
1.290000E+02 9.017740E-01
1.292500E+02 8.971555E-01
1.295000E+02 8.923527E-01
1.297500E+02 8.862253E-01
1.300000E+02 8.806701E-01
1.302500E+02 8.749768E-01
1.305000E+02 8.689525E-01
1.307500E+02 8.634462E-01
1.310000E+02 8.576091E-01
1.312500E+02 8.532083E-01
1.315000E+02 8.479290E-01
1.317500E+02 8.427089E-01
1.320000E+02 8.368076E-01
1.322500E+02 8.311163E-01
1.325000E+02 8.267780E-01
1.327500E+02 8.209979E-01
1.330000E+02 8.153870E-01
1.332500E+02 8.097661E-01
1.335000E+02 8.055193E-01
1.337500E+02 7.999798E-01
1.340000E+02 7.942298E-01
1.342500E+02 7.897582E-01
1.345000E+02 7.829617E-01
1.347500E+02 7.789679E-01
1.350000E+02 7.738875E-01
1.352500E+02 7.679763E-01
1.355000E+02 7.636499E-01
1.357500E+02 7.579645E-01
1.360000E+02 7.539666E-01
1.362500E+02 7.484199E-01
1.365000E+02 7.435816E-01
1.367500E+02 7.382870E-01
1.370000E+02 7.329152E-01
1.372500E+02 7.286454E-01
1.375000E+02 7.220955E-01
1.377500E+02 7.179667E-01
1.380000E+02 7.137069E-01
1.382500E+02 7.091195E-01
1.385000E+02 7.046943E-01
1.387500E+02 6.986942E-01
1.390000E+02 6.949805E-01
1.392500E+02 6.895694E-01
1.395000E+02 6.841373E-01
1.397500E+02 6.792581E-01
1.400000E+02 6.745419E-01
1.402500E+02 6.701298E-01
1.405000E+02 6.643593E-01
1.407500E+02 6.606913E-01
1.410000E+02 6.560257E-01
1.412500E+02 6.507916E-01
1.415000E+02 6.467063E-01
1.417500E+02 6.424615E-01
1.420000E+02 6.374238E-01
1.422500E+02 6.326939E-01
1.425000E+02 6.280209E-01
1.427500E+02 6.238611E-01
1.430000E+02 6.191572E-01
1.432500E+02 6.139963E-01
1.435000E+02 6.102053E-01
1.437500E+02 6.053786E-01
1.440000E+02 6.001954E-01
1.442500E+02 5.969291E-01
1.445000E+02 5.926001E-01
1.447500E+02 5.879315E-01
1.450000E+02 5.830236E-01
1.452500E+02 5.787152E-01
1.455000E+02 5.745126E-01
1.457500E+02 5.705501E-01
1.460000E+02 5.655173E-01
1.462500E+02 5.606155E-01
1.465000E+02 5.565271E-01
1.467500E+02 5.515950E-01
1.470000E+02 5.479363E-01
1.472500E+02 5.444102E-01
1.475000E+02 5.392927E-01
1.477500E+02 5.349430E-01
1.480000E+02 5.312262E-01
1.482500E+02 5.265086E-01
1.485000E+02 5.223725E-01
1.487500E+02 5.177884E-01
1.490000E+02 5.137608E-01
1.492500E+02 5.092177E-01
1.495000E+02 5.052427E-01
1.497500E+02 5.010916E-01
1.500000E+02 4.967527E-01
1.502500E+02 4.922359E-01
1.505000E+02 4.878358E-01
1.507500E+02 4.845223E-01
1.510000E+02 4.812757E-01
1.512500E+02 4.758925E-01
1.515000E+02 4.719318E-01
1.517500E+02 4.681461E-01
1.520000E+02 4.642760E-01
1.522500E+02 4.595597E-01
1.525000E+02 4.561594E-01
1.527500E+02 4.519698E-01
1.530000E+02 4.481705E-01
1.532500E+02 4.447268E-01
1.535000E+02 4.403753E-01
1.537500E+02 4.364591E-01
1.540000E+02 4.320507E-01
1.542500E+02 4.280683E-01
1.545000E+02 4.246376E-01
1.547500E+02 4.201242E-01
1.550000E+02 4.158923E-01
1.552500E+02 4.129149E-01
1.555000E+02 4.084801E-01
1.557500E+02 4.046972E-01
1.560000E+02 4.010581E-01
1.562500E+02 3.977303E-01
1.565000E+02 3.939042E-01
1.567500E+02 3.899340E-01
1.570000E+02 3.863474E-01
1.572500E+02 3.816273E-01
1.575000E+02 3.787414E-01
1.577500E+02 3.751941E-01
1.580000E+02 3.712004E-01
1.582500E+02 3.672760E-01
1.585000E+02 3.633301E-01
1.587500E+02 3.592797E-01
1.590000E+02 3.561546E-01
1.592500E+02 3.521366E-01
1.595000E+02 3.487314E-01
1.597500E+02 3.451340E-01
1.600000E+02 3.411667E-01
1.602500E+02 3.375451E-01
1.605000E+02 3.341091E-01
1.607500E+02 3.304902E-01
1.610000E+02 3.268062E-01
1.612500E+02 3.231942E-01
1.615000E+02 3.198964E-01
1.617500E+02 3.157666E-01
1.620000E+02 3.123955E-01
1.622500E+02 3.087035E-01
1.625000E+02 3.053759E-01
1.627500E+02 3.016098E-01
1.630000E+02 2.981202E-01
1.632500E+02 2.944260E-01
1.635000E+02 2.916253E-01
1.637500E+02 2.877645E-01
1.640000E+02 2.844367E-01
1.642500E+02 2.806677E-01
1.645000E+02 2.772991E-01
1.647500E+02 2.742199E-01
1.650000E+02 2.709141E-01
1.652500E+02 2.671415E-01
1.655000E+02 2.636443E-01
1.657500E+02 2.605486E-01
1.660000E+02 2.565423E-01
1.662500E+02 2.537237E-01
1.665000E+02 2.501583E-01
1.667500E+02 2.468621E-01
1.670000E+02 2.434538E-01
1.672500E+02 2.400427E-01
1.675000E+02 2.369553E-01
1.677500E+02 2.333801E-01
1.680000E+02 2.299755E-01
1.682500E+02 2.269869E-01
1.685000E+02 2.239391E-01
1.687500E+02 2.204879E-01
1.690000E+02 2.171216E-01
1.692500E+02 2.140216E-01
1.695000E+02 2.102650E-01
1.697500E+02 2.070487E-01
1.700000E+02 2.042427E-01
1.702500E+02 2.009428E-01
1.705000E+02 1.978592E-01
1.707500E+02 1.943459E-01
1.710000E+02 1.913431E-01
1.712500E+02 1.876718E-01
1.715000E+02 1.846482E-01
1.717500E+02 1.816832E-01
1.720000E+02 1.783187E-01
1.722500E+02 1.754748E-01
1.725000E+02 1.719457E-01
1.727500E+02 1.692306E-01
1.730000E+02 1.654907E-01
1.732500E+02 1.626123E-01
1.735000E+02 1.598542E-01
1.737500E+02 1.564050E-01
1.740000E+02 1.534431E-01
1.742500E+02 1.501338E-01
1.745000E+02 1.471288E-01
1.747500E+02 1.439243E-01
1.750000E+02 1.412948E-01
1.752500E+02 1.379077E-01
1.755000E+02 1.347929E-01
1.757500E+02 1.321742E-01
1.760000E+02 1.289094E-01
1.762500E+02 1.260863E-01
1.765000E+02 1.228062E-01
1.767500E+02 1.200649E-01
1.770000E+02 1.172712E-01
1.772500E+02 1.146292E-01
1.775000E+02 1.121324E-01
1.777500E+02 1.096275E-01
1.780000E+02 1.077057E-01
1.782500E+02 1.050954E-01
1.785000E+02 1.031785E-01
1.787500E+02 1.006978E-01
1.790000E+02 9.885682E-02
1.792500E+02 9.664988E-02
1.795000E+02 9.441302E-02
1.797500E+02 9.270490E-02
1.800000E+02 9.045108E-02
1.802500E+02 8.915187E-02
1.805000E+02 8.724849E-02
1.807500E+02 8.541968E-02
1.810000E+02 8.370686E-02
1.812500E+02 8.168602E-02
1.815000E+02 8.021578E-02
1.817500E+02 7.859954E-02
1.820000E+02 7.693250E-02
1.822500E+02 7.533872E-02
1.825000E+02 7.365496E-02
1.827500E+02 7.209143E-02
1.830000E+02 7.068506E-02
1.832500E+02 6.900522E-02
1.835000E+02 6.750438E-02
1.837500E+02 6.615400E-02
1.840000E+02 6.491285E-02
1.842500E+02 6.354044E-02
1.845000E+02 6.231323E-02
1.847500E+02 6.088219E-02
1.850000E+02 5.956706E-02
1.852500E+02 5.825797E-02
1.855000E+02 5.692494E-02
1.857500E+02 5.575213E-02
1.860000E+02 5.480556E-02
1.862500E+02 5.343683E-02
1.865000E+02 5.219476E-02
1.867500E+02 5.090440E-02
1.870000E+02 4.994979E-02
1.872500E+02 4.900626E-02
1.875000E+02 4.768515E-02
1.877500E+02 4.677316E-02
1.880000E+02 4.547670E-02
1.882500E+02 4.456714E-02
1.885000E+02 4.355275E-02
1.887500E+02 4.249786E-02
1.890000E+02 4.140403E-02
1.892500E+02 4.058358E-02
1.895000E+02 3.968746E-02
1.897500E+02 3.876210E-02
1.900000E+02 3.779916E-02
1.902500E+02 3.684970E-02
1.905000E+02 3.588742E-02
1.907500E+02 3.521342E-02
1.910000E+02 3.434552E-02
1.912500E+02 3.346411E-02
1.915000E+02 3.265556E-02
1.917500E+02 3.196280E-02
1.920000E+02 3.114571E-02
1.922500E+02 3.025752E-02
1.925000E+02 2.948310E-02
1.927500E+02 2.873373E-02
1.930000E+02 2.801948E-02
1.932500E+02 2.725636E-02
1.935000E+02 2.652229E-02
1.937500E+02 2.586081E-02
1.940000E+02 2.505889E-02
1.942500E+02 2.459879E-02
1.945000E+02 2.374940E-02
1.947500E+02 2.323007E-02
1.950000E+02 2.245204E-02
1.952500E+02 2.199863E-02
1.955000E+02 2.136085E-02
1.957500E+02 2.075220E-02
1.960000E+02 2.018371E-02
1.962500E+02 1.952396E-02
1.965000E+02 1.906958E-02
1.967500E+02 1.844881E-02
1.970000E+02 1.787291E-02
1.972500E+02 1.735487E-02
1.975000E+02 1.677732E-02
1.977500E+02 1.630011E-02
1.980000E+02 1.578481E-02
1.982500E+02 1.539434E-02
1.985000E+02 1.482055E-02
1.987500E+02 1.447467E-02
1.990000E+02 1.390670E-02
1.992500E+02 1.350450E-02
1.995000E+02 1.306336E-02
1.997500E+02 1.251695E-02
2.000000E+02 1.214380E-02
2.002500E+02 1.162802E-02
2.005000E+02 1.133754E-02
2.007500E+02 1.089276E-02
2.010000E+02 1.055128E-02
2.012500E+02 1.012428E-02
2.015000E+02 9.776037E-03
2.017500E+02 9.359740E-03
2.020000E+02 9.015043E-03
2.022500E+02 8.722573E-03
2.025000E+02 8.376699E-03
2.027500E+02 7.976417E-03
2.030000E+02 7.718826E-03
2.032500E+02 7.431606E-03
2.035000E+02 7.072528E-03
2.037500E+02 6.786693E-03
2.040000E+02 6.492889E-03
2.042500E+02 6.251795E-03
2.045000E+02 5.920032E-03
2.047500E+02 5.655866E-03
2.050000E+02 5.391428E-03
2.052500E+02 5.174608E-03
2.055000E+02 4.846394E-03
2.057500E+02 4.697104E-03
2.060000E+02 4.362780E-03
2.062500E+02 4.175724E-03
2.065000E+02 3.953739E-03
2.067500E+02 3.772257E-03
2.070000E+02 3.589959E-03
2.072500E+02 3.365083E-03
2.075000E+02 3.142117E-03
2.077500E+02 2.946923E-03
2.080000E+02 2.809613E-03
2.082500E+02 2.637898E-03
2.085000E+02 2.440315E-03
2.087500E+02 2.250615E-03
2.090000E+02 2.139834E-03
2.092500E+02 1.977907E-03
2.095000E+02 1.859755E-03
2.097500E+02 1.720053E-03
2.100000E+02 1.561731E-03
2.102500E+02 1.435614E-03
2.105000E+02 1.353994E-03
2.107500E+02 1.221172E-03
2.110000E+02 1.094477E-03
2.112500E+02 9.872686E-04
2.115000E+02 9.011802E-04
2.117500E+02 8.179057E-04
2.120000E+02 7.180284E-04
2.122500E+02 6.226174E-04
2.125000E+02 5.576499E-04
2.127500E+02 4.977612E-04
2.130000E+02 4.243357E-04
2.132500E+02 3.724833E-04
2.135000E+02 3.031692E-04
2.137500E+02 2.747060E-04
2.140000E+02 2.068857E-04
2.142500E+02 1.596289E-04
2.145000E+02 1.318529E-04
2.147500E+02 9.155110E-05
2.150000E+02 7.372529E-05
2.152500E+02 4.416358E-05
2.155000E+02 2.637465E-05
2.157500E+02 1.253764E-05
2.160000E+02 6.022674E-06
2.162500E+02 9.244242E-07
