2.500000E-01 0.000000E+00
5.000000E-01 0.000000E+00
7.500000E-01 0.000000E+00
1.000000E+00 0.000000E+00
1.250000E+00 0.000000E+00
1.500000E+00 0.000000E+00
1.750000E+00 0.000000E+00
2.000000E+00 0.000000E+00
2.250000E+00 0.000000E+00
2.500000E+00 0.000000E+00
2.750000E+00 0.000000E+00
3.000000E+00 0.000000E+00
3.250000E+00 0.000000E+00
3.500000E+00 1.036615E-01
3.750000E+00 7.201399E+00
4.000000E+00 4.856577E+01
4.250000E+00 8.780207E+01
4.500000E+00 8.104112E+01
4.750000E+00 5.608448E+01
5.000000E+00 3.552290E+01
5.250000E+00 2.250266E+01
5.500000E+00 1.514791E+01
5.750000E+00 1.130344E+01
6.000000E+00 9.448714E+00
6.250000E+00 8.492161E+00
6.500000E+00 7.591606E+00
6.750000E+00 6.526579E+00
7.000000E+00 5.515821E+00
7.250000E+00 4.814081E+00
7.500000E+00 4.530349E+00
7.750000E+00 4.879746E+00
8.000000E+00 5.997472E+00
8.250000E+00 7.445230E+00
8.500000E+00 8.253536E+00
8.750000E+00 7.964763E+00
9.000000E+00 6.940777E+00
9.250000E+00 5.730695E+00
9.500000E+00 4.709418E+00
9.750000E+00 3.937232E+00
1.000000E+01 3.410188E+00
1.025000E+01 3.030501E+00
1.050000E+01 2.747226E+00
1.075000E+01 2.512154E+00
1.100000E+01 2.318845E+00
1.125000E+01 2.170507E+00
1.150000E+01 2.072308E+00
1.175000E+01 2.049515E+00
1.200000E+01 2.086119E+00
1.225000E+01 2.160495E+00
1.250000E+01 2.216166E+00
1.275000E+01 2.222188E+00
1.300000E+01 2.164761E+00
1.325000E+01 2.049993E+00
1.350000E+01 1.917883E+00
1.375000E+01 1.789121E+00
1.400000E+01 1.673821E+00
1.425000E+01 1.577749E+00
1.450000E+01 1.503961E+00
1.475000E+01 1.445065E+00
1.500000E+01 1.390557E+00
1.525000E+01 1.357466E+00
1.550000E+01 1.330448E+00
1.575000E+01 1.315456E+00
1.600000E+01 1.305822E+00
1.625000E+01 1.304965E+00
1.650000E+01 1.296578E+00
1.675000E+01 1.292212E+00
1.700000E+01 1.279564E+00
1.725000E+01 1.264635E+00
1.750000E+01 1.241784E+00
1.775000E+01 1.219319E+00
1.800000E+01 1.197165E+00
1.825000E+01 1.174499E+00
1.850000E+01 1.155707E+00
1.875000E+01 1.138916E+00
1.900000E+01 1.126339E+00
1.925000E+01 1.115324E+00
1.950000E+01 1.108132E+00
1.975000E+01 1.102227E+00
2.000000E+01 1.095096E+00
2.025000E+01 1.092819E+00
2.050000E+01 1.089875E+00
2.075000E+01 1.085801E+00
2.100000E+01 1.082632E+00
2.125000E+01 1.077139E+00
2.150000E+01 1.071835E+00
2.175000E+01 1.067293E+00
2.200000E+01 1.060297E+00
2.225000E+01 1.055759E+00
2.250000E+01 1.051517E+00
2.275000E+01 1.047733E+00
2.300000E+01 1.043256E+00
2.325000E+01 1.040622E+00
2.350000E+01 1.040170E+00
2.375000E+01 1.035770E+00
2.400000E+01 1.033292E+00
2.425000E+01 1.031173E+00
2.450000E+01 1.031424E+00
2.475000E+01 1.029798E+00
2.500000E+01 1.027363E+00
2.525000E+01 1.028225E+00
2.550000E+01 1.026397E+00
2.575000E+01 1.022733E+00
2.600000E+01 1.022128E+00
2.625000E+01 1.020757E+00
2.650000E+01 1.019065E+00
2.675000E+01 1.018968E+00
2.700000E+01 1.017095E+00
2.725000E+01 1.015492E+00
2.750000E+01 1.015368E+00
2.775000E+01 1.016445E+00
2.800000E+01 1.014305E+00
2.825000E+01 1.014487E+00
2.850000E+01 1.012347E+00
2.875000E+01 1.013082E+00
2.900000E+01 1.012256E+00
2.925000E+01 1.011741E+00
2.950000E+01 1.009835E+00
2.975000E+01 1.009414E+00
3.000000E+01 1.010633E+00
3.025000E+01 1.008819E+00
3.050000E+01 1.009844E+00
3.075000E+01 1.009826E+00
3.100000E+01 1.006892E+00
3.125000E+01 1.006992E+00
3.150000E+01 1.006989E+00
3.175000E+01 1.008734E+00
3.200000E+01 1.008834E+00
3.225000E+01 1.007292E+00
3.250000E+01 1.007020E+00
3.275000E+01 1.006954E+00
3.300000E+01 1.006532E+00
3.325000E+01 1.005495E+00
3.350000E+01 1.005850E+00
3.375000E+01 1.004932E+00
3.400000E+01 1.004318E+00
3.425000E+01 1.005032E+00
3.450000E+01 1.005108E+00
3.475000E+01 1.006079E+00
3.500000E+01 1.006013E+00
3.525000E+01 1.004652E+00
3.550000E+01 1.004313E+00
3.575000E+01 1.004842E+00
3.600000E+01 1.005007E+00
3.625000E+01 1.003432E+00
3.650000E+01 1.004954E+00
3.675000E+01 1.003338E+00
3.700000E+01 1.004854E+00
3.725000E+01 1.003623E+00
3.750000E+01 1.003916E+00
3.775000E+01 1.003499E+00
3.800000E+01 1.003396E+00
3.825000E+01 1.003061E+00
3.850000E+01 1.002407E+00
3.875000E+01 1.003964E+00
3.900000E+01 1.003931E+00
3.925000E+01 1.003597E+00
3.950000E+01 1.002512E+00
3.975000E+01 1.003715E+00
4.000000E+01 1.003302E+00
4.025000E+01 1.003020E+00
4.050000E+01 1.003114E+00
4.075000E+01 1.002794E+00
4.100000E+01 1.003229E+00
4.125000E+01 1.003080E+00
4.150000E+01 1.002811E+00
4.175000E+01 1.004253E+00
4.200000E+01 1.002814E+00
4.225000E+01 1.001553E+00
4.250000E+01 1.002986E+00
4.275000E+01 1.002560E+00
4.300000E+01 1.002826E+00
4.325000E+01 1.002611E+00
4.350000E+01 1.003238E+00
4.375000E+01 1.002373E+00
4.400000E+01 1.002683E+00
4.425000E+01 1.003213E+00
4.450000E+01 1.001851E+00
4.475000E+01 1.002666E+00
4.500000E+01 1.002872E+00
4.525000E+01 1.002269E+00
4.550000E+01 1.002541E+00
4.575000E+01 1.001839E+00
4.600000E+01 1.002439E+00
4.625000E+01 1.002486E+00
4.650000E+01 1.003037E+00
4.675000E+01 1.002631E+00
4.700000E+01 1.001519E+00
4.725000E+01 1.002595E+00
4.750000E+01 1.002902E+00
4.775000E+01 1.001639E+00
4.800000E+01 1.002162E+00
4.825000E+01 1.001291E+00
4.850000E+01 1.002387E+00
4.875000E+01 1.001510E+00
4.900000E+01 1.002239E+00
4.925000E+01 1.002429E+00
4.950000E+01 1.001477E+00
4.975000E+01 1.001070E+00
5.000000E+01 1.002392E+00
5.025000E+01 1.002438E+00
5.050000E+01 1.001838E+00
5.075000E+01 1.001513E+00
5.100000E+01 1.001545E+00
5.125000E+01 1.000943E+00
5.150000E+01 1.001840E+00
5.175000E+01 1.002193E+00
5.200000E+01 1.001144E+00
5.225000E+01 1.001201E+00
5.250000E+01 1.000784E+00
5.275000E+01 1.000900E+00
5.300000E+01 1.001027E+00
5.325000E+01 1.001432E+00
5.350000E+01 1.001284E+00
5.375000E+01 1.001857E+00
5.400000E+01 1.001008E+00
5.425000E+01 1.001085E+00
5.450000E+01 1.000765E+00
5.475000E+01 1.001490E+00
5.500000E+01 1.001040E+00
5.525000E+01 1.001304E+00
5.550000E+01 1.001232E+00
5.575000E+01 1.001081E+00
5.600000E+01 1.001015E+00
5.625000E+01 1.000584E+00
5.650000E+01 1.000335E+00
5.675000E+01 1.001086E+00
5.700000E+01 1.001257E+00
5.725000E+01 1.001121E+00
5.750000E+01 1.001241E+00
5.775000E+01 1.000898E+00
5.800000E+01 1.001067E+00
5.825000E+01 1.001137E+00
5.850000E+01 1.000844E+00
5.875000E+01 1.001138E+00
5.900000E+01 1.000060E+00
5.925000E+01 1.000504E+00
5.950000E+01 1.000986E+00
5.975000E+01 1.000942E+00
6.000000E+01 1.000873E+00
6.025000E+01 1.000489E+00
6.050000E+01 1.000323E+00
6.075000E+01 1.000210E+00
6.100000E+01 1.000323E+00
6.125000E+01 1.000290E+00
6.150000E+01 1.000540E+00
6.175000E+01 1.000532E+00
6.200000E+01 1.000355E+00
6.225000E+01 1.000482E+00
6.250000E+01 1.000453E+00
6.275000E+01 1.000655E+00
6.300000E+01 1.000615E+00
6.325000E+01 1.000397E+00
6.350000E+01 1.000364E+00
6.375000E+01 9.997693E-01
6.400000E+01 9.996899E-01
6.425000E+01 1.000436E+00
6.450000E+01 9.999572E-01
6.475000E+01 1.000354E+00
6.500000E+01 1.000163E+00
6.525000E+01 1.000461E+00
6.550000E+01 1.000599E+00
6.575000E+01 1.000528E+00
6.600000E+01 1.000017E+00
6.625000E+01 1.000553E+00
6.650000E+01 1.000591E+00
6.675000E+01 1.000269E+00
6.700000E+01 1.000550E+00
6.725000E+01 1.000665E+00
6.750000E+01 1.000396E+00
6.775000E+01 1.000341E+00
6.800000E+01 1.000161E+00
6.825000E+01 1.000047E+00
6.850000E+01 1.000835E+00
6.875000E+01 1.000447E+00
6.900000E+01 1.000339E+00
6.925000E+01 1.000491E+00
6.950000E+01 1.000303E+00
6.975000E+01 1.000256E+00
7.000000E+01 1.000283E+00
7.025000E+01 1.000460E+00
7.050000E+01 1.000182E+00
7.075000E+01 9.999437E-01
7.100000E+01 1.000029E+00
7.125000E+01 1.000132E+00
7.150000E+01 1.000691E+00
7.175000E+01 1.000255E+00
7.200000E+01 9.997979E-01
7.225000E+01 1.000282E+00
7.250000E+01 1.000105E+00
7.275000E+01 1.000460E+00
7.300000E+01 1.000351E+00
7.325000E+01 1.000083E+00
7.350000E+01 9.999406E-01
7.375000E+01 9.996770E-01
7.400000E+01 9.997605E-01
7.425000E+01 9.997811E-01
7.450000E+01 1.000163E+00
7.475000E+01 1.000179E+00
7.500000E+01 9.999343E-01
7.525000E+01 1.000223E+00
7.550000E+01 1.000302E+00
7.575000E+01 9.999853E-01
7.600000E+01 1.000313E+00
7.625000E+01 1.000298E+00
7.650000E+01 9.998720E-01
7.675000E+01 9.998801E-01
7.700000E+01 9.998619E-01
7.725000E+01 9.995671E-01
7.750000E+01 1.000091E+00
7.775000E+01 9.996102E-01
7.800000E+01 9.995052E-01
7.825000E+01 1.000369E+00
7.850000E+01 1.000233E+00
7.875000E+01 9.999242E-01
7.900000E+01 9.998536E-01
7.925000E+01 9.996261E-01
7.950000E+01 9.994305E-01
7.975000E+01 9.996788E-01
8.000000E+01 1.000260E+00
8.025000E+01 9.998381E-01
8.050000E+01 1.000278E+00
8.075000E+01 9.997153E-01
8.100000E+01 1.000074E+00
8.125000E+01 9.998487E-01
8.150000E+01 9.994382E-01
8.175000E+01 9.996471E-01
8.200000E+01 9.992251E-01
8.225000E+01 9.995788E-01
8.250000E+01 9.996395E-01
8.275000E+01 9.996923E-01
8.300000E+01 1.000275E+00
8.325000E+01 9.996855E-01
8.350000E+01 9.996703E-01
8.375000E+01 9.997469E-01
8.400000E+01 9.998788E-01
8.425000E+01 9.999772E-01
8.450000E+01 9.992563E-01
8.475000E+01 9.995452E-01
8.500000E+01 9.994246E-01
8.525000E+01 9.994669E-01
8.550000E+01 9.993148E-01
8.575000E+01 9.998439E-01
8.600000E+01 9.991279E-01
8.625000E+01 9.997173E-01
8.650000E+01 9.993370E-01
8.675000E+01 9.990262E-01
8.700000E+01 9.995498E-01
8.725000E+01 9.994579E-01
8.750000E+01 9.994521E-01
8.775000E+01 9.993784E-01
8.800000E+01 9.995714E-01
8.825000E+01 9.996960E-01
8.850000E+01 9.990298E-01
8.875000E+01 9.994529E-01
8.900000E+01 9.997627E-01
8.925000E+01 9.991367E-01
8.950000E+01 9.993290E-01
8.975000E+01 9.994607E-01
9.000000E+01 9.990913E-01
9.025000E+01 9.994877E-01
9.050000E+01 9.989763E-01
9.075000E+01 9.991130E-01
9.100000E+01 9.994469E-01
9.125000E+01 9.984619E-01
9.150000E+01 9.994156E-01
9.175000E+01 9.995079E-01
9.200000E+01 9.988691E-01
9.225000E+01 9.989681E-01
9.250000E+01 9.991300E-01
9.275000E+01 9.991114E-01
9.300000E+01 9.990373E-01
9.325000E+01 9.990432E-01
9.350000E+01 9.993049E-01
9.375000E+01 9.991312E-01
9.400000E+01 9.987475E-01
9.425000E+01 9.993924E-01
9.450000E+01 9.991737E-01
9.475000E+01 9.990572E-01
9.500000E+01 9.994008E-01
9.525000E+01 9.988715E-01
9.550000E+01 9.991881E-01
9.575000E+01 9.990668E-01
9.600000E+01 9.989210E-01
9.625000E+01 9.991965E-01
9.650000E+01 9.990891E-01
9.675000E+01 9.988439E-01
9.700000E+01 9.986653E-01
9.725000E+01 9.988701E-01
9.750000E+01 9.990835E-01
9.775000E+01 9.991858E-01
9.800000E+01 9.990820E-01
9.825000E+01 9.992521E-01
9.850000E+01 9.987169E-01
9.875000E+01 9.989940E-01
9.900000E+01 9.989827E-01
9.925000E+01 9.990906E-01
9.950000E+01 9.989197E-01
9.975000E+01 9.989253E-01
1.000000E+02 9.989790E-01
1.002500E+02 9.991450E-01
1.005000E+02 9.991954E-01
1.007500E+02 9.991183E-01
1.010000E+02 9.995520E-01
1.012500E+02 9.991421E-01
1.015000E+02 9.988946E-01
1.017500E+02 9.992756E-01
1.020000E+02 9.991324E-01
1.022500E+02 9.992379E-01
1.025000E+02 9.995808E-01
1.027500E+02 9.987956E-01
1.030000E+02 9.988600E-01
1.032500E+02 9.989040E-01
1.035000E+02 9.990144E-01
1.037500E+02 9.990210E-01
1.040000E+02 9.989054E-01
1.042500E+02 9.991001E-01
1.045000E+02 9.989747E-01
1.047500E+02 9.987399E-01
1.050000E+02 9.992944E-01
1.052500E+02 9.986101E-01
1.055000E+02 9.989367E-01
1.057500E+02 9.991627E-01
1.060000E+02 9.991975E-01
1.062500E+02 9.989945E-01
1.065000E+02 9.991573E-01
1.067500E+02 9.986110E-01
1.070000E+02 9.989684E-01
1.072500E+02 9.988334E-01
1.075000E+02 9.991245E-01
1.077500E+02 9.988525E-01
1.080000E+02 9.987777E-01
1.082500E+02 9.987398E-01
1.085000E+02 9.992498E-01
1.087500E+02 9.987604E-01
1.090000E+02 9.988951E-01
1.092500E+02 9.988704E-01
1.095000E+02 9.988028E-01
1.097500E+02 9.989797E-01
1.100000E+02 9.987690E-01
1.102500E+02 9.985748E-01
1.105000E+02 9.989099E-01
1.107500E+02 9.990187E-01
1.110000E+02 9.987235E-01
1.112500E+02 9.989544E-01
1.115000E+02 9.987254E-01
1.117500E+02 9.985762E-01
1.120000E+02 9.986929E-01
1.122500E+02 9.987294E-01
1.125000E+02 9.986204E-01
1.127500E+02 9.987292E-01
1.130000E+02 9.984540E-01
1.132500E+02 9.987927E-01
1.135000E+02 9.988244E-01
1.137500E+02 9.990025E-01
1.140000E+02 9.986749E-01
1.142500E+02 9.986183E-01
1.145000E+02 9.988468E-01
1.147500E+02 9.990566E-01
1.150000E+02 9.987286E-01
1.152500E+02 9.988466E-01
1.155000E+02 9.986557E-01
1.157500E+02 9.985936E-01
1.160000E+02 9.985068E-01
1.162500E+02 9.985969E-01
1.165000E+02 9.985216E-01
1.167500E+02 9.988165E-01
1.170000E+02 9.986216E-01
1.172500E+02 9.985477E-01
1.175000E+02 9.988874E-01
1.177500E+02 9.988394E-01
1.180000E+02 9.983589E-01
1.182500E+02 9.987800E-01
1.185000E+02 9.981106E-01
1.187500E+02 9.984974E-01
1.190000E+02 9.983887E-01
1.192500E+02 9.984013E-01
1.195000E+02 9.987581E-01
1.197500E+02 9.984304E-01
1.200000E+02 9.985211E-01
1.202500E+02 9.984720E-01
1.205000E+02 9.986104E-01
1.207500E+02 9.981454E-01
1.210000E+02 9.986368E-01
1.212500E+02 9.984261E-01
1.215000E+02 9.987637E-01
1.217500E+02 9.985190E-01
1.220000E+02 9.985700E-01
1.222500E+02 9.987842E-01
1.225000E+02 9.984675E-01
1.227500E+02 9.983205E-01
1.230000E+02 9.982097E-01
1.232500E+02 9.983633E-01
1.235000E+02 9.985969E-01
1.237500E+02 9.983843E-01
1.240000E+02 9.983094E-01
1.242500E+02 9.984307E-01
1.245000E+02 9.987795E-01
1.247500E+02 9.981474E-01
1.250000E+02 9.953871E-01
1.252500E+02 9.897947E-01
1.255000E+02 9.836348E-01
1.257500E+02 9.774723E-01
1.260000E+02 9.717195E-01
1.262500E+02 9.659193E-01
1.265000E+02 9.603335E-01
1.267500E+02 9.545236E-01
1.270000E+02 9.481606E-01
1.272500E+02 9.425288E-01
1.275000E+02 9.368020E-01
1.277500E+02 9.309998E-01
1.280000E+02 9.251387E-01
1.282500E+02 9.195413E-01
1.285000E+02 9.142274E-01
1.287500E+02 9.080343E-01
1.290000E+02 9.026892E-01
1.292500E+02 8.969390E-01
1.295000E+02 8.909993E-01
1.297500E+02 8.857687E-01
1.300000E+02 8.799733E-01
1.302500E+02 8.747364E-01
1.305000E+02 8.693316E-01
1.307500E+02 8.639509E-01
1.310000E+02 8.583377E-01
1.312500E+02 8.527118E-01
1.315000E+02 8.476529E-01
1.317500E+02 8.418623E-01
1.320000E+02 8.367282E-01
1.322500E+02 8.316272E-01
1.325000E+02 8.259302E-01
1.327500E+02 8.208657E-01
1.330000E+02 8.152818E-01
1.332500E+02 8.100851E-01
1.335000E+02 8.048763E-01
1.337500E+02 7.995418E-01
1.340000E+02 7.943755E-01
1.342500E+02 7.892433E-01
1.345000E+02 7.837253E-01
1.347500E+02 7.788147E-01
1.350000E+02 7.738053E-01
1.352500E+02 7.687603E-01
1.355000E+02 7.636986E-01
1.357500E+02 7.585045E-01
1.360000E+02 7.535788E-01
1.362500E+02 7.485963E-01
1.365000E+02 7.433913E-01
1.367500E+02 7.381535E-01
1.370000E+02 7.331883E-01
1.372500E+02 7.284127E-01
1.375000E+02 7.236933E-01
1.377500E+02 7.184073E-01
1.380000E+02 7.133801E-01
1.382500E+02 7.086383E-01
1.385000E+02 7.038833E-01
1.387500E+02 6.992124E-01
1.390000E+02 6.939360E-01
1.392500E+02 6.891995E-01
1.395000E+02 6.844233E-01
1.397500E+02 6.797837E-01
1.400000E+02 6.748692E-01
1.402500E+02 6.701536E-01
1.405000E+02 6.653535E-01
1.407500E+02 6.607952E-01
1.410000E+02 6.558617E-01
1.412500E+02 6.512890E-01
1.415000E+02 6.464490E-01
1.417500E+02 6.416065E-01
1.420000E+02 6.373327E-01
1.422500E+02 6.324684E-01
1.425000E+02 6.279771E-01
1.427500E+02 6.233882E-01
1.430000E+02 6.189253E-01
1.432500E+02 6.144430E-01
1.435000E+02 6.097569E-01
1.437500E+02 6.053279E-01
1.440000E+02 6.007424E-01
1.442500E+02 5.960842E-01
1.445000E+02 5.916801E-01
1.447500E+02 5.872569E-01
1.450000E+02 5.827777E-01
1.452500E+02 5.783858E-01
1.455000E+02 5.739142E-01
1.457500E+02 5.695455E-01
1.460000E+02 5.650370E-01
1.462500E+02 5.609449E-01
1.465000E+02 5.562696E-01
1.467500E+02 5.520005E-01
1.470000E+02 5.476298E-01
1.472500E+02 5.433608E-01
1.475000E+02 5.390352E-01
1.477500E+02 5.346563E-01
1.480000E+02 5.307367E-01
1.482500E+02 5.262336E-01
1.485000E+02 5.219089E-01
1.487500E+02 5.174625E-01
1.490000E+02 5.135716E-01
1.492500E+02 5.093295E-01
1.495000E+02 5.050049E-01
1.497500E+02 5.008581E-01
1.500000E+02 4.968648E-01
1.502500E+02 4.928219E-01
1.505000E+02 4.883120E-01
1.507500E+02 4.843942E-01
1.510000E+02 4.804660E-01
1.512500E+02 4.764789E-01
1.515000E+02 4.721790E-01
1.517500E+02 4.681741E-01
1.520000E+02 4.640187E-01
1.522500E+02 4.600763E-01
1.525000E+02 4.560677E-01
1.527500E+02 4.519326E-01
1.530000E+02 4.478254E-01
1.532500E+02 4.440038E-01
1.535000E+02 4.401073E-01
1.537500E+02 4.360902E-01
1.540000E+02 4.321882E-01
1.542500E+02 4.282680E-01
1.545000E+02 4.241880E-01
1.547500E+02 4.204796E-01
1.550000E+02 4.163868E-01
1.552500E+02 4.126408E-01
1.555000E+02 4.086806E-01
1.557500E+02 4.048205E-01
1.560000E+02 4.010775E-01
1.562500E+02 3.970139E-01
1.565000E+02 3.931078E-01
1.567500E+02 3.896766E-01
1.570000E+02 3.858488E-01
1.572500E+02 3.819408E-01
1.575000E+02 3.781365E-01
1.577500E+02 3.743001E-01
1.580000E+02 3.707011E-01
1.582500E+02 3.669015E-01
1.585000E+02 3.632153E-01
1.587500E+02 3.596125E-01
1.590000E+02 3.559884E-01
1.592500E+02 3.522186E-01
1.595000E+02 3.485488E-01
1.597500E+02 3.447266E-01
1.600000E+02 3.411674E-01
1.602500E+02 3.374972E-01
1.605000E+02 3.339673E-01
1.607500E+02 3.303079E-01
1.610000E+02 3.265553E-01
1.612500E+02 3.230541E-01
1.615000E+02 3.195063E-01
1.617500E+02 3.159832E-01
1.620000E+02 3.123374E-01
1.622500E+02 3.087961E-01
1.625000E+02 3.051570E-01
1.627500E+02 3.016814E-01
1.630000E+02 2.981256E-01
1.632500E+02 2.945029E-01
1.635000E+02 2.911333E-01
1.637500E+02 2.878132E-01
1.640000E+02 2.842161E-01
1.642500E+02 2.807294E-01
1.645000E+02 2.772854E-01
1.647500E+02 2.737647E-01
1.650000E+02 2.702516E-01
1.652500E+02 2.668162E-01
1.655000E+02 2.635271E-01
1.657500E+02 2.600250E-01
1.660000E+02 2.567175E-01
1.662500E+02 2.534520E-01
1.665000E+02 2.499923E-01
1.667500E+02 2.465941E-01
1.670000E+02 2.431198E-01
1.672500E+02 2.400300E-01
1.675000E+02 2.366115E-01
1.677500E+02 2.331681E-01
1.680000E+02 2.300389E-01
1.682500E+02 2.265749E-01
1.685000E+02 2.232986E-01
1.687500E+02 2.201625E-01
1.690000E+02 2.167855E-01
1.692500E+02 2.134660E-01
1.695000E+02 2.102369E-01
1.697500E+02 2.070144E-01
1.700000E+02 2.037498E-01
1.702500E+02 2.004832E-01
1.705000E+02 1.973254E-01
1.707500E+02 1.940825E-01
1.710000E+02 1.909516E-01
1.712500E+02 1.877187E-01
1.715000E+02 1.845193E-01
1.717500E+02 1.813934E-01
1.720000E+02 1.781996E-01
1.722500E+02 1.750475E-01
1.725000E+02 1.719041E-01
1.727500E+02 1.687639E-01
1.730000E+02 1.656252E-01
1.732500E+02 1.625914E-01
1.735000E+02 1.593284E-01
1.737500E+02 1.562398E-01
1.740000E+02 1.532440E-01
1.742500E+02 1.501498E-01
1.745000E+02 1.470934E-01
1.747500E+02 1.440727E-01
1.750000E+02 1.409215E-01
1.752500E+02 1.378952E-01
1.755000E+02 1.348735E-01
1.757500E+02 1.319281E-01
1.760000E+02 1.288384E-01
1.762500E+02 1.258205E-01
1.765000E+02 1.227904E-01
1.767500E+02 1.197856E-01
1.770000E+02 1.172199E-01
1.772500E+02 1.145493E-01
1.775000E+02 1.120595E-01
1.777500E+02 1.096905E-01
1.780000E+02 1.073193E-01
1.782500E+02 1.051290E-01
1.785000E+02 1.028721E-01
1.787500E+02 1.006964E-01
1.790000E+02 9.869796E-02
1.792500E+02 9.660719E-02
1.795000E+02 9.460869E-02
1.797500E+02 9.264379E-02
1.800000E+02 9.075279E-02
1.802500E+02 8.885187E-02
1.805000E+02 8.701343E-02
1.807500E+02 8.520709E-02
1.810000E+02 8.346996E-02
1.812500E+02 8.176991E-02
1.815000E+02 8.004641E-02
1.817500E+02 7.842824E-02
1.820000E+02 7.671937E-02
1.822500E+02 7.514019E-02
1.825000E+02 7.361518E-02
1.827500E+02 7.207849E-02
1.830000E+02 7.062063E-02
1.832500E+02 6.905847E-02
1.835000E+02 6.762761E-02
1.837500E+02 6.618268E-02
1.840000E+02 6.484646E-02
1.842500E+02 6.342432E-02
1.845000E+02 6.210715E-02
1.847500E+02 6.077173E-02
1.850000E+02 5.947573E-02
1.852500E+02 5.820123E-02
1.855000E+02 5.697939E-02
1.857500E+02 5.573224E-02
1.860000E+02 5.453295E-02
1.862500E+02 5.334110E-02
1.865000E+02 5.211560E-02
1.867500E+02 5.103288E-02
1.870000E+02 4.986464E-02
1.872500E+02 4.879279E-02
1.875000E+02 4.764837E-02
1.877500E+02 4.663662E-02
1.880000E+02 4.548632E-02
1.882500E+02 4.448871E-02
1.885000E+02 4.350405E-02
1.887500E+02 4.247434E-02
1.890000E+02 4.152177E-02
1.892500E+02 4.059551E-02
1.895000E+02 3.956761E-02
1.897500E+02 3.866603E-02
1.900000E+02 3.775556E-02
1.902500E+02 3.690081E-02
1.905000E+02 3.597367E-02
1.907500E+02 3.510817E-02
1.910000E+02 3.428669E-02
1.912500E+02 3.342190E-02
1.915000E+02 3.256354E-02
1.917500E+02 3.178562E-02
1.920000E+02 3.097622E-02
1.922500E+02 3.019155E-02
1.925000E+02 2.944982E-02
1.927500E+02 2.869049E-02
1.930000E+02 2.796581E-02
1.932500E+02 2.721093E-02
1.935000E+02 2.654256E-02
1.937500E+02 2.585442E-02
1.940000E+02 2.514932E-02
1.942500E+02 2.446645E-02
1.945000E+02 2.384208E-02
1.947500E+02 2.315466E-02
1.950000E+02 2.254860E-02
1.952500E+02 2.190298E-02
1.955000E+02 2.128573E-02
1.957500E+02 2.072012E-02
1.960000E+02 2.008143E-02
1.962500E+02 1.951420E-02
1.965000E+02 1.890944E-02
1.967500E+02 1.840331E-02
1.970000E+02 1.783145E-02
1.972500E+02 1.731467E-02
1.975000E+02 1.677723E-02
1.977500E+02 1.629722E-02
1.980000E+02 1.578432E-02
1.982500E+02 1.527437E-02
1.985000E+02 1.482536E-02
1.987500E+02 1.432293E-02
1.990000E+02 1.386165E-02
1.992500E+02 1.341584E-02
1.995000E+02 1.297597E-02
1.997500E+02 1.254083E-02
2.000000E+02 1.209797E-02
2.002500E+02 1.169132E-02
2.005000E+02 1.127281E-02
2.007500E+02 1.088763E-02
2.010000E+02 1.049736E-02
2.012500E+02 1.013172E-02
2.015000E+02 9.707946E-03
2.017500E+02 9.363185E-03
2.020000E+02 9.018486E-03
2.022500E+02 8.686372E-03
2.025000E+02 8.322327E-03
2.027500E+02 8.002193E-03
2.030000E+02 7.665750E-03
2.032500E+02 7.353734E-03
2.035000E+02 7.059235E-03
2.037500E+02 6.765137E-03
2.040000E+02 6.471666E-03
2.042500E+02 6.192138E-03
2.045000E+02 5.912402E-03
2.047500E+02 5.638103E-03
2.050000E+02 5.382971E-03
2.052500E+02 5.118706E-03
2.055000E+02 4.884187E-03
2.057500E+02 4.627022E-03
2.060000E+02 4.414114E-03
2.062500E+02 4.172013E-03
2.065000E+02 3.969643E-03
2.067500E+02 3.751929E-03
2.070000E+02 3.544038E-03
2.072500E+02 3.331686E-03
2.075000E+02 3.146244E-03
2.077500E+02 2.963294E-03
2.080000E+02 2.780235E-03
2.082500E+02 2.614704E-03
2.085000E+02 2.450156E-03
2.087500E+02 2.285881E-03
2.090000E+02 2.129833E-03
2.092500E+02 1.984263E-03
2.095000E+02 1.839525E-03
2.097500E+02 1.696230E-03
2.100000E+02 1.568532E-03
2.102500E+02 1.446182E-03
2.105000E+02 1.318319E-03
2.107500E+02 1.202661E-03
2.110000E+02 1.096659E-03
2.112500E+02 9.949173E-04
2.115000E+02 8.949745E-04
2.117500E+02 8.069437E-04
2.120000E+02 7.187531E-04
2.122500E+02 6.351627E-04
2.125000E+02 5.596182E-04
2.127500E+02 4.871587E-04
2.130000E+02 4.223980E-04
2.132500E+02 3.607279E-04
2.135000E+02 3.041764E-04
2.137500E+02 2.516120E-04
2.140000E+02 2.061505E-04
2.142500E+02 1.653045E-04
2.145000E+02 1.279437E-04
2.147500E+02 9.592286E-05
2.150000E+02 6.796519E-05
2.152500E+02 4.642889E-05
2.155000E+02 2.779079E-05
2.157500E+02 1.480358E-05
2.160000E+02 5.348686E-06
2.162500E+02 7.237332E-07
