2.500000E-01 0.000000E+00
5.000000E-01 0.000000E+00
7.500000E-01 0.000000E+00
1.000000E+00 0.000000E+00
1.250000E+00 0.000000E+00
1.500000E+00 0.000000E+00
1.750000E+00 0.000000E+00
2.000000E+00 0.000000E+00
2.250000E+00 0.000000E+00
2.500000E+00 0.000000E+00
2.750000E+00 0.000000E+00
3.000000E+00 0.000000E+00
3.250000E+00 0.000000E+00
3.500000E+00 1.698158E-02
3.750000E+00 1.592482E+00
4.000000E+00 1.335245E+01
4.250000E+00 2.944206E+01
4.500000E+00 3.293927E+01
4.750000E+00 2.672517E+01
5.000000E+00 1.959387E+01
5.250000E+00 1.373589E+01
5.500000E+00 9.820605E+00
5.750000E+00 7.311571E+00
6.000000E+00 5.764989E+00
6.250000E+00 4.830392E+00
6.500000E+00 4.122469E+00
6.750000E+00 3.453490E+00
7.000000E+00 2.886869E+00
7.250000E+00 2.432445E+00
7.500000E+00 2.105601E+00
7.750000E+00 1.912345E+00
8.000000E+00 1.822220E+00
8.250000E+00 1.813253E+00
8.500000E+00 1.822703E+00
8.750000E+00 1.783828E+00
9.000000E+00 1.694187E+00
9.250000E+00 1.584566E+00
9.500000E+00 1.471599E+00
9.750000E+00 1.384370E+00
1.000000E+01 1.305127E+00
1.025000E+01 1.247301E+00
1.050000E+01 1.206513E+00
1.075000E+01 1.167766E+00
1.100000E+01 1.139089E+00
1.125000E+01 1.116681E+00
1.150000E+01 1.101102E+00
1.175000E+01 1.070742E+00
1.200000E+01 1.068675E+00
1.225000E+01 1.061133E+00
1.250000E+01 1.050672E+00
1.275000E+01 1.055451E+00
1.300000E+01 1.047989E+00
1.325000E+01 1.050421E+00
1.350000E+01 1.044005E+00
1.375000E+01 1.036946E+00
1.400000E+01 1.032702E+00
1.425000E+01 1.032658E+00
1.450000E+01 1.030032E+00
1.475000E+01 1.027073E+00
1.500000E+01 1.020610E+00
1.525000E+01 1.023598E+00
1.550000E+01 1.017167E+00
1.575000E+01 1.019150E+00
1.600000E+01 1.016769E+00
1.625000E+01 1.017558E+00
1.650000E+01 1.018769E+00
1.675000E+01 1.016476E+00
1.700000E+01 1.017739E+00
1.725000E+01 1.019074E+00
1.750000E+01 1.013815E+00
1.775000E+01 1.014895E+00
1.800000E+01 1.017606E+00
1.825000E+01 1.015264E+00
1.850000E+01 1.013633E+00
1.875000E+01 1.009685E+00
1.900000E+01 1.013555E+00
1.925000E+01 1.011099E+00
1.950000E+01 1.011866E+00
1.975000E+01 1.013039E+00
2.000000E+01 1.010171E+00
2.025000E+01 1.010849E+00
2.050000E+01 1.010453E+00
2.075000E+01 1.010245E+00
2.100000E+01 1.010277E+00
2.125000E+01 1.009335E+00
2.150000E+01 1.011873E+00
2.175000E+01 1.012866E+00
2.200000E+01 1.011176E+00
2.225000E+01 1.013536E+00
2.250000E+01 1.009315E+00
2.275000E+01 1.010804E+00
2.300000E+01 1.006618E+00
2.325000E+01 1.009488E+00
2.350000E+01 1.009526E+00
2.375000E+01 1.009300E+00
2.400000E+01 1.012147E+00
2.425000E+01 1.005018E+00
2.450000E+01 1.010810E+00
2.475000E+01 1.007271E+00
2.500000E+01 1.008523E+00
2.525000E+01 1.008849E+00
2.550000E+01 1.009731E+00
2.575000E+01 1.009300E+00
2.600000E+01 1.010521E+00
2.625000E+01 1.008392E+00
2.650000E+01 1.006811E+00
2.675000E+01 1.011259E+00
2.700000E+01 1.010289E+00
2.725000E+01 1.009239E+00
2.750000E+01 1.005339E+00
2.775000E+01 1.005791E+00
2.800000E+01 1.007889E+00
2.825000E+01 1.009586E+00
2.850000E+01 1.010040E+00
2.875000E+01 1.007920E+00
2.900000E+01 1.008644E+00
2.925000E+01 1.004834E+00
2.950000E+01 1.004973E+00
2.975000E+01 1.007078E+00
3.000000E+01 1.007933E+00
3.025000E+01 1.008430E+00
3.050000E+01 1.008953E+00
3.075000E+01 1.007331E+00
3.100000E+01 1.008162E+00
3.125000E+01 1.004307E+00
3.150000E+01 1.008331E+00
3.175000E+01 1.006719E+00
3.200000E+01 1.009019E+00
3.225000E+01 1.006955E+00
3.250000E+01 1.006397E+00
3.275000E+01 1.007129E+00
3.300000E+01 1.006015E+00
3.325000E+01 1.006723E+00
3.350000E+01 1.005827E+00
3.375000E+01 1.006603E+00
3.400000E+01 1.004678E+00
3.425000E+01 1.005761E+00
3.450000E+01 1.007224E+00
3.475000E+01 1.006561E+00
3.500000E+01 1.007046E+00
3.525000E+01 1.005680E+00
3.550000E+01 1.005052E+00
3.575000E+01 1.004570E+00
3.600000E+01 1.006146E+00
3.625000E+01 1.005544E+00
3.650000E+01 1.005675E+00
3.675000E+01 1.005488E+00
3.700000E+01 1.004700E+00
3.725000E+01 1.005958E+00
3.750000E+01 1.006681E+00
3.775000E+01 1.006139E+00
3.800000E+01 1.004114E+00
3.825000E+01 1.006224E+00
3.850000E+01 1.005349E+00
3.875000E+01 1.004446E+00
3.900000E+01 1.004932E+00
3.925000E+01 1.006042E+00
3.950000E+01 1.007511E+00
3.975000E+01 1.004207E+00
4.000000E+01 1.006588E+00
4.025000E+01 1.005867E+00
4.050000E+01 1.005355E+00
4.075000E+01 1.005549E+00
4.100000E+01 1.004003E+00
4.125000E+01 1.005431E+00
4.150000E+01 1.004912E+00
4.175000E+01 1.005787E+00
4.200000E+01 1.003948E+00
4.225000E+01 1.006112E+00
4.250000E+01 1.005727E+00
4.275000E+01 1.005825E+00
4.300000E+01 1.004053E+00
4.325000E+01 1.004873E+00
4.350000E+01 1.006014E+00
4.375000E+01 1.003782E+00
4.400000E+01 1.003250E+00
4.425000E+01 1.005896E+00
4.450000E+01 1.005732E+00
4.475000E+01 1.005342E+00
4.500000E+01 1.004334E+00
4.525000E+01 1.005257E+00
4.550000E+01 1.003394E+00
4.575000E+01 1.003293E+00
4.600000E+01 1.003504E+00
4.625000E+01 1.004407E+00
4.650000E+01 1.003230E+00
4.675000E+01 1.004921E+00
4.700000E+01 1.005293E+00
4.725000E+01 1.004515E+00
4.750000E+01 1.006465E+00
4.775000E+01 1.004444E+00
4.800000E+01 1.003656E+00
4.825000E+01 1.002780E+00
4.850000E+01 1.001708E+00
4.875000E+01 1.005007E+00
4.900000E+01 1.002787E+00
4.925000E+01 1.003700E+00
4.950000E+01 1.005024E+00
4.975000E+01 1.003640E+00
5.000000E+01 1.005536E+00
5.025000E+01 1.004946E+00
5.050000E+01 1.004787E+00
5.075000E+01 1.004054E+00
5.100000E+01 1.004050E+00
5.125000E+01 1.003458E+00
5.150000E+01 1.003873E+00
5.175000E+01 1.002439E+00
5.200000E+01 1.002789E+00
5.225000E+01 1.003995E+00
5.250000E+01 1.003655E+00
5.275000E+01 1.003802E+00
5.300000E+01 1.003691E+00
5.325000E+01 1.004110E+00
5.350000E+01 1.004758E+00
5.375000E+01 1.006057E+00
5.400000E+01 1.004130E+00
5.425000E+01 1.003531E+00
5.450000E+01 1.003659E+00
5.475000E+01 1.004226E+00
5.500000E+01 1.003290E+00
5.525000E+01 1.003862E+00
5.550000E+01 1.004002E+00
5.575000E+01 1.002149E+00
5.600000E+01 1.002650E+00
5.625000E+01 1.002420E+00
5.650000E+01 1.002902E+00
5.675000E+01 1.003302E+00
5.700000E+01 1.002691E+00
5.725000E+01 1.003879E+00
5.750000E+01 1.003781E+00
5.775000E+01 1.003587E+00
5.800000E+01 1.001720E+00
5.825000E+01 1.004102E+00
5.850000E+01 1.002239E+00
5.875000E+01 1.003914E+00
5.900000E+01 1.003606E+00
5.925000E+01 1.003784E+00
5.950000E+01 1.003189E+00
5.975000E+01 1.002987E+00
6.000000E+01 1.003494E+00
6.025000E+01 1.002739E+00
6.050000E+01 1.003971E+00
6.075000E+01 1.003622E+00
6.100000E+01 1.002213E+00
6.125000E+01 1.003196E+00
6.150000E+01 1.003218E+00
6.175000E+01 1.002426E+00
6.200000E+01 1.002220E+00
6.225000E+01 1.002214E+00
6.250000E+01 1.003894E+00
6.275000E+01 1.003024E+00
6.300000E+01 1.002695E+00
6.325000E+01 1.002942E+00
6.350000E+01 1.004122E+00
6.375000E+01 1.002314E+00
6.400000E+01 1.003962E+00
6.425000E+01 1.003585E+00
6.450000E+01 1.002369E+00
6.475000E+01 1.000234E+00
6.500000E+01 1.002750E+00
6.525000E+01 1.002251E+00
6.550000E+01 1.002848E+00
6.575000E+01 1.003219E+00
6.600000E+01 1.003008E+00
6.625000E+01 1.003485E+00
6.650000E+01 1.002275E+00
6.675000E+01 1.003265E+00
6.700000E+01 1.001715E+00
6.725000E+01 1.003899E+00
6.750000E+01 1.001957E+00
6.775000E+01 1.003567E+00
6.800000E+01 1.003008E+00
6.825000E+01 1.001291E+00
6.850000E+01 1.003309E+00
6.875000E+01 1.003336E+00
6.900000E+01 1.002224E+00
6.925000E+01 1.002757E+00
6.950000E+01 1.001439E+00
6.975000E+01 1.003582E+00
7.000000E+01 1.001661E+00
7.025000E+01 1.002602E+00
7.050000E+01 1.003453E+00
7.075000E+01 1.001764E+00
7.100000E+01 1.002929E+00
7.125000E+01 1.002710E+00
7.150000E+01 1.002094E+00
7.175000E+01 1.002899E+00
7.200000E+01 1.002243E+00
7.225000E+01 1.002118E+00
7.250000E+01 1.002077E+00
7.275000E+01 1.003099E+00
7.300000E+01 1.002012E+00
7.325000E+01 1.002848E+00
7.350000E+01 1.001763E+00
7.375000E+01 1.000590E+00
7.400000E+01 1.003067E+00
7.425000E+01 1.001831E+00
7.450000E+01 1.002571E+00
7.475000E+01 1.002580E+00
7.500000E+01 1.002569E+00
7.525000E+01 1.001833E+00
7.550000E+01 1.001730E+00
7.575000E+01 1.002687E+00
7.600000E+01 1.001723E+00
7.625000E+01 1.002978E+00
7.650000E+01 1.001398E+00
7.675000E+01 1.002254E+00
7.700000E+01 1.002896E+00
7.725000E+01 1.001924E+00
7.750000E+01 1.001785E+00
7.775000E+01 1.001107E+00
7.800000E+01 1.002370E+00
7.825000E+01 1.002540E+00
7.850000E+01 1.002299E+00
7.875000E+01 1.001355E+00
7.900000E+01 1.001017E+00
7.925000E+01 1.002363E+00
7.950000E+01 1.001549E+00
7.975000E+01 1.002145E+00
8.000000E+01 1.001826E+00
8.025000E+01 1.001647E+00
8.050000E+01 1.002438E+00
8.075000E+01 1.000547E+00
8.100000E+01 1.001332E+00
8.125000E+01 1.003472E+00
8.150000E+01 1.002223E+00
8.175000E+01 1.001833E+00
8.200000E+01 1.001679E+00
8.225000E+01 1.001178E+00
8.250000E+01 1.001624E+00
8.275000E+01 1.001543E+00
8.300000E+01 1.002320E+00
8.325000E+01 1.001754E+00
8.350000E+01 1.002287E+00
8.375000E+01 1.002364E+00
8.400000E+01 1.001672E+00
8.425000E+01 1.002454E+00
8.450000E+01 1.001295E+00
8.475000E+01 1.002310E+00
8.500000E+01 1.002569E+00
8.525000E+01 1.001949E+00
8.550000E+01 1.002242E+00
8.575000E+01 1.001974E+00
8.600000E+01 1.001453E+00
8.625000E+01 1.002407E+00
8.650000E+01 1.002430E+00
8.675000E+01 1.001621E+00
8.700000E+01 1.001478E+00
8.725000E+01 1.001031E+00
8.750000E+01 1.002154E+00
8.775000E+01 1.002114E+00
8.800000E+01 1.002855E+00
8.825000E+01 1.001790E+00
8.850000E+01 1.001378E+00
8.875000E+01 1.001650E+00
8.900000E+01 1.001846E+00
8.925000E+01 1.001401E+00
8.950000E+01 1.001604E+00
8.975000E+01 1.002474E+00
9.000000E+01 1.001587E+00
9.025000E+01 1.001719E+00
9.050000E+01 1.001453E+00
9.075000E+01 1.001876E+00
9.100000E+01 1.001421E+00
9.125000E+01 1.002144E+00
9.150000E+01 1.002253E+00
9.175000E+01 1.001574E+00
9.200000E+01 1.001557E+00
9.225000E+01 1.002276E+00
9.250000E+01 1.001680E+00
9.275000E+01 1.001233E+00
9.300000E+01 1.002023E+00
9.325000E+01 1.002100E+00
9.350000E+01 1.002305E+00
9.375000E+01 1.001518E+00
9.400000E+01 1.001746E+00
9.425000E+01 1.001804E+00
9.450000E+01 1.001799E+00
9.475000E+01 1.003035E+00
9.500000E+01 1.001710E+00
9.525000E+01 1.001976E+00
9.550000E+01 1.002563E+00
9.575000E+01 1.001390E+00
9.600000E+01 1.001534E+00
9.625000E+01 1.002287E+00
9.650000E+01 1.001807E+00
9.675000E+01 1.002298E+00
9.700000E+01 1.001494E+00
9.725000E+01 1.001325E+00
9.750000E+01 1.002330E+00
9.775000E+01 1.002523E+00
9.800000E+01 1.001924E+00
9.825000E+01 1.001528E+00
9.850000E+01 1.001775E+00
9.875000E+01 1.001353E+00
9.900000E+01 1.001018E+00
9.925000E+01 1.001642E+00
9.950000E+01 1.002063E+00
9.975000E+01 1.002477E+00
1.000000E+02 1.001160E+00
1.002500E+02 1.001985E+00
1.005000E+02 1.002243E+00
1.007500E+02 1.002674E+00
1.010000E+02 1.002050E+00
1.012500E+02 1.001724E+00
1.015000E+02 1.001244E+00
1.017500E+02 1.002337E+00
1.020000E+02 1.001425E+00
1.022500E+02 1.002422E+00
1.025000E+02 1.002015E+00
1.027500E+02 1.001843E+00
1.030000E+02 1.001868E+00
1.032500E+02 1.002060E+00
1.035000E+02 1.001769E+00
1.037500E+02 1.002039E+00
1.040000E+02 1.001869E+00
1.042500E+02 1.002420E+00
1.045000E+02 1.001745E+00
1.047500E+02 1.000928E+00
1.050000E+02 1.001909E+00
1.052500E+02 1.002147E+00
1.055000E+02 1.001067E+00
1.057500E+02 1.002001E+00
1.060000E+02 1.001390E+00
1.062500E+02 1.001451E+00
1.065000E+02 1.001626E+00
1.067500E+02 1.001686E+00
1.070000E+02 1.002206E+00
1.072500E+02 1.002040E+00
1.075000E+02 1.001230E+00
1.077500E+02 1.001416E+00
1.080000E+02 1.001664E+00
1.082500E+02 1.001605E+00
1.085000E+02 1.001689E+00
1.087500E+02 1.000727E+00
1.090000E+02 1.001847E+00
1.092500E+02 1.001036E+00
1.095000E+02 1.001342E+00
1.097500E+02 1.001630E+00
1.100000E+02 1.001534E+00
1.102500E+02 1.001474E+00
1.105000E+02 1.001633E+00
1.107500E+02 1.001622E+00
1.110000E+02 1.001789E+00
1.112500E+02 1.001595E+00
1.115000E+02 1.001645E+00
1.117500E+02 1.000684E+00
1.120000E+02 1.001139E+00
1.122500E+02 1.001457E+00
1.125000E+02 1.001270E+00
1.127500E+02 1.001648E+00
1.130000E+02 1.001232E+00
1.132500E+02 1.001378E+00
1.135000E+02 1.001661E+00
1.137500E+02 1.000605E+00
1.140000E+02 1.000241E+00
1.142500E+02 1.001257E+00
1.145000E+02 1.001770E+00
1.147500E+02 1.000555E+00
1.150000E+02 1.001203E+00
1.152500E+02 1.001671E+00
1.155000E+02 1.001185E+00
1.157500E+02 1.001272E+00
1.160000E+02 1.001387E+00
1.162500E+02 1.001331E+00
1.165000E+02 1.000612E+00
1.167500E+02 1.001610E+00
1.170000E+02 1.000923E+00
1.172500E+02 1.001139E+00
1.175000E+02 1.001713E+00
1.177500E+02 1.001102E+00
1.180000E+02 1.001152E+00
1.182500E+02 1.001569E+00
1.185000E+02 1.000963E+00
1.187500E+02 1.001409E+00
1.190000E+02 1.001484E+00
1.192500E+02 1.001259E+00
1.195000E+02 1.000934E+00
1.197500E+02 1.000943E+00
1.200000E+02 1.001381E+00
1.202500E+02 1.001023E+00
1.205000E+02 1.001609E+00
1.207500E+02 1.001683E+00
1.210000E+02 1.001197E+00
1.212500E+02 1.001626E+00
1.215000E+02 1.001534E+00
1.217500E+02 1.000818E+00
1.220000E+02 1.001007E+00
1.222500E+02 1.001317E+00
1.225000E+02 1.001654E+00
1.227500E+02 1.000691E+00
1.230000E+02 1.001405E+00
1.232500E+02 1.001598E+00
1.235000E+02 1.001091E+00
1.237500E+02 1.001447E+00
1.240000E+02 1.001336E+00
1.242500E+02 1.000741E+00
1.245000E+02 1.000697E+00
1.247500E+02 1.001025E+00
1.250000E+02 9.986316E-01
1.252500E+02 9.920249E-01
1.255000E+02 9.862209E-01
1.257500E+02 9.800479E-01
1.260000E+02 9.743775E-01
1.262500E+02 9.681500E-01
1.265000E+02 9.627692E-01
1.267500E+02 9.563939E-01
1.270000E+02 9.507188E-01
1.272500E+02 9.452810E-01
1.275000E+02 9.397836E-01
1.277500E+02 9.338917E-01
1.280000E+02 9.277701E-01
1.282500E+02 9.224352E-01
1.285000E+02 9.170550E-01
1.287500E+02 9.105215E-01
1.290000E+02 9.049594E-01
1.292500E+02 8.990125E-01
1.295000E+02 8.941245E-01
1.297500E+02 8.888797E-01
1.300000E+02 8.828287E-01
1.302500E+02 8.773162E-01
1.305000E+02 8.719035E-01
1.307500E+02 8.659587E-01
1.310000E+02 8.607180E-01
1.312500E+02 8.550802E-01
1.315000E+02 8.498587E-01
1.317500E+02 8.445407E-01
1.320000E+02 8.392563E-01
1.322500E+02 8.338774E-01
1.325000E+02 8.293185E-01
1.327500E+02 8.231803E-01
1.330000E+02 8.181166E-01
1.332500E+02 8.121250E-01
1.335000E+02 8.077079E-01
1.337500E+02 8.015392E-01
1.340000E+02 7.969331E-01
1.342500E+02 7.924035E-01
1.345000E+02 7.862950E-01
1.347500E+02 7.813828E-01
1.350000E+02 7.761905E-01
1.352500E+02 7.710663E-01
1.355000E+02 7.659513E-01
1.357500E+02 7.610317E-01
1.360000E+02 7.557151E-01
1.362500E+02 7.504831E-01
1.365000E+02 7.457081E-01
1.367500E+02 7.403673E-01
1.370000E+02 7.354046E-01
1.372500E+02 7.301590E-01
1.375000E+02 7.256812E-01
1.377500E+02 7.203547E-01
1.380000E+02 7.156687E-01
1.382500E+02 7.109328E-01
1.385000E+02 7.059545E-01
1.387500E+02 7.011855E-01
1.390000E+02 6.959387E-01
1.392500E+02 6.920198E-01
1.395000E+02 6.864309E-01
1.397500E+02 6.811825E-01
1.400000E+02 6.770756E-01
1.402500E+02 6.723166E-01
1.405000E+02 6.673369E-01
1.407500E+02 6.626801E-01
1.410000E+02 6.577645E-01
1.412500E+02 6.529710E-01
1.415000E+02 6.478923E-01
1.417500E+02 6.440489E-01
1.420000E+02 6.389272E-01
1.422500E+02 6.344434E-01
1.425000E+02 6.301224E-01
1.427500E+02 6.254770E-01
1.430000E+02 6.208003E-01
1.432500E+02 6.160537E-01
1.435000E+02 6.115034E-01
1.437500E+02 6.068627E-01
1.440000E+02 6.023393E-01
1.442500E+02 5.979541E-01
1.445000E+02 5.934076E-01
1.447500E+02 5.887472E-01
1.450000E+02 5.846426E-01
1.452500E+02 5.800217E-01
1.455000E+02 5.757158E-01
1.457500E+02 5.715422E-01
1.460000E+02 5.669711E-01
1.462500E+02 5.624191E-01
1.465000E+02 5.579311E-01
1.467500E+02 5.538624E-01
1.470000E+02 5.495507E-01
1.472500E+02 5.448830E-01
1.475000E+02 5.405176E-01
1.477500E+02 5.364343E-01
1.480000E+02 5.319766E-01
1.482500E+02 5.278139E-01
1.485000E+02 5.234671E-01
1.487500E+02 5.188562E-01
1.490000E+02 5.153694E-01
1.492500E+02 5.110139E-01
1.495000E+02 5.064944E-01
1.497500E+02 5.028966E-01
1.500000E+02 4.981596E-01
1.502500E+02 4.940133E-01
1.505000E+02 4.897991E-01
1.507500E+02 4.857504E-01
1.510000E+02 4.816386E-01
1.512500E+02 4.774627E-01
1.515000E+02 4.732965E-01
1.517500E+02 4.696809E-01
1.520000E+02 4.654099E-01
1.522500E+02 4.615040E-01
1.525000E+02 4.573677E-01
1.527500E+02 4.532352E-01
1.530000E+02 4.493877E-01
1.532500E+02 4.452997E-01
1.535000E+02 4.415277E-01
1.537500E+02 4.372116E-01
1.540000E+02 4.337670E-01
1.542500E+02 4.292974E-01
1.545000E+02 4.256653E-01
1.547500E+02 4.215127E-01
1.550000E+02 4.172696E-01
1.552500E+02 4.135454E-01
1.555000E+02 4.100941E-01
1.557500E+02 4.061462E-01
1.560000E+02 4.022269E-01
1.562500E+02 3.981736E-01
1.565000E+02 3.944496E-01
1.567500E+02 3.903512E-01
1.570000E+02 3.868663E-01
1.572500E+02 3.831598E-01
1.575000E+02 3.791840E-01
1.577500E+02 3.753279E-01
1.580000E+02 3.716097E-01
1.582500E+02 3.679334E-01
1.585000E+02 3.640455E-01
1.587500E+02 3.608211E-01
1.590000E+02 3.565598E-01
1.592500E+02 3.527167E-01
1.595000E+02 3.494985E-01
1.597500E+02 3.456327E-01
1.600000E+02 3.417645E-01
1.602500E+02 3.383430E-01
1.605000E+02 3.350016E-01
1.607500E+02 3.309703E-01
1.610000E+02 3.273591E-01
1.612500E+02 3.239641E-01
1.615000E+02 3.204706E-01
1.617500E+02 3.168049E-01
1.620000E+02 3.131968E-01
1.622500E+02 3.092231E-01
1.625000E+02 3.059798E-01
1.627500E+02 3.021674E-01
1.630000E+02 2.989945E-01
1.632500E+02 2.952842E-01
1.635000E+02 2.918132E-01
1.637500E+02 2.882720E-01
1.640000E+02 2.850034E-01
1.642500E+02 2.815358E-01
1.645000E+02 2.779931E-01
1.647500E+02 2.743500E-01
1.650000E+02 2.711734E-01
1.652500E+02 2.679128E-01
1.655000E+02 2.643975E-01
1.657500E+02 2.607845E-01
1.660000E+02 2.573842E-01
1.662500E+02 2.541091E-01
1.665000E+02 2.505785E-01
1.667500E+02 2.473082E-01
1.670000E+02 2.440604E-01
1.672500E+02 2.406885E-01
1.675000E+02 2.372220E-01
1.677500E+02 2.338124E-01
1.680000E+02 2.302745E-01
1.682500E+02 2.271208E-01
1.685000E+02 2.239731E-01
1.687500E+02 2.209099E-01
1.690000E+02 2.174869E-01
1.692500E+02 2.141059E-01
1.695000E+02 2.106048E-01
1.697500E+02 2.074026E-01
1.700000E+02 2.042611E-01
1.702500E+02 2.008685E-01
1.705000E+02 1.978895E-01
1.707500E+02 1.947881E-01
1.710000E+02 1.913745E-01
1.712500E+02 1.881089E-01
1.715000E+02 1.851147E-01
1.717500E+02 1.816634E-01
1.720000E+02 1.786081E-01
1.722500E+02 1.754644E-01
1.725000E+02 1.722619E-01
1.727500E+02 1.693033E-01
1.730000E+02 1.659840E-01
1.732500E+02 1.629444E-01
1.735000E+02 1.596900E-01
1.737500E+02 1.569620E-01
1.740000E+02 1.533947E-01
1.742500E+02 1.505544E-01
1.745000E+02 1.473054E-01
1.747500E+02 1.444890E-01
1.750000E+02 1.412133E-01
1.752500E+02 1.382985E-01
1.755000E+02 1.353324E-01
1.757500E+02 1.321060E-01
1.760000E+02 1.291659E-01
1.762500E+02 1.261858E-01
1.765000E+02 1.230488E-01
1.767500E+02 1.202234E-01
1.770000E+02 1.174860E-01
1.772500E+02 1.149762E-01
1.775000E+02 1.123486E-01
1.777500E+02 1.100996E-01
1.780000E+02 1.076173E-01
1.782500E+02 1.054657E-01
1.785000E+02 1.031901E-01
1.787500E+02 1.010314E-01
1.790000E+02 9.885768E-02
1.792500E+02 9.686484E-02
1.795000E+02 9.492639E-02
1.797500E+02 9.288027E-02
1.800000E+02 9.093257E-02
1.802500E+02 8.903283E-02
1.805000E+02 8.721534E-02
1.807500E+02 8.546314E-02
1.810000E+02 8.371454E-02
1.812500E+02 8.177857E-02
1.815000E+02 8.035768E-02
1.817500E+02 7.868200E-02
1.820000E+02 7.693898E-02
1.822500E+02 7.532427E-02
1.825000E+02 7.382712E-02
1.827500E+02 7.229985E-02
1.830000E+02 7.083763E-02
1.832500E+02 6.938785E-02
1.835000E+02 6.784568E-02
1.837500E+02 6.633151E-02
1.840000E+02 6.492892E-02
1.842500E+02 6.355804E-02
1.845000E+02 6.234176E-02
1.847500E+02 6.093500E-02
1.850000E+02 5.963545E-02
1.852500E+02 5.845275E-02
1.855000E+02 5.707775E-02
1.857500E+02 5.584536E-02
1.860000E+02 5.470733E-02
1.862500E+02 5.349026E-02
1.865000E+02 5.224347E-02
1.867500E+02 5.109819E-02
1.870000E+02 5.010885E-02
1.872500E+02 4.883570E-02
1.875000E+02 4.776798E-02
1.877500E+02 4.672531E-02
1.880000E+02 4.567666E-02
1.882500E+02 4.464934E-02
1.885000E+02 4.362582E-02
1.887500E+02 4.251369E-02
1.890000E+02 4.162508E-02
1.892500E+02 4.058173E-02
1.895000E+02 3.967757E-02
1.897500E+02 3.871649E-02
1.900000E+02 3.777886E-02
1.902500E+02 3.688511E-02
1.905000E+02 3.602378E-02
1.907500E+02 3.523933E-02
1.910000E+02 3.435695E-02
1.912500E+02 3.356245E-02
1.915000E+02 3.270292E-02
1.917500E+02 3.183270E-02
1.920000E+02 3.107981E-02
1.922500E+02 3.028467E-02
1.925000E+02 2.952362E-02
1.927500E+02 2.883122E-02
1.930000E+02 2.807253E-02
1.932500E+02 2.735728E-02
1.935000E+02 2.663230E-02
1.937500E+02 2.596074E-02
1.940000E+02 2.515649E-02
1.942500E+02 2.452992E-02
1.945000E+02 2.389794E-02
1.947500E+02 2.326859E-02
1.950000E+02 2.255519E-02
1.952500E+02 2.187692E-02
1.955000E+02 2.136291E-02
1.957500E+02 2.073863E-02
1.960000E+02 2.010338E-02
1.962500E+02 1.958412E-02
1.965000E+02 1.897659E-02
1.967500E+02 1.845419E-02
1.970000E+02 1.793689E-02
1.972500E+02 1.730351E-02
1.975000E+02 1.685637E-02
1.977500E+02 1.634046E-02
1.980000E+02 1.583251E-02
1.982500E+02 1.531238E-02
1.985000E+02 1.481112E-02
1.987500E+02 1.436152E-02
1.990000E+02 1.392070E-02
1.992500E+02 1.344387E-02
1.995000E+02 1.297660E-02
1.997500E+02 1.257710E-02
2.000000E+02 1.215482E-02
2.002500E+02 1.172022E-02
2.005000E+02 1.133494E-02
2.007500E+02 1.092641E-02
2.010000E+02 1.053555E-02
2.012500E+02 1.013552E-02
2.015000E+02 9.749562E-03
2.017500E+02 9.473208E-03
2.020000E+02 9.051277E-03
2.022500E+02 8.706801E-03
2.025000E+02 8.358836E-03
2.027500E+02 8.039534E-03
2.030000E+02 7.697241E-03
2.032500E+02 7.358752E-03
2.035000E+02 7.072921E-03
2.037500E+02 6.788993E-03
2.040000E+02 6.470357E-03
2.042500E+02 6.186778E-03
2.045000E+02 5.950890E-03
2.047500E+02 5.655684E-03
2.050000E+02 5.358456E-03
2.052500E+02 5.142181E-03
2.055000E+02 4.891518E-03
2.057500E+02 4.675344E-03
2.060000E+02 4.439872E-03
2.062500E+02 4.217519E-03
2.065000E+02 3.990077E-03
2.067500E+02 3.782216E-03
2.070000E+02 3.553732E-03
2.072500E+02 3.362725E-03
2.075000E+02 3.157000E-03
2.077500E+02 2.961139E-03
2.080000E+02 2.808440E-03
2.082500E+02 2.606662E-03
2.085000E+02 2.449202E-03
2.087500E+02 2.284352E-03
2.090000E+02 2.144757E-03
2.092500E+02 1.987191E-03
2.095000E+02 1.847021E-03
2.097500E+02 1.707842E-03
2.100000E+02 1.557055E-03
2.102500E+02 1.435707E-03
2.105000E+02 1.318646E-03
2.107500E+02 1.196638E-03
2.110000E+02 1.098485E-03
2.112500E+02 9.967392E-04
2.115000E+02 9.038827E-04
2.117500E+02 7.993184E-04
2.120000E+02 7.165358E-04
2.122500E+02 6.345824E-04
2.125000E+02 5.576193E-04
2.127500E+02 4.921261E-04
2.130000E+02 4.213568E-04
2.132500E+02 3.640046E-04
2.135000E+02 3.076341E-04
2.137500E+02 2.525159E-04
2.140000E+02 2.138490E-04
2.142500E+02 1.669286E-04
2.145000E+02 1.324926E-04
2.147500E+02 9.998156E-05
2.150000E+02 6.848218E-05
2.152500E+02 4.599127E-05
2.155000E+02 2.699325E-05
2.157500E+02 1.356252E-05
2.160000E+02 5.040252E-06
2.162500E+02 9.670395E-07
