2.500000E-01 0.000000E+00
5.000000E-01 0.000000E+00
7.500000E-01 0.000000E+00
1.000000E+00 0.000000E+00
1.250000E+00 0.000000E+00
1.500000E+00 0.000000E+00
1.750000E+00 0.000000E+00
2.000000E+00 0.000000E+00
2.250000E+00 0.000000E+00
2.500000E+00 0.000000E+00
2.750000E+00 0.000000E+00
3.000000E+00 0.000000E+00
3.250000E+00 0.000000E+00
3.500000E+00 4.282312E-03
3.750000E+00 5.670162E-01
4.000000E+00 5.165788E+00
4.250000E+00 1.282194E+01
4.500000E+00 1.589222E+01
4.750000E+00 1.423227E+01
5.000000E+00 1.116943E+01
5.250000E+00 8.370624E+00
5.500000E+00 6.401560E+00
5.750000E+00 5.078018E+00
6.000000E+00 4.222192E+00
6.250000E+00 3.645693E+00
6.500000E+00 3.197421E+00
6.750000E+00 2.779832E+00
7.000000E+00 2.390453E+00
7.250000E+00 2.024944E+00
7.500000E+00 1.801544E+00
7.750000E+00 1.642857E+00
8.000000E+00 1.515950E+00
8.250000E+00 1.440163E+00
8.500000E+00 1.388340E+00
8.750000E+00 1.334829E+00
9.000000E+00 1.283498E+00
9.250000E+00 1.226833E+00
9.500000E+00 1.173094E+00
9.750000E+00 1.146874E+00
1.000000E+01 1.121125E+00
1.025000E+01 1.113194E+00
1.050000E+01 1.096042E+00
1.075000E+01 1.089876E+00
1.100000E+01 1.069423E+00
1.125000E+01 1.062841E+00
1.150000E+01 1.054747E+00
1.175000E+01 1.046766E+00
1.200000E+01 1.036178E+00
1.225000E+01 1.042329E+00
1.250000E+01 1.034070E+00
1.275000E+01 1.029435E+00
1.300000E+01 1.026475E+00
1.325000E+01 1.027248E+00
1.350000E+01 1.025544E+00
1.375000E+01 1.028976E+00
1.400000E+01 1.026961E+00
1.425000E+01 1.025041E+00
1.450000E+01 1.018262E+00
1.475000E+01 1.017179E+00
1.500000E+01 1.015738E+00
1.525000E+01 1.023668E+00
1.550000E+01 1.021128E+00
1.575000E+01 1.018720E+00
1.600000E+01 1.020478E+00
1.625000E+01 1.017023E+00
1.650000E+01 1.016178E+00
1.675000E+01 1.015477E+00
1.700000E+01 1.013214E+00
1.725000E+01 1.015493E+00
1.750000E+01 1.013845E+00
1.775000E+01 1.010474E+00
1.800000E+01 1.015612E+00
1.825000E+01 1.019261E+00
1.850000E+01 1.011434E+00
1.875000E+01 1.012160E+00
1.900000E+01 1.016100E+00
1.925000E+01 1.015307E+00
1.950000E+01 1.016081E+00
1.975000E+01 1.012024E+00
2.000000E+01 1.011573E+00
2.025000E+01 1.012971E+00
2.050000E+01 1.017745E+00
2.075000E+01 1.014261E+00
2.100000E+01 1.007537E+00
2.125000E+01 1.015292E+00
2.150000E+01 1.014311E+00
2.175000E+01 1.013944E+00
2.200000E+01 1.010492E+00
2.225000E+01 1.013774E+00
2.250000E+01 1.016093E+00
2.275000E+01 1.010287E+00
2.300000E+01 1.013659E+00
2.325000E+01 1.011111E+00
2.350000E+01 1.008236E+00
2.375000E+01 1.009252E+00
2.400000E+01 1.011541E+00
2.425000E+01 1.011506E+00
2.450000E+01 1.009203E+00
2.475000E+01 1.010032E+00
2.500000E+01 1.009747E+00
2.525000E+01 1.012424E+00
2.550000E+01 1.008423E+00
2.575000E+01 1.007562E+00
2.600000E+01 1.007224E+00
2.625000E+01 1.009337E+00
2.650000E+01 1.010570E+00
2.675000E+01 1.012930E+00
2.700000E+01 1.008376E+00
2.725000E+01 1.008340E+00
2.750000E+01 1.008456E+00
2.775000E+01 1.008448E+00
2.800000E+01 1.008868E+00
2.825000E+01 1.005792E+00
2.850000E+01 1.007203E+00
2.875000E+01 1.007233E+00
2.900000E+01 1.008136E+00
2.925000E+01 1.011396E+00
2.950000E+01 1.010228E+00
2.975000E+01 1.006626E+00
3.000000E+01 1.007361E+00
3.025000E+01 1.008916E+00
3.050000E+01 1.008069E+00
3.075000E+01 1.009507E+00
3.100000E+01 1.008401E+00
3.125000E+01 1.010340E+00
3.150000E+01 1.006870E+00
3.175000E+01 1.005592E+00
3.200000E+01 1.005431E+00
3.225000E+01 1.007666E+00
3.250000E+01 1.007506E+00
3.275000E+01 1.006777E+00
3.300000E+01 1.008364E+00
3.325000E+01 1.007139E+00
3.350000E+01 1.005895E+00
3.375000E+01 1.005829E+00
3.400000E+01 1.009139E+00
3.425000E+01 1.006065E+00
3.450000E+01 1.006418E+00
3.475000E+01 1.008849E+00
3.500000E+01 1.006289E+00
3.525000E+01 1.006194E+00
3.550000E+01 1.005390E+00
3.575000E+01 1.007439E+00
3.600000E+01 1.008521E+00
3.625000E+01 1.005928E+00
3.650000E+01 1.004725E+00
3.675000E+01 1.006778E+00
3.700000E+01 1.005531E+00
3.725000E+01 1.007269E+00
3.750000E+01 1.004522E+00
3.775000E+01 1.005650E+00
3.800000E+01 1.005715E+00
3.825000E+01 1.004910E+00
3.850000E+01 1.004892E+00
3.875000E+01 1.007165E+00
3.900000E+01 1.007409E+00
3.925000E+01 1.008713E+00
3.950000E+01 1.007740E+00
3.975000E+01 1.005589E+00
4.000000E+01 1.005812E+00
4.025000E+01 1.006461E+00
4.050000E+01 1.005561E+00
4.075000E+01 1.007306E+00
4.100000E+01 1.007720E+00
4.125000E+01 1.005436E+00
4.150000E+01 1.004804E+00
4.175000E+01 1.007024E+00
4.200000E+01 1.003495E+00
4.225000E+01 1.004423E+00
4.250000E+01 1.005962E+00
4.275000E+01 1.005572E+00
4.300000E+01 1.003702E+00
4.325000E+01 1.005334E+00
4.350000E+01 1.003645E+00
4.375000E+01 1.005750E+00
4.400000E+01 1.005227E+00
4.425000E+01 1.006282E+00
4.450000E+01 1.006155E+00
4.475000E+01 1.004249E+00
4.500000E+01 1.005368E+00
4.525000E+01 1.005138E+00
4.550000E+01 1.004528E+00
4.575000E+01 1.005036E+00
4.600000E+01 1.005354E+00
4.625000E+01 1.005346E+00
4.650000E+01 1.005254E+00
4.675000E+01 1.004127E+00
4.700000E+01 1.004841E+00
4.725000E+01 1.005189E+00
4.750000E+01 1.006040E+00
4.775000E+01 1.005261E+00
4.800000E+01 1.005183E+00
4.825000E+01 1.003423E+00
4.850000E+01 1.004665E+00
4.875000E+01 1.004046E+00
4.900000E+01 1.005997E+00
4.925000E+01 1.005443E+00
4.950000E+01 1.005371E+00
4.975000E+01 1.004369E+00
5.000000E+01 1.003981E+00
5.025000E+01 1.005527E+00
5.050000E+01 1.004606E+00
5.075000E+01 1.003069E+00
5.100000E+01 1.003944E+00
5.125000E+01 1.005352E+00
5.150000E+01 1.003602E+00
5.175000E+01 1.002924E+00
5.200000E+01 1.004688E+00
5.225000E+01 1.004371E+00
5.250000E+01 1.004583E+00
5.275000E+01 1.004455E+00
5.300000E+01 1.004513E+00
5.325000E+01 1.004111E+00
5.350000E+01 1.003928E+00
5.375000E+01 1.004791E+00
5.400000E+01 1.002637E+00
5.425000E+01 1.002291E+00
5.450000E+01 1.003818E+00
5.475000E+01 1.003304E+00
5.500000E+01 1.005671E+00
5.525000E+01 1.002397E+00
5.550000E+01 1.004215E+00
5.575000E+01 1.004016E+00
5.600000E+01 1.004038E+00
5.625000E+01 1.003267E+00
5.650000E+01 1.004874E+00
5.675000E+01 1.005430E+00
5.700000E+01 1.003316E+00
5.725000E+01 1.003895E+00
5.750000E+01 1.004758E+00
5.775000E+01 1.003183E+00
5.800000E+01 1.004318E+00
5.825000E+01 1.004154E+00
5.850000E+01 1.003670E+00
5.875000E+01 1.003469E+00
5.900000E+01 1.003855E+00
5.925000E+01 1.003349E+00
5.950000E+01 1.003355E+00
5.975000E+01 1.003452E+00
6.000000E+01 1.004189E+00
6.025000E+01 1.003524E+00
6.050000E+01 1.003427E+00
6.075000E+01 1.002902E+00
6.100000E+01 1.003608E+00
6.125000E+01 1.003992E+00
6.150000E+01 1.003277E+00
6.175000E+01 1.004588E+00
6.200000E+01 1.003721E+00
6.225000E+01 1.005139E+00
6.250000E+01 1.003465E+00
6.275000E+01 1.002671E+00
6.300000E+01 1.004489E+00
6.325000E+01 1.004052E+00
6.350000E+01 1.003930E+00
6.375000E+01 1.003677E+00
6.400000E+01 1.004102E+00
6.425000E+01 1.003357E+00
6.450000E+01 1.002676E+00
6.475000E+01 1.002730E+00
6.500000E+01 1.003604E+00
6.525000E+01 1.002788E+00
6.550000E+01 1.003797E+00
6.575000E+01 1.003655E+00
6.600000E+01 1.003103E+00
6.625000E+01 1.003608E+00
6.650000E+01 1.004290E+00
6.675000E+01 1.002501E+00
6.700000E+01 1.003251E+00
6.725000E+01 1.003549E+00
6.750000E+01 1.003202E+00
6.775000E+01 1.003192E+00
6.800000E+01 1.002895E+00
6.825000E+01 1.002990E+00
6.850000E+01 1.003215E+00
6.875000E+01 1.003807E+00
6.900000E+01 1.003788E+00
6.925000E+01 1.003518E+00
6.950000E+01 1.002499E+00
6.975000E+01 1.003526E+00
7.000000E+01 1.001835E+00
7.025000E+01 1.003652E+00
7.050000E+01 1.003283E+00
7.075000E+01 1.002262E+00
7.100000E+01 1.002891E+00
7.125000E+01 1.002416E+00
7.150000E+01 1.003105E+00
7.175000E+01 1.003010E+00
7.200000E+01 1.003080E+00
7.225000E+01 1.002360E+00
7.250000E+01 1.003076E+00
7.275000E+01 1.003640E+00
7.300000E+01 1.002863E+00
7.325000E+01 1.002802E+00
7.350000E+01 1.003084E+00
7.375000E+01 1.003304E+00
7.400000E+01 1.003584E+00
7.425000E+01 1.002578E+00
7.450000E+01 1.004884E+00
7.475000E+01 1.003010E+00
7.500000E+01 1.002032E+00
7.525000E+01 1.002000E+00
7.550000E+01 1.003330E+00
7.575000E+01 1.002778E+00
7.600000E+01 1.003564E+00
7.625000E+01 1.002763E+00
7.650000E+01 1.002725E+00
7.675000E+01 1.002526E+00
7.700000E+01 1.002692E+00
7.725000E+01 1.003427E+00
7.750000E+01 1.002775E+00
7.775000E+01 1.003077E+00
7.800000E+01 1.002592E+00
7.825000E+01 1.001779E+00
7.850000E+01 1.003454E+00
7.875000E+01 1.002283E+00
7.900000E+01 1.002525E+00
7.925000E+01 1.003441E+00
7.950000E+01 1.002724E+00
7.975000E+01 1.002229E+00
8.000000E+01 1.002987E+00
8.025000E+01 1.002004E+00
8.050000E+01 1.001610E+00
8.075000E+01 1.002472E+00
8.100000E+01 1.002220E+00
8.125000E+01 1.002325E+00
8.150000E+01 1.003418E+00
8.175000E+01 1.002330E+00
8.200000E+01 1.001198E+00
8.225000E+01 1.002772E+00
8.250000E+01 1.003100E+00
8.275000E+01 1.002656E+00
8.300000E+01 1.001966E+00
8.325000E+01 1.002384E+00
8.350000E+01 1.001798E+00
8.375000E+01 1.002705E+00
8.400000E+01 1.002433E+00
8.425000E+01 1.002415E+00
8.450000E+01 1.001775E+00
8.475000E+01 1.001762E+00
8.500000E+01 1.002078E+00
8.525000E+01 1.002491E+00
8.550000E+01 1.002147E+00
8.575000E+01 1.003126E+00
8.600000E+01 1.002163E+00
8.625000E+01 1.002196E+00
8.650000E+01 1.002654E+00
8.675000E+01 1.001981E+00
8.700000E+01 1.001161E+00
8.725000E+01 1.001683E+00
8.750000E+01 1.002067E+00
8.775000E+01 1.003069E+00
8.800000E+01 1.001653E+00
8.825000E+01 1.002112E+00
8.850000E+01 1.002611E+00
8.875000E+01 1.001946E+00
8.900000E+01 1.002015E+00
8.925000E+01 1.002118E+00
8.950000E+01 1.002113E+00
8.975000E+01 1.001949E+00
9.000000E+01 1.001547E+00
9.025000E+01 1.002742E+00
9.050000E+01 1.002611E+00
9.075000E+01 1.001994E+00
9.100000E+01 1.000945E+00
9.125000E+01 1.001719E+00
9.150000E+01 1.002245E+00
9.175000E+01 1.002314E+00
9.200000E+01 1.001514E+00
9.225000E+01 1.001957E+00
9.250000E+01 1.002034E+00
9.275000E+01 1.001929E+00
9.300000E+01 1.002365E+00
9.325000E+01 1.002437E+00
9.350000E+01 1.001670E+00
9.375000E+01 1.001339E+00
9.400000E+01 1.002222E+00
9.425000E+01 1.001506E+00
9.450000E+01 1.001354E+00
9.475000E+01 1.002758E+00
9.500000E+01 1.002900E+00
9.525000E+01 1.002247E+00
9.550000E+01 1.001592E+00
9.575000E+01 1.002177E+00
9.600000E+01 1.002072E+00
9.625000E+01 1.001058E+00
9.650000E+01 1.001987E+00
9.675000E+01 1.001400E+00
9.700000E+01 1.002328E+00
9.725000E+01 1.001862E+00
9.750000E+01 1.001843E+00
9.775000E+01 1.001298E+00
9.800000E+01 1.001354E+00
9.825000E+01 1.001670E+00
9.850000E+01 1.001692E+00
9.875000E+01 1.001519E+00
9.900000E+01 1.001815E+00
9.925000E+01 1.001715E+00
9.950000E+01 1.001620E+00
9.975000E+01 1.001426E+00
1.000000E+02 1.001482E+00
1.002500E+02 1.001678E+00
1.005000E+02 1.001463E+00
1.007500E+02 1.001879E+00
1.010000E+02 1.001218E+00
1.012500E+02 1.002106E+00
1.015000E+02 1.001757E+00
1.017500E+02 1.001124E+00
1.020000E+02 1.001844E+00
1.022500E+02 1.002168E+00
1.025000E+02 1.001439E+00
1.027500E+02 1.001400E+00
1.030000E+02 1.001972E+00
1.032500E+02 1.001583E+00
1.035000E+02 1.001400E+00
1.037500E+02 1.001856E+00
1.040000E+02 1.001902E+00
1.042500E+02 1.001992E+00
1.045000E+02 1.001742E+00
1.047500E+02 1.001882E+00
1.050000E+02 1.001522E+00
1.052500E+02 1.001870E+00
1.055000E+02 1.002171E+00
1.057500E+02 1.001377E+00
1.060000E+02 1.002252E+00
1.062500E+02 1.001476E+00
1.065000E+02 1.002007E+00
1.067500E+02 1.001758E+00
1.070000E+02 1.002028E+00
1.072500E+02 1.002198E+00
1.075000E+02 1.001841E+00
1.077500E+02 1.001808E+00
1.080000E+02 1.002256E+00
1.082500E+02 1.001863E+00
1.085000E+02 1.002154E+00
1.087500E+02 1.001358E+00
1.090000E+02 1.001770E+00
1.092500E+02 1.001702E+00
1.095000E+02 1.001471E+00
1.097500E+02 1.002194E+00
1.100000E+02 1.002013E+00
1.102500E+02 1.001305E+00
1.105000E+02 1.001749E+00
1.107500E+02 1.001402E+00
1.110000E+02 1.002164E+00
1.112500E+02 1.002307E+00
1.115000E+02 1.000920E+00
1.117500E+02 1.001618E+00
1.120000E+02 1.001164E+00
1.122500E+02 1.002022E+00
1.125000E+02 1.001837E+00
1.127500E+02 1.001339E+00
1.130000E+02 1.001747E+00
1.132500E+02 1.001447E+00
1.135000E+02 1.001637E+00
1.137500E+02 1.001815E+00
1.140000E+02 1.000945E+00
1.142500E+02 1.001615E+00
1.145000E+02 1.001129E+00
1.147500E+02 1.001725E+00
1.150000E+02 1.001447E+00
1.152500E+02 1.001468E+00
1.155000E+02 1.001908E+00
1.157500E+02 1.001624E+00
1.160000E+02 1.001645E+00
1.162500E+02 1.001959E+00
1.165000E+02 1.001534E+00
1.167500E+02 1.001276E+00
1.170000E+02 1.001091E+00
1.172500E+02 1.001628E+00
1.175000E+02 1.001513E+00
1.177500E+02 1.001152E+00
1.180000E+02 1.001884E+00
1.182500E+02 1.001616E+00
1.185000E+02 1.001468E+00
1.187500E+02 1.001524E+00
1.190000E+02 1.001514E+00
1.192500E+02 1.001565E+00
1.195000E+02 1.001374E+00
1.197500E+02 1.001616E+00
1.200000E+02 1.001342E+00
1.202500E+02 1.001143E+00
1.205000E+02 1.002325E+00
1.207500E+02 1.001183E+00
1.210000E+02 1.001916E+00
1.212500E+02 1.000997E+00
1.215000E+02 1.001499E+00
1.217500E+02 1.001559E+00
1.220000E+02 1.002332E+00
1.222500E+02 1.001702E+00
1.225000E+02 1.001061E+00
1.227500E+02 1.001551E+00
1.230000E+02 1.001707E+00
1.232500E+02 1.001634E+00
1.235000E+02 1.002085E+00
1.237500E+02 1.001181E+00
1.240000E+02 1.001667E+00
1.242500E+02 1.001813E+00
1.245000E+02 1.002036E+00
1.247500E+02 1.001744E+00
1.250000E+02 9.988701E-01
1.252500E+02 9.929988E-01
1.255000E+02 9.869224E-01
1.257500E+02 9.805189E-01
1.260000E+02 9.745044E-01
1.262500E+02 9.688599E-01
1.265000E+02 9.633447E-01
1.267500E+02 9.578439E-01
1.270000E+02 9.513753E-01
1.272500E+02 9.456786E-01
1.275000E+02 9.397383E-01
1.277500E+02 9.338039E-01
1.280000E+02 9.287721E-01
1.282500E+02 9.226769E-01
1.285000E+02 9.168420E-01
1.287500E+02 9.109909E-01
1.290000E+02 9.058677E-01
1.292500E+02 9.002085E-01
1.295000E+02 8.947102E-01
1.297500E+02 8.887479E-01
1.300000E+02 8.831647E-01
1.302500E+02 8.776769E-01
1.305000E+02 8.722505E-01
1.307500E+02 8.676250E-01
1.310000E+02 8.614157E-01
1.312500E+02 8.559235E-01
1.315000E+02 8.505154E-01
1.317500E+02 8.449177E-01
1.320000E+02 8.400151E-01
1.322500E+02 8.344399E-01
1.325000E+02 8.286757E-01
1.327500E+02 8.237948E-01
1.330000E+02 8.180714E-01
1.332500E+02 8.129388E-01
1.335000E+02 8.075879E-01
1.337500E+02 8.019991E-01
1.340000E+02 7.968334E-01
1.342500E+02 7.919877E-01
1.345000E+02 7.865852E-01
1.347500E+02 7.814217E-01
1.350000E+02 7.763124E-01
1.352500E+02 7.709979E-01
1.355000E+02 7.663219E-01
1.357500E+02 7.608630E-01
1.360000E+02 7.561384E-01
1.362500E+02 7.511081E-01
1.365000E+02 7.460738E-01
1.367500E+02 7.413072E-01
1.370000E+02 7.358537E-01
1.372500E+02 7.313660E-01
1.375000E+02 7.256618E-01
1.377500E+02 7.209138E-01
1.380000E+02 7.161405E-01
1.382500E+02 7.108775E-01
1.385000E+02 7.061769E-01
1.387500E+02 7.013092E-01
1.390000E+02 6.961634E-01
1.392500E+02 6.914965E-01
1.395000E+02 6.866956E-01
1.397500E+02 6.824477E-01
1.400000E+02 6.769705E-01
1.402500E+02 6.721397E-01
1.405000E+02 6.674650E-01
1.407500E+02 6.628936E-01
1.410000E+02 6.579885E-01
1.412500E+02 6.533407E-01
1.415000E+02 6.486710E-01
1.417500E+02 6.436239E-01
1.420000E+02 6.396037E-01
1.422500E+02 6.347642E-01
1.425000E+02 6.300857E-01
1.427500E+02 6.256321E-01
1.430000E+02 6.210934E-01
1.432500E+02 6.164087E-01
1.435000E+02 6.116425E-01
1.437500E+02 6.068130E-01
1.440000E+02 6.028583E-01
1.442500E+02 5.981697E-01
1.445000E+02 5.937168E-01
1.447500E+02 5.891004E-01
1.450000E+02 5.847627E-01
1.452500E+02 5.799300E-01
1.455000E+02 5.762266E-01
1.457500E+02 5.714161E-01
1.460000E+02 5.673262E-01
1.462500E+02 5.627092E-01
1.465000E+02 5.581813E-01
1.467500E+02 5.537626E-01
1.470000E+02 5.492549E-01
1.472500E+02 5.452670E-01
1.475000E+02 5.408231E-01
1.477500E+02 5.367724E-01
1.480000E+02 5.325136E-01
1.482500E+02 5.277418E-01
1.485000E+02 5.237443E-01
1.487500E+02 5.195616E-01
1.490000E+02 5.154349E-01
1.492500E+02 5.115782E-01
1.495000E+02 5.070118E-01
1.497500E+02 5.027590E-01
1.500000E+02 4.985265E-01
1.502500E+02 4.943945E-01
1.505000E+02 4.900613E-01
1.507500E+02 4.863294E-01
1.510000E+02 4.819999E-01
1.512500E+02 4.778621E-01
1.515000E+02 4.740086E-01
1.517500E+02 4.697369E-01
1.520000E+02 4.657498E-01
1.522500E+02 4.615604E-01
1.525000E+02 4.575967E-01
1.527500E+02 4.534624E-01
1.530000E+02 4.496461E-01
1.532500E+02 4.454944E-01
1.535000E+02 4.416404E-01
1.537500E+02 4.373060E-01
1.540000E+02 4.336597E-01
1.542500E+02 4.296061E-01
1.545000E+02 4.256272E-01
1.547500E+02 4.217092E-01
1.550000E+02 4.178414E-01
1.552500E+02 4.139832E-01
1.555000E+02 4.104104E-01
1.557500E+02 4.063339E-01
1.560000E+02 4.021609E-01
1.562500E+02 3.987833E-01
1.565000E+02 3.946614E-01
1.567500E+02 3.905844E-01
1.570000E+02 3.868729E-01
1.572500E+02 3.828743E-01
1.575000E+02 3.796164E-01
1.577500E+02 3.758820E-01
1.580000E+02 3.719292E-01
1.582500E+02 3.683504E-01
1.585000E+02 3.645733E-01
1.587500E+02 3.606039E-01
1.590000E+02 3.573133E-01
1.592500E+02 3.531609E-01
1.595000E+02 3.494709E-01
1.597500E+02 3.460151E-01
1.600000E+02 3.420800E-01
1.602500E+02 3.386788E-01
1.605000E+02 3.352515E-01
1.607500E+02 3.315264E-01
1.610000E+02 3.277484E-01
1.612500E+02 3.243017E-01
1.615000E+02 3.206128E-01
1.617500E+02 3.169108E-01
1.620000E+02 3.132538E-01
1.622500E+02 3.097870E-01
1.625000E+02 3.064121E-01
1.627500E+02 3.028390E-01
1.630000E+02 2.994016E-01
1.632500E+02 2.955081E-01
1.635000E+02 2.921484E-01
1.637500E+02 2.884392E-01
1.640000E+02 2.850419E-01
1.642500E+02 2.817809E-01
1.645000E+02 2.781508E-01
1.647500E+02 2.747226E-01
1.650000E+02 2.713120E-01
1.652500E+02 2.676724E-01
1.655000E+02 2.643050E-01
1.657500E+02 2.611532E-01
1.660000E+02 2.573299E-01
1.662500E+02 2.543659E-01
1.665000E+02 2.508328E-01
1.667500E+02 2.474165E-01
1.670000E+02 2.440269E-01
1.672500E+02 2.407393E-01
1.675000E+02 2.372155E-01
1.677500E+02 2.340609E-01
1.680000E+02 2.307856E-01
1.682500E+02 2.273792E-01
1.685000E+02 2.238773E-01
1.687500E+02 2.208963E-01
1.690000E+02 2.174486E-01
1.692500E+02 2.142403E-01
1.695000E+02 2.111238E-01
1.697500E+02 2.075400E-01
1.700000E+02 2.044792E-01
1.702500E+02 2.012887E-01
1.705000E+02 1.978769E-01
1.707500E+02 1.947466E-01
1.710000E+02 1.916529E-01
1.712500E+02 1.886327E-01
1.715000E+02 1.851621E-01
1.717500E+02 1.821541E-01
1.720000E+02 1.789137E-01
1.722500E+02 1.757767E-01
1.725000E+02 1.725295E-01
1.727500E+02 1.693426E-01
1.730000E+02 1.661608E-01
1.732500E+02 1.631434E-01
1.735000E+02 1.599581E-01
1.737500E+02 1.568540E-01
1.740000E+02 1.536764E-01
1.742500E+02 1.506967E-01
1.745000E+02 1.475092E-01
1.747500E+02 1.444430E-01
1.750000E+02 1.414836E-01
1.752500E+02 1.384405E-01
1.755000E+02 1.353612E-01
1.757500E+02 1.322778E-01
1.760000E+02 1.292682E-01
1.762500E+02 1.263654E-01
1.765000E+02 1.232063E-01
1.767500E+02 1.204458E-01
1.770000E+02 1.176033E-01
1.772500E+02 1.149063E-01
1.775000E+02 1.125124E-01
1.777500E+02 1.100274E-01
1.780000E+02 1.077342E-01
1.782500E+02 1.053458E-01
1.785000E+02 1.032590E-01
1.787500E+02 1.010623E-01
1.790000E+02 9.903337E-02
1.792500E+02 9.695238E-02
1.795000E+02 9.490792E-02
1.797500E+02 9.286957E-02
1.800000E+02 9.098064E-02
1.802500E+02 8.922915E-02
1.805000E+02 8.726403E-02
1.807500E+02 8.550034E-02
1.810000E+02 8.383132E-02
1.812500E+02 8.202960E-02
1.815000E+02 8.037196E-02
1.817500E+02 7.855025E-02
1.820000E+02 7.707294E-02
1.822500E+02 7.540199E-02
1.825000E+02 7.392064E-02
1.827500E+02 7.236999E-02
1.830000E+02 7.090363E-02
1.832500E+02 6.933711E-02
1.835000E+02 6.775725E-02
1.837500E+02 6.647783E-02
1.840000E+02 6.508339E-02
1.842500E+02 6.369083E-02
1.845000E+02 6.237811E-02
1.847500E+02 6.099929E-02
1.850000E+02 5.965442E-02
1.852500E+02 5.844436E-02
1.855000E+02 5.714956E-02
1.857500E+02 5.593422E-02
1.860000E+02 5.461902E-02
1.862500E+02 5.349709E-02
1.865000E+02 5.236569E-02
1.867500E+02 5.113418E-02
1.870000E+02 5.004512E-02
1.872500E+02 4.880444E-02
1.875000E+02 4.773278E-02
1.877500E+02 4.674794E-02
1.880000E+02 4.567948E-02
1.882500E+02 4.462963E-02
1.885000E+02 4.357354E-02
1.887500E+02 4.259026E-02
1.890000E+02 4.160660E-02
1.892500E+02 4.068678E-02
1.895000E+02 3.969434E-02
1.897500E+02 3.880144E-02
1.900000E+02 3.786435E-02
1.902500E+02 3.700021E-02
1.905000E+02 3.603550E-02
1.907500E+02 3.520443E-02
1.910000E+02 3.439503E-02
1.912500E+02 3.343480E-02
1.915000E+02 3.268442E-02
1.917500E+02 3.184269E-02
1.920000E+02 3.112495E-02
1.922500E+02 3.030977E-02
1.925000E+02 2.956868E-02
1.927500E+02 2.876676E-02
1.930000E+02 2.806893E-02
1.932500E+02 2.737510E-02
1.935000E+02 2.662906E-02
1.937500E+02 2.593780E-02
1.940000E+02 2.524641E-02
1.942500E+02 2.459210E-02
1.945000E+02 2.388900E-02
1.947500E+02 2.325652E-02
1.950000E+02 2.263206E-02
1.952500E+02 2.195986E-02
1.955000E+02 2.135103E-02
1.957500E+02 2.074684E-02
1.960000E+02 2.017773E-02
1.962500E+02 1.961925E-02
1.965000E+02 1.901271E-02
1.967500E+02 1.848868E-02
1.970000E+02 1.792380E-02
1.972500E+02 1.739626E-02
1.975000E+02 1.689291E-02
1.977500E+02 1.638219E-02
1.980000E+02 1.583431E-02
1.982500E+02 1.534239E-02
1.985000E+02 1.482944E-02
1.987500E+02 1.438703E-02
1.990000E+02 1.394578E-02
1.992500E+02 1.347494E-02
1.995000E+02 1.302978E-02
1.997500E+02 1.256377E-02
2.000000E+02 1.216016E-02
2.002500E+02 1.173433E-02
2.005000E+02 1.132500E-02
2.007500E+02 1.094010E-02
2.010000E+02 1.054325E-02
2.012500E+02 1.014008E-02
2.015000E+02 9.769076E-03
2.017500E+02 9.453876E-03
2.020000E+02 9.068700E-03
2.022500E+02 8.700610E-03
2.025000E+02 8.345381E-03
2.027500E+02 8.042482E-03
2.030000E+02 7.748336E-03
2.032500E+02 7.407663E-03
2.035000E+02 7.074232E-03
2.037500E+02 6.768034E-03
2.040000E+02 6.505479E-03
2.042500E+02 6.235949E-03
2.045000E+02 5.936270E-03
2.047500E+02 5.631219E-03
2.050000E+02 5.413810E-03
2.052500E+02 5.128269E-03
2.055000E+02 4.914392E-03
2.057500E+02 4.681028E-03
2.060000E+02 4.442046E-03
2.062500E+02 4.193833E-03
2.065000E+02 3.986217E-03
2.067500E+02 3.795207E-03
2.070000E+02 3.558165E-03
2.072500E+02 3.352492E-03
2.075000E+02 3.166831E-03
2.077500E+02 2.969773E-03
2.080000E+02 2.804008E-03
2.082500E+02 2.641324E-03
2.085000E+02 2.455443E-03
2.087500E+02 2.296514E-03
2.090000E+02 2.140078E-03
2.092500E+02 1.993801E-03
2.095000E+02 1.844507E-03
2.097500E+02 1.690943E-03
2.100000E+02 1.580600E-03
2.102500E+02 1.446592E-03
2.105000E+02 1.334445E-03
2.107500E+02 1.220626E-03
2.110000E+02 1.103726E-03
2.112500E+02 9.918750E-04
2.115000E+02 9.047723E-04
2.117500E+02 8.200951E-04
2.120000E+02 7.222108E-04
2.122500E+02 6.383167E-04
2.125000E+02 5.667127E-04
2.127500E+02 4.993198E-04
2.130000E+02 4.237491E-04
2.132500E+02 3.668288E-04
2.135000E+02 3.042609E-04
2.137500E+02 2.573857E-04
2.140000E+02 2.064626E-04
2.142500E+02 1.629879E-04
2.145000E+02 1.266740E-04
2.147500E+02 9.433333E-05
2.150000E+02 6.730820E-05
2.152500E+02 4.493714E-05
2.155000E+02 2.722695E-05
2.157500E+02 1.461176E-05
2.160000E+02 6.087074E-06
2.162500E+02 7.736316E-07
