2.500000E-01 0.000000E+00
5.000000E-01 0.000000E+00
7.500000E-01 0.000000E+00
1.000000E+00 0.000000E+00
1.250000E+00 0.000000E+00
1.500000E+00 0.000000E+00
1.750000E+00 0.000000E+00
2.000000E+00 0.000000E+00
2.250000E+00 0.000000E+00
2.500000E+00 0.000000E+00
2.750000E+00 0.000000E+00
3.000000E+00 0.000000E+00
3.250000E+00 0.000000E+00
3.500000E+00 5.360274E-02
3.750000E+00 4.362475E+00
4.000000E+00 3.217222E+01
4.250000E+00 6.416858E+01
4.500000E+00 6.499750E+01
4.750000E+00 4.831686E+01
5.000000E+00 3.231028E+01
5.250000E+00 2.122734E+01
5.500000E+00 1.423948E+01
5.750000E+00 1.016216E+01
6.000000E+00 7.840661E+00
6.250000E+00 6.474790E+00
6.500000E+00 5.421500E+00
6.750000E+00 4.487124E+00
7.000000E+00 3.664146E+00
7.250000E+00 3.039757E+00
7.500000E+00 2.720018E+00
7.750000E+00 2.590913E+00
8.000000E+00 2.744254E+00
8.250000E+00 3.052307E+00
8.500000E+00 3.306859E+00
8.750000E+00 3.271214E+00
9.000000E+00 2.996914E+00
9.250000E+00 2.609901E+00
9.500000E+00 2.268220E+00
9.750000E+00 1.985465E+00
1.000000E+01 1.774213E+00
1.025000E+01 1.606078E+00
1.050000E+01 1.491524E+00
1.075000E+01 1.388052E+00
1.100000E+01 1.326109E+00
1.125000E+01 1.262194E+00
1.150000E+01 1.229770E+00
1.175000E+01 1.197151E+00
1.200000E+01 1.183641E+00
1.225000E+01 1.179110E+00
1.250000E+01 1.176676E+00
1.275000E+01 1.177397E+00
1.300000E+01 1.159007E+00
1.325000E+01 1.150499E+00
1.350000E+01 1.131945E+00
1.375000E+01 1.112646E+00
1.400000E+01 1.097047E+00
1.425000E+01 1.078205E+00
1.450000E+01 1.069764E+00
1.475000E+01 1.055500E+00
1.500000E+01 1.049737E+00
1.525000E+01 1.042460E+00
1.550000E+01 1.040651E+00
1.575000E+01 1.031197E+00
1.600000E+01 1.034349E+00
1.625000E+01 1.030046E+00
1.650000E+01 1.029526E+00
1.675000E+01 1.023607E+00
1.700000E+01 1.026621E+00
1.725000E+01 1.025384E+00
1.750000E+01 1.026621E+00
1.775000E+01 1.022743E+00
1.800000E+01 1.023417E+00
1.825000E+01 1.022553E+00
1.850000E+01 1.017021E+00
1.875000E+01 1.019513E+00
1.900000E+01 1.014993E+00
1.925000E+01 1.017230E+00
1.950000E+01 1.014106E+00
1.975000E+01 1.014333E+00
2.000000E+01 1.014277E+00
2.025000E+01 1.015578E+00
2.050000E+01 1.015227E+00
2.075000E+01 1.012930E+00
2.100000E+01 1.014358E+00
2.125000E+01 1.013357E+00
2.150000E+01 1.015238E+00
2.175000E+01 1.012774E+00
2.200000E+01 1.008429E+00
2.225000E+01 1.013441E+00
2.250000E+01 1.011663E+00
2.275000E+01 1.009532E+00
2.300000E+01 1.009548E+00
2.325000E+01 1.009950E+00
2.350000E+01 1.013208E+00
2.375000E+01 1.009037E+00
2.400000E+01 1.009961E+00
2.425000E+01 1.010675E+00
2.450000E+01 1.006485E+00
2.475000E+01 1.011193E+00
2.500000E+01 1.010291E+00
2.525000E+01 1.011408E+00
2.550000E+01 1.010707E+00
2.575000E+01 1.009483E+00
2.600000E+01 1.009371E+00
2.625000E+01 1.008827E+00
2.650000E+01 1.010871E+00
2.675000E+01 1.008155E+00
2.700000E+01 1.008544E+00
2.725000E+01 1.005887E+00
2.750000E+01 1.007312E+00
2.775000E+01 1.009378E+00
2.800000E+01 1.008060E+00
2.825000E+01 1.007766E+00
2.850000E+01 1.008178E+00
2.875000E+01 1.007088E+00
2.900000E+01 1.008239E+00
2.925000E+01 1.003647E+00
2.950000E+01 1.007364E+00
2.975000E+01 1.007049E+00
3.000000E+01 1.007499E+00
3.025000E+01 1.008883E+00
3.050000E+01 1.003534E+00
3.075000E+01 1.007999E+00
3.100000E+01 1.005403E+00
3.125000E+01 1.009317E+00
3.150000E+01 1.005966E+00
3.175000E+01 1.005638E+00
3.200000E+01 1.007320E+00
3.225000E+01 1.005605E+00
3.250000E+01 1.007195E+00
3.275000E+01 1.008624E+00
3.300000E+01 1.004678E+00
3.325000E+01 1.003790E+00
3.350000E+01 1.008411E+00
3.375000E+01 1.006142E+00
3.400000E+01 1.005329E+00
3.425000E+01 1.004493E+00
3.450000E+01 1.006186E+00
3.475000E+01 1.005305E+00
3.500000E+01 1.004399E+00
3.525000E+01 1.007506E+00
3.550000E+01 1.005493E+00
3.575000E+01 1.004433E+00
3.600000E+01 1.004561E+00
3.625000E+01 1.007449E+00
3.650000E+01 1.002332E+00
3.675000E+01 1.003910E+00
3.700000E+01 1.005165E+00
3.725000E+01 1.004854E+00
3.750000E+01 1.004963E+00
3.775000E+01 1.004263E+00
3.800000E+01 1.004568E+00
3.825000E+01 1.004342E+00
3.850000E+01 1.004336E+00
3.875000E+01 1.006019E+00
3.900000E+01 1.004230E+00
3.925000E+01 1.005185E+00
3.950000E+01 1.006264E+00
3.975000E+01 1.003729E+00
4.000000E+01 1.003992E+00
4.025000E+01 1.003724E+00
4.050000E+01 1.003833E+00
4.075000E+01 1.004158E+00
4.100000E+01 1.007049E+00
4.125000E+01 1.004598E+00
4.150000E+01 1.004984E+00
4.175000E+01 1.004334E+00
4.200000E+01 1.004003E+00
4.225000E+01 1.003784E+00
4.250000E+01 1.004260E+00
4.275000E+01 1.005747E+00
4.300000E+01 1.005322E+00
4.325000E+01 1.004113E+00
4.350000E+01 1.006454E+00
4.375000E+01 1.005229E+00
4.400000E+01 1.003340E+00
4.425000E+01 1.004244E+00
4.450000E+01 1.003827E+00
4.475000E+01 1.003347E+00
4.500000E+01 1.004199E+00
4.525000E+01 1.005090E+00
4.550000E+01 1.004654E+00
4.575000E+01 1.003082E+00
4.600000E+01 1.003721E+00
4.625000E+01 1.003617E+00
4.650000E+01 1.003097E+00
4.675000E+01 1.003302E+00
4.700000E+01 1.003388E+00
4.725000E+01 1.003995E+00
4.750000E+01 1.004550E+00
4.775000E+01 1.003351E+00
4.800000E+01 1.002593E+00
4.825000E+01 1.002080E+00
4.850000E+01 1.004152E+00
4.875000E+01 1.003626E+00
4.900000E+01 1.004681E+00
4.925000E+01 1.004245E+00
4.950000E+01 1.002910E+00
4.975000E+01 1.001973E+00
5.000000E+01 1.003332E+00
5.025000E+01 1.002859E+00
5.050000E+01 1.000937E+00
5.075000E+01 1.004386E+00
5.100000E+01 1.003515E+00
5.125000E+01 1.003092E+00
5.150000E+01 1.001881E+00
5.175000E+01 1.004691E+00
5.200000E+01 1.002956E+00
5.225000E+01 1.001987E+00
5.250000E+01 1.003212E+00
5.275000E+01 1.003283E+00
5.300000E+01 1.002608E+00
5.325000E+01 1.003785E+00
5.350000E+01 1.002368E+00
5.375000E+01 1.003022E+00
5.400000E+01 1.003135E+00
5.425000E+01 1.003428E+00
5.450000E+01 1.002239E+00
5.475000E+01 1.001403E+00
5.500000E+01 1.002137E+00
5.525000E+01 1.003276E+00
5.550000E+01 1.003980E+00
5.575000E+01 1.002179E+00
5.600000E+01 1.003114E+00
5.625000E+01 1.002389E+00
5.650000E+01 1.003478E+00
5.675000E+01 1.000980E+00
5.700000E+01 1.002151E+00
5.725000E+01 1.001637E+00
5.750000E+01 1.001997E+00
5.775000E+01 1.001145E+00
5.800000E+01 1.002255E+00
5.825000E+01 1.001290E+00
5.850000E+01 1.003416E+00
5.875000E+01 1.001673E+00
5.900000E+01 1.001817E+00
5.925000E+01 1.001833E+00
5.950000E+01 1.002201E+00
5.975000E+01 1.002511E+00
6.000000E+01 1.002703E+00
6.025000E+01 1.001811E+00
6.050000E+01 1.002471E+00
6.075000E+01 1.001163E+00
6.100000E+01 1.003224E+00
6.125000E+01 1.001860E+00
6.150000E+01 1.001327E+00
6.175000E+01 1.002163E+00
6.200000E+01 1.002173E+00
6.225000E+01 1.001510E+00
6.250000E+01 1.001001E+00
6.275000E+01 1.003024E+00
6.300000E+01 1.002297E+00
6.325000E+01 1.000946E+00
6.350000E+01 1.002257E+00
6.375000E+01 1.002370E+00
6.400000E+01 1.002755E+00
6.425000E+01 1.002512E+00
6.450000E+01 1.001337E+00
6.475000E+01 1.003166E+00
6.500000E+01 1.002783E+00
6.525000E+01 1.002107E+00
6.550000E+01 1.002200E+00
6.575000E+01 1.000613E+00
6.600000E+01 1.002596E+00
6.625000E+01 1.000667E+00
6.650000E+01 1.001765E+00
6.675000E+01 1.001724E+00
6.700000E+01 1.001566E+00
6.725000E+01 1.001402E+00
6.750000E+01 1.001206E+00
6.775000E+01 1.002340E+00
6.800000E+01 1.001143E+00
6.825000E+01 1.001556E+00
6.850000E+01 1.002336E+00
6.875000E+01 1.001355E+00
6.900000E+01 1.002335E+00
6.925000E+01 1.002152E+00
6.950000E+01 1.001364E+00
6.975000E+01 1.002558E+00
7.000000E+01 1.002152E+00
7.025000E+01 1.002069E+00
7.050000E+01 1.000871E+00
7.075000E+01 1.001797E+00
7.100000E+01 1.001540E+00
7.125000E+01 1.001870E+00
7.150000E+01 1.001230E+00
7.175000E+01 1.002755E+00
7.200000E+01 1.000848E+00
7.225000E+01 1.002739E+00
7.250000E+01 1.001409E+00
7.275000E+01 1.001584E+00
7.300000E+01 1.002207E+00
7.325000E+01 1.001532E+00
7.350000E+01 1.001998E+00
7.375000E+01 1.001341E+00
7.400000E+01 1.002476E+00
7.425000E+01 1.001445E+00
7.450000E+01 1.001000E+00
7.475000E+01 1.001418E+00
7.500000E+01 1.001611E+00
7.525000E+01 1.001614E+00
7.550000E+01 1.001846E+00
7.575000E+01 1.001456E+00
7.600000E+01 1.001175E+00
7.625000E+01 1.001343E+00
7.650000E+01 1.001441E+00
7.675000E+01 1.001425E+00
7.700000E+01 1.001591E+00
7.725000E+01 1.001581E+00
7.750000E+01 1.000323E+00
7.775000E+01 1.001349E+00
7.800000E+01 1.001339E+00
7.825000E+01 1.000836E+00
7.850000E+01 1.001468E+00
7.875000E+01 1.001295E+00
7.900000E+01 1.001129E+00
7.925000E+01 1.000867E+00
7.950000E+01 1.000867E+00
7.975000E+01 1.001457E+00
8.000000E+01 1.001604E+00
8.025000E+01 1.001643E+00
8.050000E+01 1.001373E+00
8.075000E+01 1.000801E+00
8.100000E+01 1.001251E+00
8.125000E+01 1.000930E+00
8.150000E+01 1.001957E+00
8.175000E+01 1.000705E+00
8.200000E+01 1.000953E+00
8.225000E+01 1.001857E+00
8.250000E+01 1.000682E+00
8.275000E+01 9.998946E-01
8.300000E+01 1.001121E+00
8.325000E+01 1.002012E+00
8.350000E+01 1.000443E+00
8.375000E+01 1.001187E+00
8.400000E+01 1.000818E+00
8.425000E+01 1.001708E+00
8.450000E+01 1.001027E+00
8.475000E+01 1.000843E+00
8.500000E+01 1.000444E+00
8.525000E+01 1.000179E+00
8.550000E+01 1.000685E+00
8.575000E+01 1.002213E+00
8.600000E+01 1.002977E+00
8.625000E+01 1.000571E+00
8.650000E+01 1.000757E+00
8.675000E+01 1.001438E+00
8.700000E+01 1.000627E+00
8.725000E+01 1.000250E+00
8.750000E+01 1.001151E+00
8.775000E+01 1.001627E+00
8.800000E+01 1.000870E+00
8.825000E+01 1.000969E+00
8.850000E+01 1.001011E+00
8.875000E+01 1.000773E+00
8.900000E+01 1.001047E+00
8.925000E+01 1.000932E+00
8.950000E+01 1.001265E+00
8.975000E+01 1.001703E+00
9.000000E+01 1.000286E+00
9.025000E+01 1.001004E+00
9.050000E+01 1.000809E+00
9.075000E+01 1.001389E+00
9.100000E+01 1.001037E+00
9.125000E+01 1.001096E+00
9.150000E+01 1.000499E+00
9.175000E+01 1.001459E+00
9.200000E+01 1.001065E+00
9.225000E+01 1.001159E+00
9.250000E+01 1.000245E+00
9.275000E+01 1.001444E+00
9.300000E+01 1.000924E+00
9.325000E+01 1.001508E+00
9.350000E+01 1.000576E+00
9.375000E+01 1.001038E+00
9.400000E+01 1.000193E+00
9.425000E+01 1.001228E+00
9.450000E+01 1.001099E+00
9.475000E+01 1.000663E+00
9.500000E+01 1.000344E+00
9.525000E+01 1.001417E+00
9.550000E+01 1.001022E+00
9.575000E+01 1.000596E+00
9.600000E+01 1.000796E+00
9.625000E+01 1.001013E+00
9.650000E+01 1.000682E+00
9.675000E+01 1.000460E+00
9.700000E+01 1.001149E+00
9.725000E+01 1.001740E+00
9.750000E+01 1.001248E+00
9.775000E+01 1.000401E+00
9.800000E+01 1.000102E+00
9.825000E+01 1.000534E+00
9.850000E+01 1.000702E+00
9.875000E+01 9.996280E-01
9.900000E+01 1.000248E+00
9.925000E+01 1.000886E+00
9.950000E+01 1.000748E+00
9.975000E+01 1.000946E+00
1.000000E+02 1.000629E+00
1.002500E+02 1.001033E+00
1.005000E+02 1.000085E+00
1.007500E+02 1.000445E+00
1.010000E+02 1.000524E+00
1.012500E+02 9.998379E-01
1.015000E+02 1.000409E+00
1.017500E+02 1.000353E+00
1.020000E+02 9.995441E-01
1.022500E+02 9.996928E-01
1.025000E+02 1.000067E+00
1.027500E+02 1.000496E+00
1.030000E+02 1.000356E+00
1.032500E+02 1.000304E+00
1.035000E+02 1.000483E+00
1.037500E+02 1.001063E+00
1.040000E+02 1.000561E+00
1.042500E+02 1.000331E+00
1.045000E+02 1.000884E+00
1.047500E+02 1.000984E+00
1.050000E+02 1.001009E+00
1.052500E+02 1.000838E+00
1.055000E+02 1.000276E+00
1.057500E+02 1.000076E+00
1.060000E+02 1.000447E+00
1.062500E+02 1.000511E+00
1.065000E+02 1.000376E+00
1.067500E+02 1.000400E+00
1.070000E+02 1.000008E+00
1.072500E+02 1.000907E+00
1.075000E+02 1.000915E+00
1.077500E+02 9.998764E-01
1.080000E+02 9.995990E-01
1.082500E+02 1.000254E+00
1.085000E+02 9.998954E-01
1.087500E+02 1.000059E+00
1.090000E+02 1.000470E+00
1.092500E+02 1.000134E+00
1.095000E+02 1.000949E+00
1.097500E+02 9.994167E-01
1.100000E+02 1.000126E+00
1.102500E+02 1.000604E+00
1.105000E+02 1.000687E+00
1.107500E+02 1.000184E+00
1.110000E+02 9.999719E-01
1.112500E+02 9.998278E-01
1.115000E+02 1.000631E+00
1.117500E+02 1.000498E+00
1.120000E+02 1.000631E+00
1.122500E+02 1.000179E+00
1.125000E+02 9.998803E-01
1.127500E+02 1.000688E+00
1.130000E+02 9.998346E-01
1.132500E+02 1.000203E+00
1.135000E+02 1.000517E+00
1.137500E+02 1.000491E+00
1.140000E+02 1.000687E+00
1.142500E+02 1.000181E+00
1.145000E+02 1.000374E+00
1.147500E+02 9.997901E-01
1.150000E+02 1.000655E+00
1.152500E+02 1.000492E+00
1.155000E+02 1.000534E+00
1.157500E+02 1.000075E+00
1.160000E+02 1.000257E+00
1.162500E+02 1.000028E+00
1.165000E+02 9.994911E-01
1.167500E+02 9.997147E-01
1.170000E+02 1.000511E+00
1.172500E+02 1.000319E+00
1.175000E+02 1.000636E+00
1.177500E+02 1.000583E+00
1.180000E+02 1.000056E+00
1.182500E+02 9.997923E-01
1.185000E+02 1.000898E+00
1.187500E+02 9.993465E-01
1.190000E+02 1.000568E+00
1.192500E+02 1.000180E+00
1.195000E+02 1.000279E+00
1.197500E+02 9.999638E-01
1.200000E+02 1.000398E+00
1.202500E+02 1.000326E+00
1.205000E+02 9.999316E-01
1.207500E+02 1.000046E+00
1.210000E+02 9.998639E-01
1.212500E+02 1.000470E+00
1.215000E+02 9.997906E-01
1.217500E+02 1.000178E+00
1.220000E+02 1.000421E+00
1.222500E+02 1.000537E+00
1.225000E+02 9.998293E-01
1.227500E+02 1.000760E+00
1.230000E+02 1.000057E+00
1.232500E+02 1.000676E+00
1.235000E+02 1.000354E+00
1.237500E+02 1.000093E+00
1.240000E+02 1.000402E+00
1.242500E+02 1.000372E+00
1.245000E+02 1.000362E+00
1.247500E+02 1.000257E+00
1.250000E+02 9.965250E-01
1.252500E+02 9.910728E-01
1.255000E+02 9.855024E-01
1.257500E+02 9.797746E-01
1.260000E+02 9.736430E-01
1.262500E+02 9.672883E-01
1.265000E+02 9.617420E-01
1.267500E+02 9.558329E-01
1.270000E+02 9.493609E-01
1.272500E+02 9.442250E-01
1.275000E+02 9.384594E-01
1.277500E+02 9.327008E-01
1.280000E+02 9.265652E-01
1.282500E+02 9.209485E-01
1.285000E+02 9.159256E-01
1.287500E+02 9.102605E-01
1.290000E+02 9.047632E-01
1.292500E+02 8.982872E-01
1.295000E+02 8.931471E-01
1.297500E+02 8.876375E-01
1.300000E+02 8.817875E-01
1.302500E+02 8.759589E-01
1.305000E+02 8.709637E-01
1.307500E+02 8.659692E-01
1.310000E+02 8.593541E-01
1.312500E+02 8.540601E-01
1.315000E+02 8.489728E-01
1.317500E+02 8.437107E-01
1.320000E+02 8.383383E-01
1.322500E+02 8.328282E-01
1.325000E+02 8.278337E-01
1.327500E+02 8.219506E-01
1.330000E+02 8.175084E-01
1.332500E+02 8.113456E-01
1.335000E+02 8.062628E-01
1.337500E+02 8.011437E-01
1.340000E+02 7.964154E-01
1.342500E+02 7.905324E-01
1.345000E+02 7.858117E-01
1.347500E+02 7.801427E-01
1.350000E+02 7.750532E-01
1.352500E+02 7.701668E-01
1.355000E+02 7.647704E-01
1.357500E+02 7.597030E-01
1.360000E+02 7.549017E-01
1.362500E+02 7.496517E-01
1.365000E+02 7.446796E-01
1.367500E+02 7.396073E-01
1.370000E+02 7.344541E-01
1.372500E+02 7.300433E-01
1.375000E+02 7.249811E-01
1.377500E+02 7.201512E-01
1.380000E+02 7.143553E-01
1.382500E+02 7.103374E-01
1.385000E+02 7.052295E-01
1.387500E+02 7.004558E-01
1.390000E+02 6.954263E-01
1.392500E+02 6.906227E-01
1.395000E+02 6.856215E-01
1.397500E+02 6.811536E-01
1.400000E+02 6.763288E-01
1.402500E+02 6.709713E-01
1.405000E+02 6.664925E-01
1.407500E+02 6.616962E-01
1.410000E+02 6.567880E-01
1.412500E+02 6.525584E-01
1.415000E+02 6.479383E-01
1.417500E+02 6.430590E-01
1.420000E+02 6.383581E-01
1.422500E+02 6.339166E-01
1.425000E+02 6.295331E-01
1.427500E+02 6.247660E-01
1.430000E+02 6.199230E-01
1.432500E+02 6.155941E-01
1.435000E+02 6.109775E-01
1.437500E+02 6.068835E-01
1.440000E+02 6.018464E-01
1.442500E+02 5.974092E-01
1.445000E+02 5.927644E-01
1.447500E+02 5.879506E-01
1.450000E+02 5.841320E-01
1.452500E+02 5.794603E-01
1.455000E+02 5.752822E-01
1.457500E+02 5.705579E-01
1.460000E+02 5.663406E-01
1.462500E+02 5.618909E-01
1.465000E+02 5.574273E-01
1.467500E+02 5.533821E-01
1.470000E+02 5.486661E-01
1.472500E+02 5.444583E-01
1.475000E+02 5.401869E-01
1.477500E+02 5.360001E-01
1.480000E+02 5.319664E-01
1.482500E+02 5.274470E-01
1.485000E+02 5.230638E-01
1.487500E+02 5.184895E-01
1.490000E+02 5.144881E-01
1.492500E+02 5.104453E-01
1.495000E+02 5.062619E-01
1.497500E+02 5.021779E-01
1.500000E+02 4.978687E-01
1.502500E+02 4.935746E-01
1.505000E+02 4.892818E-01
1.507500E+02 4.855292E-01
1.510000E+02 4.814594E-01
1.512500E+02 4.772991E-01
1.515000E+02 4.733563E-01
1.517500E+02 4.691158E-01
1.520000E+02 4.649360E-01
1.522500E+02 4.610942E-01
1.525000E+02 4.568678E-01
1.527500E+02 4.529745E-01
1.530000E+02 4.488321E-01
1.532500E+02 4.448589E-01
1.535000E+02 4.407546E-01
1.537500E+02 4.369341E-01
1.540000E+02 4.331827E-01
1.542500E+02 4.292277E-01
1.545000E+02 4.253007E-01
1.547500E+02 4.212921E-01
1.550000E+02 4.174076E-01
1.552500E+02 4.133316E-01
1.555000E+02 4.096631E-01
1.557500E+02 4.053308E-01
1.560000E+02 4.018898E-01
1.562500E+02 3.980878E-01
1.565000E+02 3.940680E-01
1.567500E+02 3.902074E-01
1.570000E+02 3.863538E-01
1.572500E+02 3.825469E-01
1.575000E+02 3.786804E-01
1.577500E+02 3.750887E-01
1.580000E+02 3.714822E-01
1.582500E+02 3.673864E-01
1.585000E+02 3.638987E-01
1.587500E+02 3.603298E-01
1.590000E+02 3.563871E-01
1.592500E+02 3.528033E-01
1.595000E+02 3.492414E-01
1.597500E+02 3.456712E-01
1.600000E+02 3.418597E-01
1.602500E+02 3.380757E-01
1.605000E+02 3.346088E-01
1.607500E+02 3.310610E-01
1.610000E+02 3.271886E-01
1.612500E+02 3.237629E-01
1.615000E+02 3.202167E-01
1.617500E+02 3.167585E-01
1.620000E+02 3.131021E-01
1.622500E+02 3.095425E-01
1.625000E+02 3.055523E-01
1.627500E+02 3.022310E-01
1.630000E+02 2.988168E-01
1.632500E+02 2.951697E-01
1.635000E+02 2.915934E-01
1.637500E+02 2.881795E-01
1.640000E+02 2.849478E-01
1.642500E+02 2.811386E-01
1.645000E+02 2.775251E-01
1.647500E+02 2.744339E-01
1.650000E+02 2.708201E-01
1.652500E+02 2.673704E-01
1.655000E+02 2.642440E-01
1.657500E+02 2.607336E-01
1.660000E+02 2.571791E-01
1.662500E+02 2.537440E-01
1.665000E+02 2.506501E-01
1.667500E+02 2.472699E-01
1.670000E+02 2.438149E-01
1.672500E+02 2.404490E-01
1.675000E+02 2.369757E-01
1.677500E+02 2.337357E-01
1.680000E+02 2.305315E-01
1.682500E+02 2.273240E-01
1.685000E+02 2.239444E-01
1.687500E+02 2.204247E-01
1.690000E+02 2.172991E-01
1.692500E+02 2.137979E-01
1.695000E+02 2.107012E-01
1.697500E+02 2.073525E-01
1.700000E+02 2.044225E-01
1.702500E+02 2.009668E-01
1.705000E+02 1.977474E-01
1.707500E+02 1.946515E-01
1.710000E+02 1.913743E-01
1.712500E+02 1.880981E-01
1.715000E+02 1.847915E-01
1.717500E+02 1.818132E-01
1.720000E+02 1.785050E-01
1.722500E+02 1.755106E-01
1.725000E+02 1.723377E-01
1.727500E+02 1.691856E-01
1.730000E+02 1.659934E-01
1.732500E+02 1.627166E-01
1.735000E+02 1.598653E-01
1.737500E+02 1.568605E-01
1.740000E+02 1.536907E-01
1.742500E+02 1.505996E-01
1.745000E+02 1.475050E-01
1.747500E+02 1.445164E-01
1.750000E+02 1.413197E-01
1.752500E+02 1.383088E-01
1.755000E+02 1.351566E-01
1.757500E+02 1.323238E-01
1.760000E+02 1.292801E-01
1.762500E+02 1.261876E-01
1.765000E+02 1.231549E-01
1.767500E+02 1.201674E-01
1.770000E+02 1.174014E-01
1.772500E+02 1.148681E-01
1.775000E+02 1.122809E-01
1.777500E+02 1.099249E-01
1.780000E+02 1.076761E-01
1.782500E+02 1.051901E-01
1.785000E+02 1.030671E-01
1.787500E+02 1.011355E-01
1.790000E+02 9.907915E-02
1.792500E+02 9.673918E-02
1.795000E+02 9.474488E-02
1.797500E+02 9.284572E-02
1.800000E+02 9.097422E-02
1.802500E+02 8.915543E-02
1.805000E+02 8.735214E-02
1.807500E+02 8.551762E-02
1.810000E+02 8.365369E-02
1.812500E+02 8.187928E-02
1.815000E+02 8.021382E-02
1.817500E+02 7.859455E-02
1.820000E+02 7.711499E-02
1.822500E+02 7.533996E-02
1.825000E+02 7.389930E-02
1.827500E+02 7.227650E-02
1.830000E+02 7.068093E-02
1.832500E+02 6.935887E-02
1.835000E+02 6.782226E-02
1.837500E+02 6.639784E-02
1.840000E+02 6.496119E-02
1.842500E+02 6.353524E-02
1.845000E+02 6.224712E-02
1.847500E+02 6.095445E-02
1.850000E+02 5.964264E-02
1.852500E+02 5.840878E-02
1.855000E+02 5.702923E-02
1.857500E+02 5.579246E-02
1.860000E+02 5.456966E-02
1.862500E+02 5.349824E-02
1.865000E+02 5.230104E-02
1.867500E+02 5.115965E-02
1.870000E+02 4.995072E-02
1.872500E+02 4.887507E-02
1.875000E+02 4.782077E-02
1.877500E+02 4.672819E-02
1.880000E+02 4.562835E-02
1.882500E+02 4.467649E-02
1.885000E+02 4.362771E-02
1.887500E+02 4.259417E-02
1.890000E+02 4.165304E-02
1.892500E+02 4.074481E-02
1.895000E+02 3.969842E-02
1.897500E+02 3.881250E-02
1.900000E+02 3.787352E-02
1.902500E+02 3.691335E-02
1.905000E+02 3.606182E-02
1.907500E+02 3.516102E-02
1.910000E+02 3.439449E-02
1.912500E+02 3.350701E-02
1.915000E+02 3.272383E-02
1.917500E+02 3.186556E-02
1.920000E+02 3.110989E-02
1.922500E+02 3.031511E-02
1.925000E+02 2.950790E-02
1.927500E+02 2.882382E-02
1.930000E+02 2.804824E-02
1.932500E+02 2.737205E-02
1.935000E+02 2.666206E-02
1.937500E+02 2.587545E-02
1.940000E+02 2.526117E-02
1.942500E+02 2.455605E-02
1.945000E+02 2.389077E-02
1.947500E+02 2.323911E-02
1.950000E+02 2.262783E-02
1.952500E+02 2.194363E-02
1.955000E+02 2.140153E-02
1.957500E+02 2.072645E-02
1.960000E+02 2.018399E-02
1.962500E+02 1.958971E-02
1.965000E+02 1.904705E-02
1.967500E+02 1.846045E-02
1.970000E+02 1.795419E-02
1.972500E+02 1.738822E-02
1.975000E+02 1.678940E-02
1.977500E+02 1.635244E-02
1.980000E+02 1.585812E-02
1.982500E+02 1.533222E-02
1.985000E+02 1.490051E-02
1.987500E+02 1.439760E-02
1.990000E+02 1.392230E-02
1.992500E+02 1.346492E-02
1.995000E+02 1.300778E-02
1.997500E+02 1.259030E-02
2.000000E+02 1.214808E-02
2.002500E+02 1.172441E-02
2.005000E+02 1.132504E-02
2.007500E+02 1.091187E-02
2.010000E+02 1.055185E-02
2.012500E+02 1.014937E-02
2.015000E+02 9.805430E-03
2.017500E+02 9.402680E-03
2.020000E+02 9.058104E-03
2.022500E+02 8.710869E-03
2.025000E+02 8.394920E-03
2.027500E+02 8.042790E-03
2.030000E+02 7.700182E-03
2.032500E+02 7.394833E-03
2.035000E+02 7.119266E-03
2.037500E+02 6.782631E-03
2.040000E+02 6.536340E-03
2.042500E+02 6.240111E-03
2.045000E+02 5.915379E-03
2.047500E+02 5.690117E-03
2.050000E+02 5.401414E-03
2.052500E+02 5.150211E-03
2.055000E+02 4.909851E-03
2.057500E+02 4.650262E-03
2.060000E+02 4.432625E-03
2.062500E+02 4.213819E-03
2.065000E+02 3.992453E-03
2.067500E+02 3.775149E-03
2.070000E+02 3.562597E-03
2.072500E+02 3.374475E-03
2.075000E+02 3.180443E-03
2.077500E+02 2.977359E-03
2.080000E+02 2.792092E-03
2.082500E+02 2.638904E-03
2.085000E+02 2.459688E-03
2.087500E+02 2.281197E-03
2.090000E+02 2.146497E-03
2.092500E+02 1.981820E-03
2.095000E+02 1.851513E-03
2.097500E+02 1.703936E-03
2.100000E+02 1.575965E-03
2.102500E+02 1.459482E-03
2.105000E+02 1.325096E-03
2.107500E+02 1.217897E-03
2.110000E+02 1.103238E-03
2.112500E+02 9.979957E-04
2.115000E+02 9.029931E-04
2.117500E+02 8.097673E-04
2.120000E+02 7.237402E-04
2.122500E+02 6.454640E-04
2.125000E+02 5.610243E-04
2.127500E+02 4.873304E-04
2.130000E+02 4.201208E-04
2.132500E+02 3.657946E-04
2.135000E+02 3.037847E-04
2.137500E+02 2.548518E-04
2.140000E+02 2.113210E-04
2.142500E+02 1.635396E-04
2.145000E+02 1.320995E-04
2.147500E+02 9.558849E-05
2.150000E+02 6.754299E-05
2.152500E+02 4.462481E-05
2.155000E+02 2.788913E-05
2.157500E+02 1.352365E-05
2.160000E+02 6.319701E-06
2.162500E+02 8.896763E-07
