2.500000E-01 0.000000E+00
5.000000E-01 0.000000E+00
7.500000E-01 0.000000E+00
1.000000E+00 0.000000E+00
1.250000E+00 0.000000E+00
1.500000E+00 0.000000E+00
1.750000E+00 0.000000E+00
2.000000E+00 0.000000E+00
2.250000E+00 0.000000E+00
2.500000E+00 0.000000E+00
2.750000E+00 0.000000E+00
3.000000E+00 0.000000E+00
3.250000E+00 4.272310E-05
3.500000E+00 4.232660E-02
3.750000E+00 3.352902E+00
4.000000E+00 2.498534E+01
4.250000E+00 5.014689E+01
4.500000E+00 5.087649E+01
4.750000E+00 3.814005E+01
5.000000E+00 2.568725E+01
5.250000E+00 1.708808E+01
5.500000E+00 1.171653E+01
5.750000E+00 8.644399E+00
6.000000E+00 6.943228E+00
6.250000E+00 5.963703E+00
6.500000E+00 5.194819E+00
6.750000E+00 4.403403E+00
7.000000E+00 3.687829E+00
7.250000E+00 3.149940E+00
7.500000E+00 2.845241E+00
7.750000E+00 2.796285E+00
8.000000E+00 3.066612E+00
8.250000E+00 3.507268E+00
8.500000E+00 3.866406E+00
8.750000E+00 3.845539E+00
9.000000E+00 3.540641E+00
9.250000E+00 3.103068E+00
9.500000E+00 2.677090E+00
9.750000E+00 2.332600E+00
1.000000E+01 2.076779E+00
1.025000E+01 1.874173E+00
1.050000E+01 1.732595E+00
1.075000E+01 1.610609E+00
1.100000E+01 1.514878E+00
1.125000E+01 1.441787E+00
1.150000E+01 1.380263E+00
1.175000E+01 1.350181E+00
1.200000E+01 1.329896E+00
1.225000E+01 1.328259E+00
1.250000E+01 1.336948E+00
1.275000E+01 1.334666E+00
1.300000E+01 1.324523E+00
1.325000E+01 1.299020E+00
1.350000E+01 1.264729E+00
1.375000E+01 1.228034E+00
1.400000E+01 1.198006E+00
1.425000E+01 1.168571E+00
1.450000E+01 1.143456E+00
1.475000E+01 1.123744E+00
1.500000E+01 1.107848E+00
1.525000E+01 1.094855E+00
1.550000E+01 1.084039E+00
1.575000E+01 1.075956E+00
1.600000E+01 1.070677E+00
1.625000E+01 1.067686E+00
1.650000E+01 1.062295E+00
1.675000E+01 1.061450E+00
1.700000E+01 1.061201E+00
1.725000E+01 1.055744E+00
1.750000E+01 1.051453E+00
1.775000E+01 1.048150E+00
1.800000E+01 1.043532E+00
1.825000E+01 1.038941E+00
1.850000E+01 1.035532E+00
1.875000E+01 1.029936E+00
1.900000E+01 1.029919E+00
1.925000E+01 1.025645E+00
1.950000E+01 1.024191E+00
1.975000E+01 1.023086E+00
2.000000E+01 1.019490E+00
2.025000E+01 1.018037E+00
2.050000E+01 1.018967E+00
2.075000E+01 1.020114E+00
2.100000E+01 1.016863E+00
2.125000E+01 1.014111E+00
2.150000E+01 1.015091E+00
2.175000E+01 1.014577E+00
2.200000E+01 1.014136E+00
2.225000E+01 1.012690E+00
2.250000E+01 1.010936E+00
2.275000E+01 1.014534E+00
2.300000E+01 1.011885E+00
2.325000E+01 1.012223E+00
2.350000E+01 1.011280E+00
2.375000E+01 1.011114E+00
2.400000E+01 1.009990E+00
2.425000E+01 1.009751E+00
2.450000E+01 1.009464E+00
2.475000E+01 1.009971E+00
2.500000E+01 1.010252E+00
2.525000E+01 1.008513E+00
2.550000E+01 1.008445E+00
2.575000E+01 1.008264E+00
2.600000E+01 1.008563E+00
2.625000E+01 1.007585E+00
2.650000E+01 1.008552E+00
2.675000E+01 1.006908E+00
2.700000E+01 1.007521E+00
2.725000E+01 1.007735E+00
2.750000E+01 1.006589E+00
2.775000E+01 1.007053E+00
2.800000E+01 1.007458E+00
2.825000E+01 1.007150E+00
2.850000E+01 1.006503E+00
2.875000E+01 1.007239E+00
2.900000E+01 1.006660E+00
2.925000E+01 1.006321E+00
2.950000E+01 1.007389E+00
2.975000E+01 1.006201E+00
3.000000E+01 1.006463E+00
3.025000E+01 1.006682E+00
3.050000E+01 1.005570E+00
3.075000E+01 1.006206E+00
3.100000E+01 1.007098E+00
3.125000E+01 1.005182E+00
3.150000E+01 1.006665E+00
3.175000E+01 1.006357E+00
3.200000E+01 1.006387E+00
3.225000E+01 1.005783E+00
3.250000E+01 1.005285E+00
3.275000E+01 1.005061E+00
3.300000E+01 1.006702E+00
3.325000E+01 1.006477E+00
3.350000E+01 1.005301E+00
3.375000E+01 1.005376E+00
3.400000E+01 1.005429E+00
3.425000E+01 1.005281E+00
3.450000E+01 1.003769E+00
3.475000E+01 1.005419E+00
3.500000E+01 1.004186E+00
3.525000E+01 1.004687E+00
3.550000E+01 1.005113E+00
3.575000E+01 1.004954E+00
3.600000E+01 1.005895E+00
3.625000E+01 1.004724E+00
3.650000E+01 1.004151E+00
3.675000E+01 1.004419E+00
3.700000E+01 1.004820E+00
3.725000E+01 1.004004E+00
3.750000E+01 1.005494E+00
3.775000E+01 1.005788E+00
3.800000E+01 1.005133E+00
3.825000E+01 1.003952E+00
3.850000E+01 1.004246E+00
3.875000E+01 1.005385E+00
3.900000E+01 1.005269E+00
3.925000E+01 1.004488E+00
3.950000E+01 1.004052E+00
3.975000E+01 1.004790E+00
4.000000E+01 1.004741E+00
4.025000E+01 1.003214E+00
4.050000E+01 1.003108E+00
4.075000E+01 1.003572E+00
4.100000E+01 1.003669E+00
4.125000E+01 1.003920E+00
4.150000E+01 1.003060E+00
4.175000E+01 1.003265E+00
4.200000E+01 1.004382E+00
4.225000E+01 1.003919E+00
4.250000E+01 1.003250E+00
4.275000E+01 1.003200E+00
4.300000E+01 1.002865E+00
4.325000E+01 1.003677E+00
4.350000E+01 1.002744E+00
4.375000E+01 1.002487E+00
4.400000E+01 1.003170E+00
4.425000E+01 1.003521E+00
4.450000E+01 1.002982E+00
4.475000E+01 1.003888E+00
4.500000E+01 1.002386E+00
4.525000E+01 1.004000E+00
4.550000E+01 1.003354E+00
4.575000E+01 1.003129E+00
4.600000E+01 1.003498E+00
4.625000E+01 1.003510E+00
4.650000E+01 1.002460E+00
4.675000E+01 1.003546E+00
4.700000E+01 1.003063E+00
4.725000E+01 1.002642E+00
4.750000E+01 1.002829E+00
4.775000E+01 1.002587E+00
4.800000E+01 1.003076E+00
4.825000E+01 1.002199E+00
4.850000E+01 1.003029E+00
4.875000E+01 1.003205E+00
4.900000E+01 1.002689E+00
4.925000E+01 1.002886E+00
4.950000E+01 1.003177E+00
4.975000E+01 1.002862E+00
5.000000E+01 1.002757E+00
5.025000E+01 1.002409E+00
5.050000E+01 1.002763E+00
5.075000E+01 1.002636E+00
5.100000E+01 1.003814E+00
5.125000E+01 1.002831E+00
5.150000E+01 1.002077E+00
5.175000E+01 1.002718E+00
5.200000E+01 1.002891E+00
5.225000E+01 1.002409E+00
5.250000E+01 1.003038E+00
5.275000E+01 1.002365E+00
5.300000E+01 1.002568E+00
5.325000E+01 1.002034E+00
5.350000E+01 1.003146E+00
5.375000E+01 1.002033E+00
5.400000E+01 1.002771E+00
5.425000E+01 1.003637E+00
5.450000E+01 1.002542E+00
5.475000E+01 1.002973E+00
5.500000E+01 1.002701E+00
5.525000E+01 1.002443E+00
5.550000E+01 1.003018E+00
5.575000E+01 1.002963E+00
5.600000E+01 1.002099E+00
5.625000E+01 1.002839E+00
5.650000E+01 1.002707E+00
5.675000E+01 1.002921E+00
5.700000E+01 1.002744E+00
5.725000E+01 1.002876E+00
5.750000E+01 1.002764E+00
5.775000E+01 1.002856E+00
5.800000E+01 1.002515E+00
5.825000E+01 1.002126E+00
5.850000E+01 1.002015E+00
5.875000E+01 1.002900E+00
5.900000E+01 1.002272E+00
5.925000E+01 1.002747E+00
5.950000E+01 1.002692E+00
5.975000E+01 1.002665E+00
6.000000E+01 1.002650E+00
6.025000E+01 1.002025E+00
6.050000E+01 1.002645E+00
6.075000E+01 1.002303E+00
6.100000E+01 1.002048E+00
6.125000E+01 1.002247E+00
6.150000E+01 1.002396E+00
6.175000E+01 1.001536E+00
6.200000E+01 1.002600E+00
6.225000E+01 1.001679E+00
6.250000E+01 1.002109E+00
6.275000E+01 1.002129E+00
6.300000E+01 1.002059E+00
6.325000E+01 1.002428E+00
6.350000E+01 1.002095E+00
6.375000E+01 1.001256E+00
6.400000E+01 1.001933E+00
6.425000E+01 1.001482E+00
6.450000E+01 1.002199E+00
6.475000E+01 1.002154E+00
6.500000E+01 1.001730E+00
6.525000E+01 1.001901E+00
6.550000E+01 1.002379E+00
6.575000E+01 1.001781E+00
6.600000E+01 1.001630E+00
6.625000E+01 1.002149E+00
6.650000E+01 1.001519E+00
6.675000E+01 1.001730E+00
6.700000E+01 1.001805E+00
6.725000E+01 1.001858E+00
6.750000E+01 1.002217E+00
6.775000E+01 1.001694E+00
6.800000E+01 1.002387E+00
6.825000E+01 1.001617E+00
6.850000E+01 1.001583E+00
6.875000E+01 1.001659E+00
6.900000E+01 1.001790E+00
6.925000E+01 1.001695E+00
6.950000E+01 1.001583E+00
6.975000E+01 1.001632E+00
7.000000E+01 1.002133E+00
7.025000E+01 1.001353E+00
7.050000E+01 1.001460E+00
7.075000E+01 1.001562E+00
7.100000E+01 1.001638E+00
7.125000E+01 1.001414E+00
7.150000E+01 1.001474E+00
7.175000E+01 1.002059E+00
7.200000E+01 1.001434E+00
7.225000E+01 1.001557E+00
7.250000E+01 1.001438E+00
7.275000E+01 1.001141E+00
7.300000E+01 1.002031E+00
7.325000E+01 1.001762E+00
7.350000E+01 1.001349E+00
7.375000E+01 1.001099E+00
7.400000E+01 1.001740E+00
7.425000E+01 1.001185E+00
7.450000E+01 1.001695E+00
7.475000E+01 1.001837E+00
7.500000E+01 1.001510E+00
7.525000E+01 1.001819E+00
7.550000E+01 1.001665E+00
7.575000E+01 1.001471E+00
7.600000E+01 1.001778E+00
7.625000E+01 1.001620E+00
7.650000E+01 1.000873E+00
7.675000E+01 1.002014E+00
7.700000E+01 1.001168E+00
7.725000E+01 1.000928E+00
7.750000E+01 1.001180E+00
7.775000E+01 1.001654E+00
7.800000E+01 1.001610E+00
7.825000E+01 1.000968E+00
7.850000E+01 1.001157E+00
7.875000E+01 1.001508E+00
7.900000E+01 1.000558E+00
7.925000E+01 1.001222E+00
7.950000E+01 1.001650E+00
7.975000E+01 1.001439E+00
8.000000E+01 1.001352E+00
8.025000E+01 1.001523E+00
8.050000E+01 1.001184E+00
8.075000E+01 1.000718E+00
8.100000E+01 1.001325E+00
8.125000E+01 1.001329E+00
8.150000E+01 1.001452E+00
8.175000E+01 1.001476E+00
8.200000E+01 1.001074E+00
8.225000E+01 1.001200E+00
8.250000E+01 1.000688E+00
8.275000E+01 1.001104E+00
8.300000E+01 1.000991E+00
8.325000E+01 1.000812E+00
8.350000E+01 1.001174E+00
8.375000E+01 1.001188E+00
8.400000E+01 1.000934E+00
8.425000E+01 1.001229E+00
8.450000E+01 1.001007E+00
8.475000E+01 1.000971E+00
8.500000E+01 1.000921E+00
8.525000E+01 1.000834E+00
8.550000E+01 1.001156E+00
8.575000E+01 1.001308E+00
8.600000E+01 1.001021E+00
8.625000E+01 1.001553E+00
8.650000E+01 1.001336E+00
8.675000E+01 1.000949E+00
8.700000E+01 1.001097E+00
8.725000E+01 1.001143E+00
8.750000E+01 1.000932E+00
8.775000E+01 1.001467E+00
8.800000E+01 1.000929E+00
8.825000E+01 1.001298E+00
8.850000E+01 1.001050E+00
8.875000E+01 1.000751E+00
8.900000E+01 1.001141E+00
8.925000E+01 1.000811E+00
8.950000E+01 1.001460E+00
8.975000E+01 1.000463E+00
9.000000E+01 1.000828E+00
9.025000E+01 1.001053E+00
9.050000E+01 1.000773E+00
9.075000E+01 1.000576E+00
9.100000E+01 1.001358E+00
9.125000E+01 1.000805E+00
9.150000E+01 1.000777E+00
9.175000E+01 1.001120E+00
9.200000E+01 1.001442E+00
9.225000E+01 1.000380E+00
9.250000E+01 1.000963E+00
9.275000E+01 1.000566E+00
9.300000E+01 1.000600E+00
9.325000E+01 1.001151E+00
9.350000E+01 1.000699E+00
9.375000E+01 1.000589E+00
9.400000E+01 1.000797E+00
9.425000E+01 1.000619E+00
9.450000E+01 1.000636E+00
9.475000E+01 1.000668E+00
9.500000E+01 1.000917E+00
9.525000E+01 1.000869E+00
9.550000E+01 1.000423E+00
9.575000E+01 1.000925E+00
9.600000E+01 1.000821E+00
9.625000E+01 1.000940E+00
9.650000E+01 1.000582E+00
9.675000E+01 1.000591E+00
9.700000E+01 1.001157E+00
9.725000E+01 1.000508E+00
9.750000E+01 1.000819E+00
9.775000E+01 1.000684E+00
9.800000E+01 1.000544E+00
9.825000E+01 1.000224E+00
9.850000E+01 1.000835E+00
9.875000E+01 1.000914E+00
9.900000E+01 1.000573E+00
9.925000E+01 1.000787E+00
9.950000E+01 1.000587E+00
9.975000E+01 1.000849E+00
1.000000E+02 1.000544E+00
1.002500E+02 1.001141E+00
1.005000E+02 1.000526E+00
1.007500E+02 1.000364E+00
1.010000E+02 1.000717E+00
1.012500E+02 1.000770E+00
1.015000E+02 1.000922E+00
1.017500E+02 1.001060E+00
1.020000E+02 1.000476E+00
1.022500E+02 1.000629E+00
1.025000E+02 1.000416E+00
1.027500E+02 1.000655E+00
1.030000E+02 1.000625E+00
1.032500E+02 1.000440E+00
1.035000E+02 1.001029E+00
1.037500E+02 1.000678E+00
1.040000E+02 1.000300E+00
1.042500E+02 1.000436E+00
1.045000E+02 1.000632E+00
1.047500E+02 1.000874E+00
1.050000E+02 1.000479E+00
1.052500E+02 1.000645E+00
1.055000E+02 1.001003E+00
1.057500E+02 1.000548E+00
1.060000E+02 1.000716E+00
1.062500E+02 1.000784E+00
1.065000E+02 1.000302E+00
1.067500E+02 1.000599E+00
1.070000E+02 1.000739E+00
1.072500E+02 1.000279E+00
1.075000E+02 1.000437E+00
1.077500E+02 1.000797E+00
1.080000E+02 1.000560E+00
1.082500E+02 1.000893E+00
1.085000E+02 1.000295E+00
1.087500E+02 1.000479E+00
1.090000E+02 1.000502E+00
1.092500E+02 1.000497E+00
1.095000E+02 1.000120E+00
1.097500E+02 1.000721E+00
1.100000E+02 1.000301E+00
1.102500E+02 1.000425E+00
1.105000E+02 1.000437E+00
1.107500E+02 1.000471E+00
1.110000E+02 1.000241E+00
1.112500E+02 1.000323E+00
1.115000E+02 1.000815E+00
1.117500E+02 1.000267E+00
1.120000E+02 1.000418E+00
1.122500E+02 1.000449E+00
1.125000E+02 1.000417E+00
1.127500E+02 1.000754E+00
1.130000E+02 1.000483E+00
1.132500E+02 1.000696E+00
1.135000E+02 1.000575E+00
1.137500E+02 1.000447E+00
1.140000E+02 1.000509E+00
1.142500E+02 1.000570E+00
1.145000E+02 1.000454E+00
1.147500E+02 1.000563E+00
1.150000E+02 1.000408E+00
1.152500E+02 1.000335E+00
1.155000E+02 1.000123E+00
1.157500E+02 1.000559E+00
1.160000E+02 1.000281E+00
1.162500E+02 1.000065E+00
1.165000E+02 1.000704E+00
1.167500E+02 1.000734E+00
1.170000E+02 1.000688E+00
1.172500E+02 1.000321E+00
1.175000E+02 1.000462E+00
1.177500E+02 1.000291E+00
1.180000E+02 1.000340E+00
1.182500E+02 1.000401E+00
1.185000E+02 1.000674E+00
1.187500E+02 1.000540E+00
1.190000E+02 1.000541E+00
1.192500E+02 1.000437E+00
1.195000E+02 1.000203E+00
1.197500E+02 1.000227E+00
1.200000E+02 1.000439E+00
1.202500E+02 1.000542E+00
1.205000E+02 1.000458E+00
1.207500E+02 1.000354E+00
1.210000E+02 1.000216E+00
1.212500E+02 1.000277E+00
1.215000E+02 1.000415E+00
1.217500E+02 1.000456E+00
1.220000E+02 1.000354E+00
1.222500E+02 1.000132E+00
1.225000E+02 1.000366E+00
1.227500E+02 1.000067E+00
1.230000E+02 1.000368E+00
1.232500E+02 1.000433E+00
1.235000E+02 1.000227E+00
1.237500E+02 1.000324E+00
1.240000E+02 1.000324E+00
1.242500E+02 1.000250E+00
1.245000E+02 1.000600E+00
1.247500E+02 1.000334E+00
1.250000E+02 9.973484E-01
1.252500E+02 9.910467E-01
1.255000E+02 9.850661E-01
1.257500E+02 9.793208E-01
1.260000E+02 9.736576E-01
1.262500E+02 9.676256E-01
1.265000E+02 9.617218E-01
1.267500E+02 9.561538E-01
1.270000E+02 9.501536E-01
1.272500E+02 9.446122E-01
1.275000E+02 9.387273E-01
1.277500E+02 9.330413E-01
1.280000E+02 9.267345E-01
1.282500E+02 9.215763E-01
1.285000E+02 9.156200E-01
1.287500E+02 9.103423E-01
1.290000E+02 9.043627E-01
1.292500E+02 8.989663E-01
1.295000E+02 8.932189E-01
1.297500E+02 8.875151E-01
1.300000E+02 8.818035E-01
1.302500E+02 8.763204E-01
1.305000E+02 8.707436E-01
1.307500E+02 8.656503E-01
1.310000E+02 8.601456E-01
1.312500E+02 8.546126E-01
1.315000E+02 8.492081E-01
1.317500E+02 8.438683E-01
1.320000E+02 8.385912E-01
1.322500E+02 8.332141E-01
1.325000E+02 8.278193E-01
1.327500E+02 8.224325E-01
1.330000E+02 8.170581E-01
1.332500E+02 8.119155E-01
1.335000E+02 8.064215E-01
1.337500E+02 8.012696E-01
1.340000E+02 7.961793E-01
1.342500E+02 7.906543E-01
1.345000E+02 7.858680E-01
1.347500E+02 7.804396E-01
1.350000E+02 7.753488E-01
1.352500E+02 7.701142E-01
1.355000E+02 7.653917E-01
1.357500E+02 7.600319E-01
1.360000E+02 7.551590E-01
1.362500E+02 7.498354E-01
1.365000E+02 7.448114E-01
1.367500E+02 7.399798E-01
1.370000E+02 7.350395E-01
1.372500E+02 7.298947E-01
1.375000E+02 7.250281E-01
1.377500E+02 7.199617E-01
1.380000E+02 7.149024E-01
1.382500E+02 7.101172E-01
1.385000E+02 7.052712E-01
1.387500E+02 7.004142E-01
1.390000E+02 6.955899E-01
1.392500E+02 6.907143E-01
1.395000E+02 6.858656E-01
1.397500E+02 6.810466E-01
1.400000E+02 6.761601E-01
1.402500E+02 6.712037E-01
1.405000E+02 6.666756E-01
1.407500E+02 6.620276E-01
1.410000E+02 6.573006E-01
1.412500E+02 6.524460E-01
1.415000E+02 6.478119E-01
1.417500E+02 6.432392E-01
1.420000E+02 6.386708E-01
1.422500E+02 6.339294E-01
1.425000E+02 6.292300E-01
1.427500E+02 6.245560E-01
1.430000E+02 6.201496E-01
1.432500E+02 6.156152E-01
1.435000E+02 6.109310E-01
1.437500E+02 6.064172E-01
1.440000E+02 6.019380E-01
1.442500E+02 5.975206E-01
1.445000E+02 5.927525E-01
1.447500E+02 5.885685E-01
1.450000E+02 5.838344E-01
1.452500E+02 5.794712E-01
1.455000E+02 5.750769E-01
1.457500E+02 5.707001E-01
1.460000E+02 5.663488E-01
1.462500E+02 5.618177E-01
1.465000E+02 5.575168E-01
1.467500E+02 5.531338E-01
1.470000E+02 5.488832E-01
1.472500E+02 5.445878E-01
1.475000E+02 5.401620E-01
1.477500E+02 5.359116E-01
1.480000E+02 5.315751E-01
1.482500E+02 5.273328E-01
1.485000E+02 5.230609E-01
1.487500E+02 5.190520E-01
1.490000E+02 5.147987E-01
1.492500E+02 5.103092E-01
1.495000E+02 5.062325E-01
1.497500E+02 5.023028E-01
1.500000E+02 4.979191E-01
1.502500E+02 4.938191E-01
1.505000E+02 4.896352E-01
1.507500E+02 4.855419E-01
1.510000E+02 4.813927E-01
1.512500E+02 4.774346E-01
1.515000E+02 4.732260E-01
1.517500E+02 4.691873E-01
1.520000E+02 4.650502E-01
1.522500E+02 4.609543E-01
1.525000E+02 4.570672E-01
1.527500E+02 4.529731E-01
1.530000E+02 4.490448E-01
1.532500E+02 4.451410E-01
1.535000E+02 4.411563E-01
1.537500E+02 4.371906E-01
1.540000E+02 4.332079E-01
1.542500E+02 4.291473E-01
1.545000E+02 4.252291E-01
1.547500E+02 4.212318E-01
1.550000E+02 4.174662E-01
1.552500E+02 4.135946E-01
1.555000E+02 4.095109E-01
1.557500E+02 4.059106E-01
1.560000E+02 4.017860E-01
1.562500E+02 3.980854E-01
1.565000E+02 3.941941E-01
1.567500E+02 3.903976E-01
1.570000E+02 3.866398E-01
1.572500E+02 3.829400E-01
1.575000E+02 3.790463E-01
1.577500E+02 3.753107E-01
1.580000E+02 3.715697E-01
1.582500E+02 3.678116E-01
1.585000E+02 3.641391E-01
1.587500E+02 3.604276E-01
1.590000E+02 3.566003E-01
1.592500E+02 3.530281E-01
1.595000E+02 3.492022E-01
1.597500E+02 3.456541E-01
1.600000E+02 3.418675E-01
1.602500E+02 3.383066E-01
1.605000E+02 3.347992E-01
1.607500E+02 3.311176E-01
1.610000E+02 3.273349E-01
1.612500E+02 3.237635E-01
1.615000E+02 3.200800E-01
1.617500E+02 3.166532E-01
1.620000E+02 3.128830E-01
1.622500E+02 3.096044E-01
1.625000E+02 3.058899E-01
1.627500E+02 3.022101E-01
1.630000E+02 2.988083E-01
1.632500E+02 2.953159E-01
1.635000E+02 2.917983E-01
1.637500E+02 2.882821E-01
1.640000E+02 2.848780E-01
1.642500E+02 2.814113E-01
1.645000E+02 2.778424E-01
1.647500E+02 2.744524E-01
1.650000E+02 2.709076E-01
1.652500E+02 2.675308E-01
1.655000E+02 2.641333E-01
1.657500E+02 2.607730E-01
1.660000E+02 2.573286E-01
1.662500E+02 2.539607E-01
1.665000E+02 2.506031E-01
1.667500E+02 2.471444E-01
1.670000E+02 2.437901E-01
1.672500E+02 2.405267E-01
1.675000E+02 2.370072E-01
1.677500E+02 2.338826E-01
1.680000E+02 2.304660E-01
1.682500E+02 2.271014E-01
1.685000E+02 2.238636E-01
1.687500E+02 2.205954E-01
1.690000E+02 2.171629E-01
1.692500E+02 2.141061E-01
1.695000E+02 2.106926E-01
1.697500E+02 2.073702E-01
1.700000E+02 2.041634E-01
1.702500E+02 2.009995E-01
1.705000E+02 1.978095E-01
1.707500E+02 1.945943E-01
1.710000E+02 1.913002E-01
1.712500E+02 1.881222E-01
1.715000E+02 1.849437E-01
1.717500E+02 1.817579E-01
1.720000E+02 1.786681E-01
1.722500E+02 1.754436E-01
1.725000E+02 1.723285E-01
1.727500E+02 1.691317E-01
1.730000E+02 1.660407E-01
1.732500E+02 1.628325E-01
1.735000E+02 1.596435E-01
1.737500E+02 1.566789E-01
1.740000E+02 1.536147E-01
1.742500E+02 1.505149E-01
1.745000E+02 1.474842E-01
1.747500E+02 1.443964E-01
1.750000E+02 1.412490E-01
1.752500E+02 1.382543E-01
1.755000E+02 1.351407E-01
1.757500E+02 1.321500E-01
1.760000E+02 1.291212E-01
1.762500E+02 1.261634E-01
1.765000E+02 1.231412E-01
1.767500E+02 1.201422E-01
1.770000E+02 1.174479E-01
1.772500E+02 1.148802E-01
1.775000E+02 1.124192E-01
1.777500E+02 1.099463E-01
1.780000E+02 1.076247E-01
1.782500E+02 1.054029E-01
1.785000E+02 1.031342E-01
1.787500E+02 1.010325E-01
1.790000E+02 9.890118E-02
1.792500E+02 9.678541E-02
1.795000E+02 9.477159E-02
1.797500E+02 9.293221E-02
1.800000E+02 9.095758E-02
1.802500E+02 8.914567E-02
1.805000E+02 8.716438E-02
1.807500E+02 8.541092E-02
1.810000E+02 8.364995E-02
1.812500E+02 8.195625E-02
1.815000E+02 8.023559E-02
1.817500E+02 7.851910E-02
1.820000E+02 7.692765E-02
1.822500E+02 7.537081E-02
1.825000E+02 7.379546E-02
1.827500E+02 7.224968E-02
1.830000E+02 7.074922E-02
1.832500E+02 6.924001E-02
1.835000E+02 6.781568E-02
1.837500E+02 6.639647E-02
1.840000E+02 6.498243E-02
1.842500E+02 6.362579E-02
1.845000E+02 6.228247E-02
1.847500E+02 6.093907E-02
1.850000E+02 5.964603E-02
1.852500E+02 5.832982E-02
1.855000E+02 5.704474E-02
1.857500E+02 5.585947E-02
1.860000E+02 5.457607E-02
1.862500E+02 5.344422E-02
1.865000E+02 5.223201E-02
1.867500E+02 5.109025E-02
1.870000E+02 4.995513E-02
1.872500E+02 4.886092E-02
1.875000E+02 4.775979E-02
1.877500E+02 4.671997E-02
1.880000E+02 4.561105E-02
1.882500E+02 4.464694E-02
1.885000E+02 4.356259E-02
1.887500E+02 4.263190E-02
1.890000E+02 4.161783E-02
1.892500E+02 4.067168E-02
1.895000E+02 3.966900E-02
1.897500E+02 3.876709E-02
1.900000E+02 3.783972E-02
1.902500E+02 3.693270E-02
1.905000E+02 3.609768E-02
1.907500E+02 3.519158E-02
1.910000E+02 3.433126E-02
1.912500E+02 3.351962E-02
1.915000E+02 3.268032E-02
1.917500E+02 3.184249E-02
1.920000E+02 3.107060E-02
1.922500E+02 3.027880E-02
1.925000E+02 2.951632E-02
1.927500E+02 2.879134E-02
1.930000E+02 2.801503E-02
1.932500E+02 2.732366E-02
1.935000E+02 2.657970E-02
1.937500E+02 2.588428E-02
1.940000E+02 2.518557E-02
1.942500E+02 2.454084E-02
1.945000E+02 2.386766E-02
1.947500E+02 2.318034E-02
1.950000E+02 2.256838E-02
1.952500E+02 2.195625E-02
1.955000E+02 2.132552E-02
1.957500E+02 2.075312E-02
1.960000E+02 2.015470E-02
1.962500E+02 1.957605E-02
1.965000E+02 1.901489E-02
1.967500E+02 1.844725E-02
1.970000E+02 1.789214E-02
1.972500E+02 1.737278E-02
1.975000E+02 1.683379E-02
1.977500E+02 1.631220E-02
1.980000E+02 1.583761E-02
1.982500E+02 1.532648E-02
1.985000E+02 1.484915E-02
1.987500E+02 1.437197E-02
1.990000E+02 1.390892E-02
1.992500E+02 1.345846E-02
1.995000E+02 1.301029E-02
1.997500E+02 1.257542E-02
2.000000E+02 1.215507E-02
2.002500E+02 1.172652E-02
2.005000E+02 1.131959E-02
2.007500E+02 1.091982E-02
2.010000E+02 1.052435E-02
2.012500E+02 1.015294E-02
2.015000E+02 9.782278E-03
2.017500E+02 9.417565E-03
2.020000E+02 9.048899E-03
2.022500E+02 8.698551E-03
2.025000E+02 8.360249E-03
2.027500E+02 8.034017E-03
2.030000E+02 7.718586E-03
2.032500E+02 7.389149E-03
2.035000E+02 7.090073E-03
2.037500E+02 6.801139E-03
2.040000E+02 6.502245E-03
2.042500E+02 6.216314E-03
2.045000E+02 5.944676E-03
2.047500E+02 5.672603E-03
2.050000E+02 5.411233E-03
2.052500E+02 5.144982E-03
2.055000E+02 4.901456E-03
2.057500E+02 4.663340E-03
2.060000E+02 4.432862E-03
2.062500E+02 4.199986E-03
2.065000E+02 3.981866E-03
2.067500E+02 3.779071E-03
2.070000E+02 3.564458E-03
2.072500E+02 3.362206E-03
2.075000E+02 3.172529E-03
2.077500E+02 2.973510E-03
2.080000E+02 2.800887E-03
2.082500E+02 2.615474E-03
2.085000E+02 2.454319E-03
2.087500E+02 2.297344E-03
2.090000E+02 2.141858E-03
2.092500E+02 1.995177E-03
2.095000E+02 1.850640E-03
2.097500E+02 1.710149E-03
2.100000E+02 1.575971E-03
2.102500E+02 1.446917E-03
2.105000E+02 1.327454E-03
2.107500E+02 1.211764E-03
2.110000E+02 1.105893E-03
2.112500E+02 1.001561E-03
2.115000E+02 9.099250E-04
2.117500E+02 8.081816E-04
2.120000E+02 7.171065E-04
2.122500E+02 6.429758E-04
2.125000E+02 5.589487E-04
2.127500E+02 4.885744E-04
2.130000E+02 4.231340E-04
2.132500E+02 3.646773E-04
2.135000E+02 3.078790E-04
2.137500E+02 2.551381E-04
2.140000E+02 2.059731E-04
2.142500E+02 1.641346E-04
2.145000E+02 1.280320E-04
2.147500E+02 9.474865E-05
2.150000E+02 6.845331E-05
2.152500E+02 4.689639E-05
2.155000E+02 2.830580E-05
2.157500E+02 1.466786E-05
2.160000E+02 5.368030E-06
2.162500E+02 5.886363E-07
