2.500000E-01 0.000000E+00
5.000000E-01 0.000000E+00
7.500000E-01 0.000000E+00
1.000000E+00 0.000000E+00
1.250000E+00 0.000000E+00
1.500000E+00 0.000000E+00
1.750000E+00 0.000000E+00
2.000000E+00 0.000000E+00
2.250000E+00 0.000000E+00
2.500000E+00 0.000000E+00
2.750000E+00 0.000000E+00
3.000000E+00 0.000000E+00
3.250000E+00 0.000000E+00
3.500000E+00 3.332820E-01
3.750000E+00 2.153774E+01
4.000000E+00 1.311845E+02
4.250000E+00 2.134277E+02
4.500000E+00 1.787773E+02
4.750000E+00 1.129738E+02
5.000000E+00 6.625986E+01
5.250000E+00 3.939819E+01
5.500000E+00 2.543241E+01
5.750000E+00 1.856419E+01
6.000000E+00 1.570001E+01
6.250000E+00 1.412687E+01
6.500000E+00 1.253541E+01
6.750000E+00 1.068237E+01
7.000000E+00 8.977868E+00
7.250000E+00 7.925606E+00
7.500000E+00 7.779976E+00
7.750000E+00 9.408971E+00
8.000000E+00 1.305135E+01
8.250000E+00 1.696981E+01
8.500000E+00 1.838641E+01
8.750000E+00 1.672183E+01
9.000000E+00 1.351098E+01
9.250000E+00 1.044571E+01
9.500000E+00 8.090959E+00
9.750000E+00 6.493382E+00
1.000000E+01 5.418294E+00
1.025000E+01 4.711037E+00
1.050000E+01 4.186658E+00
1.075000E+01 3.755203E+00
1.100000E+01 3.412826E+00
1.125000E+01 3.195126E+00
1.150000E+01 3.123755E+00
1.175000E+01 3.207589E+00
1.200000E+01 3.437666E+00
1.225000E+01 3.709827E+00
1.250000E+01 3.898315E+00
1.275000E+01 3.848521E+00
1.300000E+01 3.589109E+00
1.325000E+01 3.248270E+00
1.350000E+01 2.871732E+00
1.375000E+01 2.526324E+00
1.400000E+01 2.275652E+00
1.425000E+01 2.091273E+00
1.450000E+01 1.939184E+00
1.475000E+01 1.824385E+00
1.500000E+01 1.745741E+00
1.525000E+01 1.691236E+00
1.550000E+01 1.662787E+00
1.575000E+01 1.647675E+00
1.600000E+01 1.649703E+00
1.625000E+01 1.656054E+00
1.650000E+01 1.670680E+00
1.675000E+01 1.652857E+00
1.700000E+01 1.620562E+00
1.725000E+01 1.561614E+00
1.750000E+01 1.504462E+00
1.775000E+01 1.438066E+00
1.800000E+01 1.380336E+00
1.825000E+01 1.331324E+00
1.850000E+01 1.298968E+00
1.875000E+01 1.255761E+00
1.900000E+01 1.234266E+00
1.925000E+01 1.220048E+00
1.950000E+01 1.201695E+00
1.975000E+01 1.197338E+00
2.000000E+01 1.187552E+00
2.025000E+01 1.184447E+00
2.050000E+01 1.184233E+00
2.075000E+01 1.172771E+00
2.100000E+01 1.169108E+00
2.125000E+01 1.154973E+00
2.150000E+01 1.138013E+00
2.175000E+01 1.128128E+00
2.200000E+01 1.117699E+00
2.225000E+01 1.108202E+00
2.250000E+01 1.092587E+00
2.275000E+01 1.084770E+00
2.300000E+01 1.074406E+00
2.325000E+01 1.076020E+00
2.350000E+01 1.068597E+00
2.375000E+01 1.062013E+00
2.400000E+01 1.058682E+00
2.425000E+01 1.055367E+00
2.450000E+01 1.056065E+00
2.475000E+01 1.047486E+00
2.500000E+01 1.048741E+00
2.525000E+01 1.045710E+00
2.550000E+01 1.042151E+00
2.575000E+01 1.038166E+00
2.600000E+01 1.034671E+00
2.625000E+01 1.031659E+00
2.650000E+01 1.034378E+00
2.675000E+01 1.024554E+00
2.700000E+01 1.021906E+00
2.725000E+01 1.022691E+00
2.750000E+01 1.021992E+00
2.775000E+01 1.017301E+00
2.800000E+01 1.019082E+00
2.825000E+01 1.017658E+00
2.850000E+01 1.018128E+00
2.875000E+01 1.014603E+00
2.900000E+01 1.013642E+00
2.925000E+01 1.014506E+00
2.950000E+01 1.009263E+00
2.975000E+01 1.012874E+00
3.000000E+01 1.009825E+00
3.025000E+01 1.011047E+00
3.050000E+01 1.009760E+00
3.075000E+01 1.010151E+00
3.100000E+01 1.006995E+00
3.125000E+01 1.004953E+00
3.150000E+01 1.006896E+00
3.175000E+01 1.005784E+00
3.200000E+01 1.003191E+00
3.225000E+01 1.004026E+00
3.250000E+01 1.003925E+00
3.275000E+01 1.002849E+00
3.300000E+01 1.002936E+00
3.325000E+01 1.000882E+00
3.350000E+01 1.002819E+00
3.375000E+01 1.000092E+00
3.400000E+01 1.001276E+00
3.425000E+01 1.000964E+00
3.450000E+01 9.976265E-01
3.475000E+01 9.995335E-01
3.500000E+01 9.996024E-01
3.525000E+01 1.000568E+00
3.550000E+01 9.993195E-01
3.575000E+01 9.996034E-01
3.600000E+01 1.001120E+00
3.625000E+01 9.992708E-01
3.650000E+01 9.976875E-01
3.675000E+01 9.988312E-01
3.700000E+01 9.987206E-01
3.725000E+01 1.000146E+00
3.750000E+01 9.967175E-01
3.775000E+01 9.998264E-01
3.800000E+01 9.979860E-01
3.825000E+01 9.991817E-01
3.850000E+01 9.983438E-01
3.875000E+01 9.970504E-01
3.900000E+01 9.980200E-01
3.925000E+01 9.994840E-01
3.950000E+01 9.988985E-01
3.975000E+01 9.986928E-01
4.000000E+01 9.967297E-01
4.025000E+01 9.971744E-01
4.050000E+01 9.957148E-01
4.075000E+01 9.973869E-01
4.100000E+01 9.977886E-01
4.125000E+01 9.991045E-01
4.150000E+01 9.941845E-01
4.175000E+01 9.975743E-01
4.200000E+01 9.979295E-01
4.225000E+01 9.961798E-01
4.250000E+01 9.977830E-01
4.275000E+01 9.993282E-01
4.300000E+01 9.961310E-01
4.325000E+01 9.972817E-01
4.350000E+01 9.992025E-01
4.375000E+01 9.972739E-01
4.400000E+01 9.958159E-01
4.425000E+01 9.967041E-01
4.450000E+01 9.957511E-01
4.475000E+01 9.976657E-01
4.500000E+01 9.978007E-01
4.525000E+01 9.975219E-01
4.550000E+01 9.959395E-01
4.575000E+01 9.979860E-01
4.600000E+01 9.977092E-01
4.625000E+01 9.973395E-01
4.650000E+01 9.987882E-01
4.675000E+01 9.977577E-01
4.700000E+01 9.966157E-01
4.725000E+01 9.974342E-01
4.750000E+01 9.977330E-01
4.775000E+01 9.970260E-01
4.800000E+01 9.970285E-01
4.825000E+01 9.971826E-01
4.850000E+01 9.963070E-01
4.875000E+01 9.977579E-01
4.900000E+01 9.979875E-01
4.925000E+01 9.976151E-01
4.950000E+01 9.972141E-01
4.975000E+01 9.967956E-01
5.000000E+01 9.984780E-01
5.025000E+01 9.982044E-01
5.050000E+01 9.969531E-01
5.075000E+01 9.969639E-01
5.100000E+01 9.958709E-01
5.125000E+01 9.952186E-01
5.150000E+01 9.955871E-01
5.175000E+01 9.955900E-01
5.200000E+01 9.969631E-01
5.225000E+01 9.952105E-01
5.250000E+01 9.981135E-01
5.275000E+01 9.957468E-01
5.300000E+01 9.969304E-01
5.325000E+01 9.968071E-01
5.350000E+01 9.975078E-01
5.375000E+01 9.969152E-01
5.400000E+01 9.953317E-01
5.425000E+01 9.966397E-01
5.450000E+01 9.973058E-01
5.475000E+01 9.964650E-01
5.500000E+01 9.970347E-01
5.525000E+01 9.971479E-01
5.550000E+01 9.974753E-01
5.575000E+01 9.951086E-01
5.600000E+01 9.967849E-01
5.625000E+01 9.971099E-01
5.650000E+01 9.954883E-01
5.675000E+01 9.946665E-01
5.700000E+01 9.959042E-01
5.725000E+01 9.963423E-01
5.750000E+01 9.965508E-01
5.775000E+01 9.976306E-01
5.800000E+01 9.968415E-01
5.825000E+01 9.945819E-01
5.850000E+01 9.963404E-01
5.875000E+01 9.960107E-01
5.900000E+01 9.961735E-01
5.925000E+01 9.969499E-01
5.950000E+01 9.959046E-01
5.975000E+01 9.974097E-01
6.000000E+01 9.966082E-01
6.025000E+01 9.950137E-01
6.050000E+01 9.955282E-01
6.075000E+01 9.958573E-01
6.100000E+01 9.960237E-01
6.125000E+01 9.950833E-01
6.150000E+01 9.957991E-01
6.175000E+01 9.953227E-01
6.200000E+01 9.969515E-01
6.225000E+01 9.960797E-01
6.250000E+01 9.954001E-01
6.275000E+01 9.941572E-01
6.300000E+01 9.955898E-01
6.325000E+01 9.964591E-01
6.350000E+01 9.961763E-01
6.375000E+01 9.970988E-01
6.400000E+01 9.957984E-01
6.425000E+01 9.969516E-01
6.450000E+01 9.974492E-01
6.475000E+01 9.963108E-01
6.500000E+01 9.958562E-01
6.525000E+01 9.949106E-01
6.550000E+01 9.953692E-01
6.575000E+01 9.949293E-01
6.600000E+01 9.960583E-01
6.625000E+01 9.955515E-01
6.650000E+01 9.957982E-01
6.675000E+01 9.956551E-01
6.700000E+01 9.958793E-01
6.725000E+01 9.966126E-01
6.750000E+01 9.943802E-01
6.775000E+01 9.950288E-01
6.800000E+01 9.963823E-01
6.825000E+01 9.956743E-01
6.850000E+01 9.962719E-01
6.875000E+01 9.947277E-01
6.900000E+01 9.955277E-01
6.925000E+01 9.954589E-01
6.950000E+01 9.955500E-01
6.975000E+01 9.961235E-01
7.000000E+01 9.961681E-01
7.025000E+01 9.963140E-01
7.050000E+01 9.961223E-01
7.075000E+01 9.957896E-01
7.100000E+01 9.958714E-01
7.125000E+01 9.952729E-01
7.150000E+01 9.957232E-01
7.175000E+01 9.958974E-01
7.200000E+01 9.955881E-01
7.225000E+01 9.951098E-01
7.250000E+01 9.963187E-01
7.275000E+01 9.955950E-01
7.300000E+01 9.956240E-01
7.325000E+01 9.949312E-01
7.350000E+01 9.950002E-01
7.375000E+01 9.965201E-01
7.400000E+01 9.952712E-01
7.425000E+01 9.965023E-01
7.450000E+01 9.962966E-01
7.475000E+01 9.946075E-01
7.500000E+01 9.963471E-01
7.525000E+01 9.947950E-01
7.550000E+01 9.958864E-01
7.575000E+01 9.953068E-01
7.600000E+01 9.963427E-01
7.625000E+01 9.955410E-01
7.650000E+01 9.957689E-01
7.675000E+01 9.961693E-01
7.700000E+01 9.953813E-01
7.725000E+01 9.952735E-01
7.750000E+01 9.954313E-01
7.775000E+01 9.950658E-01
7.800000E+01 9.945380E-01
7.825000E+01 9.948572E-01
7.850000E+01 9.958731E-01
7.875000E+01 9.954744E-01
7.900000E+01 9.962276E-01
7.925000E+01 9.955190E-01
7.950000E+01 9.955070E-01
7.975000E+01 9.958204E-01
8.000000E+01 9.955867E-01
8.025000E+01 9.955789E-01
8.050000E+01 9.956020E-01
8.075000E+01 9.955458E-01
8.100000E+01 9.956768E-01
8.125000E+01 9.952729E-01
8.150000E+01 9.966031E-01
8.175000E+01 9.951902E-01
8.200000E+01 9.960491E-01
8.225000E+01 9.951717E-01
8.250000E+01 9.956497E-01
8.275000E+01 9.950976E-01
8.300000E+01 9.952228E-01
8.325000E+01 9.950469E-01
8.350000E+01 9.955018E-01
8.375000E+01 9.951483E-01
8.400000E+01 9.955087E-01
8.425000E+01 9.955169E-01
8.450000E+01 9.940758E-01
8.475000E+01 9.950964E-01
8.500000E+01 9.958121E-01
8.525000E+01 9.963100E-01
8.550000E+01 9.948969E-01
8.575000E+01 9.955061E-01
8.600000E+01 9.961033E-01
8.625000E+01 9.959560E-01
8.650000E+01 9.959658E-01
8.675000E+01 9.941673E-01
8.700000E+01 9.954470E-01
8.725000E+01 9.965008E-01
8.750000E+01 9.962223E-01
8.775000E+01 9.950230E-01
8.800000E+01 9.955664E-01
8.825000E+01 9.960166E-01
8.850000E+01 9.950823E-01
8.875000E+01 9.949304E-01
8.900000E+01 9.952562E-01
8.925000E+01 9.950741E-01
8.950000E+01 9.956074E-01
8.975000E+01 9.947411E-01
9.000000E+01 9.957736E-01
9.025000E+01 9.946540E-01
9.050000E+01 9.945224E-01
9.075000E+01 9.958953E-01
9.100000E+01 9.952130E-01
9.125000E+01 9.953619E-01
9.150000E+01 9.961515E-01
9.175000E+01 9.949630E-01
9.200000E+01 9.954673E-01
9.225000E+01 9.957186E-01
9.250000E+01 9.960643E-01
9.275000E+01 9.947106E-01
9.300000E+01 9.950361E-01
9.325000E+01 9.949179E-01
9.350000E+01 9.953325E-01
9.375000E+01 9.948663E-01
9.400000E+01 9.956070E-01
9.425000E+01 9.954517E-01
9.450000E+01 9.954838E-01
9.475000E+01 9.949226E-01
9.500000E+01 9.941585E-01
9.525000E+01 9.943635E-01
9.550000E+01 9.948665E-01
9.575000E+01 9.951498E-01
9.600000E+01 9.953462E-01
9.625000E+01 9.946547E-01
9.650000E+01 9.947659E-01
9.675000E+01 9.951707E-01
9.700000E+01 9.957550E-01
9.725000E+01 9.951104E-01
9.750000E+01 9.949599E-01
9.775000E+01 9.944975E-01
9.800000E+01 9.952466E-01
9.825000E+01 9.950776E-01
9.850000E+01 9.946003E-01
9.875000E+01 9.947649E-01
9.900000E+01 9.945191E-01
9.925000E+01 9.944526E-01
9.950000E+01 9.950172E-01
9.975000E+01 9.954146E-01
1.000000E+02 9.951592E-01
1.002500E+02 9.946417E-01
1.005000E+02 9.946386E-01
1.007500E+02 9.956799E-01
1.010000E+02 9.949392E-01
1.012500E+02 9.953407E-01
1.015000E+02 9.952881E-01
1.017500E+02 9.944825E-01
1.020000E+02 9.947833E-01
1.022500E+02 9.939431E-01
1.025000E+02 9.948878E-01
1.027500E+02 9.947584E-01
1.030000E+02 9.945320E-01
1.032500E+02 9.947543E-01
1.035000E+02 9.937560E-01
1.037500E+02 9.954968E-01
1.040000E+02 9.946494E-01
1.042500E+02 9.949773E-01
1.045000E+02 9.948735E-01
1.047500E+02 9.950961E-01
1.050000E+02 9.945229E-01
1.052500E+02 9.942929E-01
1.055000E+02 9.948699E-01
1.057500E+02 9.945951E-01
1.060000E+02 9.945155E-01
1.062500E+02 9.948084E-01
1.065000E+02 9.947609E-01
1.067500E+02 9.944379E-01
1.070000E+02 9.948375E-01
1.072500E+02 9.946075E-01
1.075000E+02 9.947375E-01
1.077500E+02 9.943390E-01
1.080000E+02 9.948062E-01
1.082500E+02 9.945817E-01
1.085000E+02 9.945400E-01
1.087500E+02 9.947951E-01
1.090000E+02 9.950235E-01
1.092500E+02 9.943911E-01
1.095000E+02 9.945966E-01
1.097500E+02 9.947893E-01
1.100000E+02 9.942218E-01
1.102500E+02 9.952059E-01
1.105000E+02 9.951460E-01
1.107500E+02 9.952929E-01
1.110000E+02 9.945381E-01
1.112500E+02 9.943260E-01
1.115000E+02 9.947560E-01
1.117500E+02 9.942261E-01
1.120000E+02 9.941046E-01
1.122500E+02 9.956196E-01
1.125000E+02 9.941624E-01
1.127500E+02 9.943937E-01
1.130000E+02 9.940006E-01
1.132500E+02 9.950599E-01
1.135000E+02 9.944495E-01
1.137500E+02 9.948848E-01
1.140000E+02 9.945928E-01
1.142500E+02 9.944143E-01
1.145000E+02 9.944496E-01
1.147500E+02 9.943808E-01
1.150000E+02 9.948319E-01
1.152500E+02 9.947837E-01
1.155000E+02 9.944962E-01
1.157500E+02 9.943095E-01
1.160000E+02 9.945152E-01
1.162500E+02 9.944243E-01
1.165000E+02 9.945992E-01
1.167500E+02 9.939843E-01
1.170000E+02 9.938102E-01
1.172500E+02 9.948012E-01
1.175000E+02 9.947762E-01
1.177500E+02 9.937831E-01
1.180000E+02 9.944185E-01
1.182500E+02 9.949599E-01
1.185000E+02 9.948568E-01
1.187500E+02 9.945485E-01
1.190000E+02 9.949630E-01
1.192500E+02 9.941166E-01
1.195000E+02 9.946983E-01
1.197500E+02 9.947019E-01
1.200000E+02 9.942778E-01
1.202500E+02 9.945277E-01
1.205000E+02 9.945781E-01
1.207500E+02 9.950446E-01
1.210000E+02 9.944540E-01
1.212500E+02 9.950289E-01
1.215000E+02 9.944371E-01
1.217500E+02 9.943303E-01
1.220000E+02 9.942552E-01
1.222500E+02 9.946234E-01
1.225000E+02 9.946161E-01
1.227500E+02 9.939478E-01
1.230000E+02 9.944318E-01
1.232500E+02 9.943671E-01
1.235000E+02 9.947345E-01
1.237500E+02 9.943930E-01
1.240000E+02 9.944178E-01
1.242500E+02 9.946992E-01
1.245000E+02 9.944770E-01
1.247500E+02 9.941574E-01
1.250000E+02 9.915727E-01
1.252500E+02 9.851398E-01
1.255000E+02 9.799237E-01
1.257500E+02 9.743997E-01
1.260000E+02 9.675731E-01
1.262500E+02 9.619925E-01
1.265000E+02 9.559430E-01
1.267500E+02 9.500906E-01
1.270000E+02 9.442784E-01
1.272500E+02 9.387246E-01
1.275000E+02 9.330667E-01
1.277500E+02 9.270845E-01
1.280000E+02 9.221391E-01
1.282500E+02 9.153958E-01
1.285000E+02 9.104395E-01
1.287500E+02 9.042050E-01
1.290000E+02 8.992132E-01
1.292500E+02 8.935293E-01
1.295000E+02 8.879082E-01
1.297500E+02 8.822642E-01
1.300000E+02 8.772993E-01
1.302500E+02 8.715774E-01
1.305000E+02 8.658638E-01
1.307500E+02 8.599176E-01
1.310000E+02 8.547173E-01
1.312500E+02 8.496812E-01
1.315000E+02 8.437890E-01
1.317500E+02 8.388032E-01
1.320000E+02 8.338354E-01
1.322500E+02 8.276615E-01
1.325000E+02 8.222339E-01
1.327500E+02 8.172890E-01
1.330000E+02 8.124798E-01
1.332500E+02 8.068255E-01
1.335000E+02 8.017489E-01
1.337500E+02 7.964758E-01
1.340000E+02 7.912803E-01
1.342500E+02 7.860170E-01
1.345000E+02 7.806918E-01
1.347500E+02 7.755856E-01
1.350000E+02 7.700058E-01
1.352500E+02 7.657595E-01
1.355000E+02 7.600558E-01
1.357500E+02 7.552234E-01
1.360000E+02 7.506302E-01
1.362500E+02 7.455095E-01
1.365000E+02 7.400032E-01
1.367500E+02 7.354033E-01
1.370000E+02 7.303472E-01
1.372500E+02 7.251406E-01
1.375000E+02 7.204540E-01
1.377500E+02 7.152631E-01
1.380000E+02 7.105553E-01
1.382500E+02 7.055761E-01
1.385000E+02 7.009269E-01
1.387500E+02 6.961003E-01
1.390000E+02 6.911428E-01
1.392500E+02 6.862833E-01
1.395000E+02 6.816704E-01
1.397500E+02 6.769658E-01
1.400000E+02 6.717286E-01
1.402500E+02 6.674439E-01
1.405000E+02 6.627535E-01
1.407500E+02 6.575881E-01
1.410000E+02 6.531421E-01
1.412500E+02 6.486508E-01
1.415000E+02 6.443178E-01
1.417500E+02 6.392777E-01
1.420000E+02 6.351906E-01
1.422500E+02 6.299949E-01
1.425000E+02 6.255670E-01
1.427500E+02 6.210822E-01
1.430000E+02 6.164965E-01
1.432500E+02 6.118708E-01
1.435000E+02 6.076627E-01
1.437500E+02 6.028325E-01
1.440000E+02 5.980888E-01
1.442500E+02 5.941587E-01
1.445000E+02 5.895982E-01
1.447500E+02 5.850391E-01
1.450000E+02 5.806241E-01
1.452500E+02 5.762988E-01
1.455000E+02 5.720274E-01
1.457500E+02 5.676147E-01
1.460000E+02 5.628381E-01
1.462500E+02 5.589779E-01
1.465000E+02 5.542382E-01
1.467500E+02 5.495312E-01
1.470000E+02 5.455315E-01
1.472500E+02 5.411678E-01
1.475000E+02 5.372337E-01
1.477500E+02 5.327282E-01
1.480000E+02 5.280952E-01
1.482500E+02 5.240908E-01
1.485000E+02 5.200786E-01
1.487500E+02 5.160976E-01
1.490000E+02 5.119077E-01
1.492500E+02 5.072300E-01
1.495000E+02 5.031072E-01
1.497500E+02 4.987006E-01
1.500000E+02 4.948528E-01
1.502500E+02 4.908873E-01
1.505000E+02 4.863613E-01
1.507500E+02 4.826635E-01
1.510000E+02 4.789367E-01
1.512500E+02 4.744854E-01
1.515000E+02 4.703143E-01
1.517500E+02 4.664059E-01
1.520000E+02 4.623361E-01
1.522500E+02 4.584213E-01
1.525000E+02 4.541203E-01
1.527500E+02 4.503270E-01
1.530000E+02 4.463982E-01
1.532500E+02 4.425089E-01
1.535000E+02 4.384203E-01
1.537500E+02 4.342358E-01
1.540000E+02 4.301497E-01
1.542500E+02 4.264897E-01
1.545000E+02 4.224860E-01
1.547500E+02 4.186508E-01
1.550000E+02 4.147435E-01
1.552500E+02 4.112416E-01
1.555000E+02 4.073389E-01
1.557500E+02 4.034254E-01
1.560000E+02 3.996683E-01
1.562500E+02 3.958925E-01
1.565000E+02 3.922293E-01
1.567500E+02 3.879628E-01
1.570000E+02 3.843074E-01
1.572500E+02 3.806426E-01
1.575000E+02 3.765710E-01
1.577500E+02 3.731391E-01
1.580000E+02 3.695748E-01
1.582500E+02 3.655182E-01
1.585000E+02 3.620400E-01
1.587500E+02 3.583709E-01
1.590000E+02 3.545907E-01
1.592500E+02 3.509814E-01
1.595000E+02 3.469205E-01
1.597500E+02 3.432301E-01
1.600000E+02 3.398914E-01
1.602500E+02 3.360118E-01
1.605000E+02 3.328077E-01
1.607500E+02 3.291038E-01
1.610000E+02 3.253109E-01
1.612500E+02 3.217357E-01
1.615000E+02 3.178677E-01
1.617500E+02 3.149930E-01
1.620000E+02 3.111303E-01
1.622500E+02 3.073788E-01
1.625000E+02 3.040008E-01
1.627500E+02 3.003763E-01
1.630000E+02 2.969273E-01
1.632500E+02 2.934899E-01
1.635000E+02 2.900861E-01
1.637500E+02 2.867536E-01
1.640000E+02 2.830471E-01
1.642500E+02 2.795358E-01
1.645000E+02 2.763141E-01
1.647500E+02 2.725182E-01
1.650000E+02 2.693433E-01
1.652500E+02 2.659310E-01
1.655000E+02 2.626706E-01
1.657500E+02 2.590880E-01
1.660000E+02 2.557135E-01
1.662500E+02 2.522687E-01
1.665000E+02 2.491496E-01
1.667500E+02 2.455055E-01
1.670000E+02 2.421995E-01
1.672500E+02 2.391918E-01
1.675000E+02 2.357513E-01
1.677500E+02 2.323165E-01
1.680000E+02 2.288552E-01
1.682500E+02 2.258152E-01
1.685000E+02 2.224267E-01
1.687500E+02 2.192556E-01
1.690000E+02 2.159701E-01
1.692500E+02 2.126811E-01
1.695000E+02 2.093408E-01
1.697500E+02 2.063986E-01
1.700000E+02 2.030994E-01
1.702500E+02 1.998780E-01
1.705000E+02 1.965365E-01
1.707500E+02 1.933394E-01
1.710000E+02 1.902222E-01
1.712500E+02 1.871014E-01
1.715000E+02 1.838203E-01
1.717500E+02 1.806141E-01
1.720000E+02 1.773959E-01
1.722500E+02 1.746887E-01
1.725000E+02 1.713824E-01
1.727500E+02 1.680865E-01
1.730000E+02 1.649991E-01
1.732500E+02 1.619074E-01
1.735000E+02 1.588597E-01
1.737500E+02 1.559126E-01
1.740000E+02 1.528001E-01
1.742500E+02 1.496457E-01
1.745000E+02 1.467821E-01
1.747500E+02 1.437056E-01
1.750000E+02 1.402562E-01
1.752500E+02 1.374908E-01
1.755000E+02 1.344961E-01
1.757500E+02 1.315457E-01
1.760000E+02 1.285377E-01
1.762500E+02 1.254740E-01
1.765000E+02 1.222890E-01
1.767500E+02 1.196497E-01
1.770000E+02 1.169231E-01
1.772500E+02 1.143795E-01
1.775000E+02 1.117732E-01
1.777500E+02 1.094990E-01
1.780000E+02 1.071223E-01
1.782500E+02 1.048157E-01
1.785000E+02 1.027311E-01
1.787500E+02 1.003995E-01
1.790000E+02 9.833179E-02
1.792500E+02 9.638247E-02
1.795000E+02 9.444649E-02
1.797500E+02 9.244290E-02
1.800000E+02 9.059820E-02
1.802500E+02 8.861120E-02
1.805000E+02 8.681569E-02
1.807500E+02 8.500181E-02
1.810000E+02 8.325741E-02
1.812500E+02 8.152357E-02
1.815000E+02 7.987671E-02
1.817500E+02 7.807536E-02
1.820000E+02 7.652596E-02
1.822500E+02 7.481360E-02
1.825000E+02 7.343933E-02
1.827500E+02 7.190115E-02
1.830000E+02 7.036840E-02
1.832500E+02 6.893111E-02
1.835000E+02 6.751116E-02
1.837500E+02 6.604162E-02
1.840000E+02 6.469982E-02
1.842500E+02 6.320002E-02
1.845000E+02 6.190660E-02
1.847500E+02 6.058008E-02
1.850000E+02 5.927610E-02
1.852500E+02 5.807217E-02
1.855000E+02 5.671455E-02
1.857500E+02 5.554138E-02
1.860000E+02 5.434106E-02
1.862500E+02 5.310521E-02
1.865000E+02 5.193112E-02
1.867500E+02 5.080161E-02
1.870000E+02 4.962669E-02
1.872500E+02 4.851718E-02
1.875000E+02 4.755630E-02
1.877500E+02 4.645221E-02
1.880000E+02 4.539425E-02
1.882500E+02 4.436568E-02
1.885000E+02 4.337321E-02
1.887500E+02 4.236888E-02
1.890000E+02 4.138834E-02
1.892500E+02 4.043890E-02
1.895000E+02 3.940913E-02
1.897500E+02 3.857561E-02
1.900000E+02 3.769794E-02
1.902500E+02 3.666906E-02
1.905000E+02 3.585306E-02
1.907500E+02 3.503281E-02
1.910000E+02 3.418851E-02
1.912500E+02 3.332308E-02
1.915000E+02 3.246290E-02
1.917500E+02 3.172874E-02
1.920000E+02 3.089908E-02
1.922500E+02 3.011141E-02
1.925000E+02 2.939031E-02
1.927500E+02 2.862590E-02
1.930000E+02 2.782005E-02
1.932500E+02 2.716440E-02
1.935000E+02 2.640774E-02
1.937500E+02 2.574616E-02
1.940000E+02 2.507656E-02
1.942500E+02 2.436266E-02
1.945000E+02 2.373168E-02
1.947500E+02 2.306918E-02
1.950000E+02 2.244949E-02
1.952500E+02 2.182150E-02
1.955000E+02 2.116555E-02
1.957500E+02 2.062250E-02
1.960000E+02 2.000407E-02
1.962500E+02 1.947990E-02
1.965000E+02 1.894061E-02
1.967500E+02 1.834793E-02
1.970000E+02 1.777287E-02
1.972500E+02 1.725316E-02
1.975000E+02 1.674442E-02
1.977500E+02 1.622681E-02
1.980000E+02 1.576376E-02
1.982500E+02 1.522738E-02
1.985000E+02 1.479455E-02
1.987500E+02 1.428367E-02
1.990000E+02 1.378435E-02
1.992500E+02 1.337311E-02
1.995000E+02 1.288893E-02
1.997500E+02 1.248797E-02
2.000000E+02 1.204588E-02
2.002500E+02 1.164912E-02
2.005000E+02 1.128576E-02
2.007500E+02 1.081981E-02
2.010000E+02 1.045330E-02
2.012500E+02 1.007809E-02
2.015000E+02 9.696010E-03
2.017500E+02 9.332151E-03
2.020000E+02 8.995420E-03
2.022500E+02 8.650064E-03
2.025000E+02 8.287285E-03
2.027500E+02 7.961954E-03
2.030000E+02 7.643776E-03
2.032500E+02 7.359715E-03
2.035000E+02 7.043262E-03
2.037500E+02 6.769298E-03
2.040000E+02 6.428543E-03
2.042500E+02 6.174203E-03
2.045000E+02 5.901710E-03
2.047500E+02 5.637130E-03
2.050000E+02 5.389275E-03
2.052500E+02 5.093317E-03
2.055000E+02 4.867488E-03
2.057500E+02 4.599327E-03
2.060000E+02 4.410332E-03
2.062500E+02 4.151309E-03
2.065000E+02 3.938748E-03
2.067500E+02 3.730165E-03
2.070000E+02 3.535115E-03
2.072500E+02 3.351860E-03
2.075000E+02 3.160697E-03
2.077500E+02 2.960175E-03
2.080000E+02 2.767423E-03
2.082500E+02 2.584097E-03
2.085000E+02 2.434971E-03
2.087500E+02 2.272978E-03
2.090000E+02 2.122519E-03
2.092500E+02 1.973269E-03
2.095000E+02 1.831730E-03
2.097500E+02 1.693821E-03
2.100000E+02 1.550697E-03
2.102500E+02 1.428669E-03
2.105000E+02 1.305909E-03
2.107500E+02 1.207267E-03
2.110000E+02 1.099460E-03
2.112500E+02 9.891592E-04
2.115000E+02 9.057429E-04
2.117500E+02 7.947597E-04
2.120000E+02 7.049041E-04
2.122500E+02 6.362689E-04
2.125000E+02 5.552158E-04
2.127500E+02 4.909272E-04
2.130000E+02 4.184861E-04
2.132500E+02 3.607826E-04
2.135000E+02 3.021576E-04
2.137500E+02 2.493485E-04
2.140000E+02 2.005772E-04
2.142500E+02 1.657858E-04
2.145000E+02 1.285611E-04
2.147500E+02 9.692210E-05
2.150000E+02 7.016488E-05
2.152500E+02 4.626456E-05
2.155000E+02 2.703220E-05
2.157500E+02 1.286302E-05
2.160000E+02 4.923939E-06
2.162500E+02 9.283579E-07
