2.500000E-01 0.000000E+00
5.000000E-01 0.000000E+00
7.500000E-01 0.000000E+00
1.000000E+00 0.000000E+00
1.250000E+00 0.000000E+00
1.500000E+00 0.000000E+00
1.750000E+00 0.000000E+00
2.000000E+00 0.000000E+00
2.250000E+00 0.000000E+00
2.500000E+00 0.000000E+00
2.750000E+00 0.000000E+00
3.000000E+00 0.000000E+00
3.250000E+00 0.000000E+00
3.500000E+00 2.942216E-02
3.750000E+00 2.352272E+00
4.000000E+00 1.773049E+01
4.250000E+00 3.556526E+01
4.500000E+00 3.618097E+01
4.750000E+00 2.744924E+01
5.000000E+00 1.884264E+01
5.250000E+00 1.276046E+01
5.500000E+00 9.085360E+00
5.750000E+00 6.999507E+00
6.000000E+00 5.949351E+00
6.250000E+00 5.363970E+00
6.500000E+00 4.853564E+00
6.750000E+00 4.264658E+00
7.000000E+00 3.670172E+00
7.250000E+00 3.210043E+00
7.500000E+00 2.953175E+00
7.750000E+00 2.953036E+00
8.000000E+00 3.251773E+00
8.250000E+00 3.742739E+00
8.500000E+00 4.097306E+00
8.750000E+00 4.112194E+00
9.000000E+00 3.820826E+00
9.250000E+00 3.378453E+00
9.500000E+00 2.959846E+00
9.750000E+00 2.607076E+00
1.000000E+01 2.357822E+00
1.025000E+01 2.162093E+00
1.050000E+01 2.006259E+00
1.075000E+01 1.876824E+00
1.100000E+01 1.764428E+00
1.125000E+01 1.671813E+00
1.150000E+01 1.601840E+00
1.175000E+01 1.557914E+00
1.200000E+01 1.541308E+00
1.225000E+01 1.542205E+00
1.250000E+01 1.559663E+00
1.275000E+01 1.560658E+00
1.300000E+01 1.545555E+00
1.325000E+01 1.514121E+00
1.350000E+01 1.466175E+00
1.375000E+01 1.415008E+00
1.400000E+01 1.366917E+00
1.425000E+01 1.323750E+00
1.450000E+01 1.286988E+00
1.475000E+01 1.256053E+00
1.500000E+01 1.227517E+00
1.525000E+01 1.206002E+00
1.550000E+01 1.187522E+00
1.575000E+01 1.174144E+00
1.600000E+01 1.165671E+00
1.625000E+01 1.156502E+00
1.650000E+01 1.151668E+00
1.675000E+01 1.146244E+00
1.700000E+01 1.139954E+00
1.725000E+01 1.133471E+00
1.750000E+01 1.125711E+00
1.775000E+01 1.115604E+00
1.800000E+01 1.106169E+00
1.825000E+01 1.098755E+00
1.850000E+01 1.088037E+00
1.875000E+01 1.080748E+00
1.900000E+01 1.076109E+00
1.925000E+01 1.068767E+00
1.950000E+01 1.063959E+00
1.975000E+01 1.060117E+00
2.000000E+01 1.056353E+00
2.025000E+01 1.052945E+00
2.050000E+01 1.050505E+00
2.075000E+01 1.047944E+00
2.100000E+01 1.045743E+00
2.125000E+01 1.043764E+00
2.150000E+01 1.039675E+00
2.175000E+01 1.039022E+00
2.200000E+01 1.036602E+00
2.225000E+01 1.033955E+00
2.250000E+01 1.032292E+00
2.275000E+01 1.030666E+00
2.300000E+01 1.028230E+00
2.325000E+01 1.026718E+00
2.350000E+01 1.025334E+00
2.375000E+01 1.023227E+00
2.400000E+01 1.022440E+00
2.425000E+01 1.022034E+00
2.450000E+01 1.020287E+00
2.475000E+01 1.019375E+00
2.500000E+01 1.018373E+00
2.525000E+01 1.017698E+00
2.550000E+01 1.017524E+00
2.575000E+01 1.016223E+00
2.600000E+01 1.016203E+00
2.625000E+01 1.015400E+00
2.650000E+01 1.015331E+00
2.675000E+01 1.013976E+00
2.700000E+01 1.013242E+00
2.725000E+01 1.012452E+00
2.750000E+01 1.012364E+00
2.775000E+01 1.011949E+00
2.800000E+01 1.012025E+00
2.825000E+01 1.011189E+00
2.850000E+01 1.011251E+00
2.875000E+01 1.009728E+00
2.900000E+01 1.010825E+00
2.925000E+01 1.009485E+00
2.950000E+01 1.009929E+00
2.975000E+01 1.009062E+00
3.000000E+01 1.009818E+00
3.025000E+01 1.009403E+00
3.050000E+01 1.008586E+00
3.075000E+01 1.008620E+00
3.100000E+01 1.008233E+00
3.125000E+01 1.008123E+00
3.150000E+01 1.007683E+00
3.175000E+01 1.007899E+00
3.200000E+01 1.007549E+00
3.225000E+01 1.007117E+00
3.250000E+01 1.007451E+00
3.275000E+01 1.007608E+00
3.300000E+01 1.007078E+00
3.325000E+01 1.007326E+00
3.350000E+01 1.006742E+00
3.375000E+01 1.006604E+00
3.400000E+01 1.006693E+00
3.425000E+01 1.006140E+00
3.450000E+01 1.006235E+00
3.475000E+01 1.006326E+00
3.500000E+01 1.006021E+00
3.525000E+01 1.005626E+00
3.550000E+01 1.005648E+00
3.575000E+01 1.006085E+00
3.600000E+01 1.005720E+00
3.625000E+01 1.005509E+00
3.650000E+01 1.005609E+00
3.675000E+01 1.005531E+00
3.700000E+01 1.005588E+00
3.725000E+01 1.005267E+00
3.750000E+01 1.005287E+00
3.775000E+01 1.005144E+00
3.800000E+01 1.005423E+00
3.825000E+01 1.004990E+00
3.850000E+01 1.005563E+00
3.875000E+01 1.004909E+00
3.900000E+01 1.004089E+00
3.925000E+01 1.004906E+00
3.950000E+01 1.005481E+00
3.975000E+01 1.004524E+00
4.000000E+01 1.004799E+00
4.025000E+01 1.004963E+00
4.050000E+01 1.004773E+00
4.075000E+01 1.004650E+00
4.100000E+01 1.004728E+00
4.125000E+01 1.004712E+00
4.150000E+01 1.004330E+00
4.175000E+01 1.004586E+00
4.200000E+01 1.004820E+00
4.225000E+01 1.004575E+00
4.250000E+01 1.004507E+00
4.275000E+01 1.004608E+00
4.300000E+01 1.004214E+00
4.325000E+01 1.003586E+00
4.350000E+01 1.003932E+00
4.375000E+01 1.004182E+00
4.400000E+01 1.004191E+00
4.425000E+01 1.004166E+00
4.450000E+01 1.003953E+00
4.475000E+01 1.004251E+00
4.500000E+01 1.004231E+00
4.525000E+01 1.004043E+00
4.550000E+01 1.003559E+00
4.575000E+01 1.003748E+00
4.600000E+01 1.004237E+00
4.625000E+01 1.004305E+00
4.650000E+01 1.003509E+00
4.675000E+01 1.003799E+00
4.700000E+01 1.003773E+00
4.725000E+01 1.003997E+00
4.750000E+01 1.003160E+00
4.775000E+01 1.003874E+00
4.800000E+01 1.004054E+00
4.825000E+01 1.003678E+00
4.850000E+01 1.003846E+00
4.875000E+01 1.003520E+00
4.900000E+01 1.003419E+00
4.925000E+01 1.003483E+00
4.950000E+01 1.003476E+00
4.975000E+01 1.003844E+00
5.000000E+01 1.003621E+00
5.025000E+01 1.003652E+00
5.050000E+01 1.003894E+00
5.075000E+01 1.003443E+00
5.100000E+01 1.003698E+00
5.125000E+01 1.003609E+00
5.150000E+01 1.003142E+00
5.175000E+01 1.003155E+00
5.200000E+01 1.003533E+00
5.225000E+01 1.002971E+00
5.250000E+01 1.003114E+00
5.275000E+01 1.003426E+00
5.300000E+01 1.003083E+00
5.325000E+01 1.003398E+00
5.350000E+01 1.002800E+00
5.375000E+01 1.002762E+00
5.400000E+01 1.003347E+00
5.425000E+01 1.002771E+00
5.450000E+01 1.003147E+00
5.475000E+01 1.003359E+00
5.500000E+01 1.003001E+00
5.525000E+01 1.003093E+00
5.550000E+01 1.003248E+00
5.575000E+01 1.002807E+00
5.600000E+01 1.002991E+00
5.625000E+01 1.002703E+00
5.650000E+01 1.002678E+00
5.675000E+01 1.002806E+00
5.700000E+01 1.003083E+00
5.725000E+01 1.002941E+00
5.750000E+01 1.002597E+00
5.775000E+01 1.002715E+00
5.800000E+01 1.002583E+00
5.825000E+01 1.002980E+00
5.850000E+01 1.002523E+00
5.875000E+01 1.002758E+00
5.900000E+01 1.002141E+00
5.925000E+01 1.002730E+00
5.950000E+01 1.002489E+00
5.975000E+01 1.002506E+00
6.000000E+01 1.002617E+00
6.025000E+01 1.002637E+00
6.050000E+01 1.002367E+00
6.075000E+01 1.002451E+00
6.100000E+01 1.002486E+00
6.125000E+01 1.002355E+00
6.150000E+01 1.002728E+00
6.175000E+01 1.002573E+00
6.200000E+01 1.002430E+00
6.225000E+01 1.002606E+00
6.250000E+01 1.002467E+00
6.275000E+01 1.002345E+00
6.300000E+01 1.002630E+00
6.325000E+01 1.001969E+00
6.350000E+01 1.002317E+00
6.375000E+01 1.001980E+00
6.400000E+01 1.001921E+00
6.425000E+01 1.001852E+00
6.450000E+01 1.002200E+00
6.475000E+01 1.002243E+00
6.500000E+01 1.002260E+00
6.525000E+01 1.002431E+00
6.550000E+01 1.002241E+00
6.575000E+01 1.002118E+00
6.600000E+01 1.001932E+00
6.625000E+01 1.002235E+00
6.650000E+01 1.002001E+00
6.675000E+01 1.002085E+00
6.700000E+01 1.002230E+00
6.725000E+01 1.001813E+00
6.750000E+01 1.001857E+00
6.775000E+01 1.002098E+00
6.800000E+01 1.002063E+00
6.825000E+01 1.002015E+00
6.850000E+01 1.002063E+00
6.875000E+01 1.001803E+00
6.900000E+01 1.001747E+00
6.925000E+01 1.001883E+00
6.950000E+01 1.002046E+00
6.975000E+01 1.001815E+00
7.000000E+01 1.001919E+00
7.025000E+01 1.001612E+00
7.050000E+01 1.001908E+00
7.075000E+01 1.001396E+00
7.100000E+01 1.001856E+00
7.125000E+01 1.001533E+00
7.150000E+01 1.001860E+00
7.175000E+01 1.001446E+00
7.200000E+01 1.001376E+00
7.225000E+01 1.001488E+00
7.250000E+01 1.001506E+00
7.275000E+01 1.001990E+00
7.300000E+01 1.001542E+00
7.325000E+01 1.001511E+00
7.350000E+01 1.001638E+00
7.375000E+01 1.001337E+00
7.400000E+01 1.001509E+00
7.425000E+01 1.001666E+00
7.450000E+01 1.001553E+00
7.475000E+01 1.001396E+00
7.500000E+01 1.001679E+00
7.525000E+01 1.001539E+00
7.550000E+01 1.001472E+00
7.575000E+01 1.001433E+00
7.600000E+01 1.001515E+00
7.625000E+01 1.001492E+00
7.650000E+01 1.001411E+00
7.675000E+01 1.001341E+00
7.700000E+01 1.001340E+00
7.725000E+01 1.001366E+00
7.750000E+01 1.001625E+00
7.775000E+01 1.001472E+00
7.800000E+01 1.001293E+00
7.825000E+01 1.001586E+00
7.850000E+01 1.001453E+00
7.875000E+01 1.001222E+00
7.900000E+01 1.001374E+00
7.925000E+01 1.001408E+00
7.950000E+01 1.001366E+00
7.975000E+01 1.001434E+00
8.000000E+01 1.001365E+00
8.025000E+01 1.001222E+00
8.050000E+01 1.001390E+00
8.075000E+01 1.001377E+00
8.100000E+01 1.001215E+00
8.125000E+01 1.001248E+00
8.150000E+01 1.001222E+00
8.175000E+01 1.001284E+00
8.200000E+01 1.001397E+00
8.225000E+01 1.001366E+00
8.250000E+01 1.001107E+00
8.275000E+01 1.001046E+00
8.300000E+01 1.001148E+00
8.325000E+01 1.001121E+00
8.350000E+01 1.001209E+00
8.375000E+01 1.001281E+00
8.400000E+01 1.001094E+00
8.425000E+01 1.001156E+00
8.450000E+01 1.001025E+00
8.475000E+01 1.001044E+00
8.500000E+01 1.001220E+00
8.525000E+01 1.001160E+00
8.550000E+01 1.001082E+00
8.575000E+01 1.001124E+00
8.600000E+01 1.001081E+00
8.625000E+01 1.001161E+00
8.650000E+01 1.001165E+00
8.675000E+01 1.001103E+00
8.700000E+01 1.000963E+00
8.725000E+01 1.000979E+00
8.750000E+01 1.001064E+00
8.775000E+01 1.001020E+00
8.800000E+01 1.000983E+00
8.825000E+01 1.001026E+00
8.850000E+01 1.000913E+00
8.875000E+01 1.001058E+00
8.900000E+01 1.000978E+00
8.925000E+01 1.001011E+00
8.950000E+01 1.001118E+00
8.975000E+01 1.001147E+00
9.000000E+01 1.001042E+00
9.025000E+01 1.001115E+00
9.050000E+01 1.001015E+00
9.075000E+01 1.000757E+00
9.100000E+01 1.000971E+00
9.125000E+01 1.000936E+00
9.150000E+01 1.000700E+00
9.175000E+01 1.000690E+00
9.200000E+01 1.000802E+00
9.225000E+01 1.000975E+00
9.250000E+01 1.000640E+00
9.275000E+01 1.000829E+00
9.300000E+01 1.000737E+00
9.325000E+01 1.000894E+00
9.350000E+01 1.000872E+00
9.375000E+01 1.000933E+00
9.400000E+01 1.000854E+00
9.425000E+01 1.000809E+00
9.450000E+01 1.000882E+00
9.475000E+01 1.000838E+00
9.500000E+01 1.000841E+00
9.525000E+01 1.000821E+00
9.550000E+01 1.000960E+00
9.575000E+01 1.000724E+00
9.600000E+01 1.000698E+00
9.625000E+01 1.000871E+00
9.650000E+01 1.000718E+00
9.675000E+01 1.000757E+00
9.700000E+01 1.000708E+00
9.725000E+01 1.000763E+00
9.750000E+01 1.000863E+00
9.775000E+01 1.000801E+00
9.800000E+01 1.000692E+00
9.825000E+01 1.000633E+00
9.850000E+01 1.000667E+00
9.875000E+01 1.000585E+00
9.900000E+01 1.000784E+00
9.925000E+01 1.000721E+00
9.950000E+01 1.000580E+00
9.975000E+01 1.000774E+00
1.000000E+02 1.000499E+00
1.002500E+02 1.000834E+00
1.005000E+02 1.000608E+00
1.007500E+02 1.000560E+00
1.010000E+02 1.000649E+00
1.012500E+02 1.000723E+00
1.015000E+02 1.000653E+00
1.017500E+02 1.000606E+00
1.020000E+02 1.000844E+00
1.022500E+02 1.000517E+00
1.025000E+02 1.000613E+00
1.027500E+02 1.000818E+00
1.030000E+02 1.000695E+00
1.032500E+02 1.000594E+00
1.035000E+02 1.000745E+00
1.037500E+02 1.000717E+00
1.040000E+02 1.000603E+00
1.042500E+02 1.000754E+00
1.045000E+02 1.000704E+00
1.047500E+02 1.000750E+00
1.050000E+02 1.000340E+00
1.052500E+02 1.000598E+00
1.055000E+02 1.000568E+00
1.057500E+02 1.000593E+00
1.060000E+02 1.000627E+00
1.062500E+02 1.000711E+00
1.065000E+02 1.000575E+00
1.067500E+02 1.000537E+00
1.070000E+02 1.000691E+00
1.072500E+02 1.000630E+00
1.075000E+02 1.000780E+00
1.077500E+02 1.000761E+00
1.080000E+02 1.000593E+00
1.082500E+02 1.000418E+00
1.085000E+02 1.000462E+00
1.087500E+02 1.000425E+00
1.090000E+02 1.000450E+00
1.092500E+02 1.000466E+00
1.095000E+02 1.000566E+00
1.097500E+02 1.000554E+00
1.100000E+02 1.000729E+00
1.102500E+02 1.000495E+00
1.105000E+02 1.000389E+00
1.107500E+02 1.000284E+00
1.110000E+02 1.000468E+00
1.112500E+02 1.000621E+00
1.115000E+02 1.000518E+00
1.117500E+02 1.000443E+00
1.120000E+02 1.000394E+00
1.122500E+02 1.000567E+00
1.125000E+02 1.000450E+00
1.127500E+02 1.000428E+00
1.130000E+02 1.000541E+00
1.132500E+02 1.000387E+00
1.135000E+02 1.000258E+00
1.137500E+02 1.000425E+00
1.140000E+02 1.000402E+00
1.142500E+02 1.000294E+00
1.145000E+02 1.000427E+00
1.147500E+02 1.000352E+00
1.150000E+02 1.000370E+00
1.152500E+02 1.000469E+00
1.155000E+02 1.000566E+00
1.157500E+02 1.000280E+00
1.160000E+02 1.000327E+00
1.162500E+02 1.000258E+00
1.165000E+02 1.000295E+00
1.167500E+02 1.000258E+00
1.170000E+02 1.000308E+00
1.172500E+02 1.000303E+00
1.175000E+02 1.000248E+00
1.177500E+02 1.000347E+00
1.180000E+02 1.000309E+00
1.182500E+02 1.000266E+00
1.185000E+02 1.000365E+00
1.187500E+02 1.000288E+00
1.190000E+02 1.000193E+00
1.192500E+02 1.000217E+00
1.195000E+02 1.000378E+00
1.197500E+02 1.000462E+00
1.200000E+02 1.000317E+00
1.202500E+02 1.000442E+00
1.205000E+02 1.000294E+00
1.207500E+02 1.000260E+00
1.210000E+02 1.000302E+00
1.212500E+02 1.000344E+00
1.215000E+02 1.000291E+00
1.217500E+02 1.000431E+00
1.220000E+02 1.000261E+00
1.222500E+02 1.000204E+00
1.225000E+02 1.000428E+00
1.227500E+02 1.000123E+00
1.230000E+02 1.000216E+00
1.232500E+02 1.000213E+00
1.235000E+02 1.000251E+00
1.237500E+02 1.000238E+00
1.240000E+02 1.000217E+00
1.242500E+02 1.000345E+00
1.245000E+02 1.000416E+00
1.247500E+02 1.000317E+00
1.250000E+02 9.972135E-01
1.252500E+02 9.912993E-01
1.255000E+02 9.853804E-01
1.257500E+02 9.793505E-01
1.260000E+02 9.734837E-01
1.262500E+02 9.676048E-01
1.265000E+02 9.618085E-01
1.267500E+02 9.558051E-01
1.270000E+02 9.499744E-01
1.272500E+02 9.443612E-01
1.275000E+02 9.385041E-01
1.277500E+02 9.326249E-01
1.280000E+02 9.268851E-01
1.282500E+02 9.213032E-01
1.285000E+02 9.156172E-01
1.287500E+02 9.100396E-01
1.290000E+02 9.042648E-01
1.292500E+02 8.986342E-01
1.295000E+02 8.929937E-01
1.297500E+02 8.876642E-01
1.300000E+02 8.819418E-01
1.302500E+02 8.763268E-01
1.305000E+02 8.709117E-01
1.307500E+02 8.653267E-01
1.310000E+02 8.598235E-01
1.312500E+02 8.544366E-01
1.315000E+02 8.492296E-01
1.317500E+02 8.436768E-01
1.320000E+02 8.383171E-01
1.322500E+02 8.330408E-01
1.325000E+02 8.275940E-01
1.327500E+02 8.221836E-01
1.330000E+02 8.168902E-01
1.332500E+02 8.116353E-01
1.335000E+02 8.063727E-01
1.337500E+02 8.012545E-01
1.340000E+02 7.960011E-01
1.342500E+02 7.908183E-01
1.345000E+02 7.856021E-01
1.347500E+02 7.805168E-01
1.350000E+02 7.752571E-01
1.352500E+02 7.701265E-01
1.355000E+02 7.648840E-01
1.357500E+02 7.599579E-01
1.360000E+02 7.547982E-01
1.362500E+02 7.498608E-01
1.365000E+02 7.448220E-01
1.367500E+02 7.398319E-01
1.370000E+02 7.348335E-01
1.372500E+02 7.298373E-01
1.375000E+02 7.248871E-01
1.377500E+02 7.199104E-01
1.380000E+02 7.151178E-01
1.382500E+02 7.099935E-01
1.385000E+02 7.052473E-01
1.387500E+02 7.003078E-01
1.390000E+02 6.954517E-01
1.392500E+02 6.906511E-01
1.395000E+02 6.857854E-01
1.397500E+02 6.809869E-01
1.400000E+02 6.763128E-01
1.402500E+02 6.714201E-01
1.405000E+02 6.667004E-01
1.407500E+02 6.620155E-01
1.410000E+02 6.572713E-01
1.412500E+02 6.525344E-01
1.415000E+02 6.479752E-01
1.417500E+02 6.432112E-01
1.420000E+02 6.385699E-01
1.422500E+02 6.338672E-01
1.425000E+02 6.292130E-01
1.427500E+02 6.246516E-01
1.430000E+02 6.200760E-01
1.432500E+02 6.155494E-01
1.435000E+02 6.108868E-01
1.437500E+02 6.064930E-01
1.440000E+02 6.019228E-01
1.442500E+02 5.974220E-01
1.445000E+02 5.929617E-01
1.447500E+02 5.884221E-01
1.450000E+02 5.839551E-01
1.452500E+02 5.794986E-01
1.455000E+02 5.750977E-01
1.457500E+02 5.706780E-01
1.460000E+02 5.663950E-01
1.462500E+02 5.619091E-01
1.465000E+02 5.575391E-01
1.467500E+02 5.531839E-01
1.470000E+02 5.488533E-01
1.472500E+02 5.445192E-01
1.475000E+02 5.402010E-01
1.477500E+02 5.358954E-01
1.480000E+02 5.316026E-01
1.482500E+02 5.273579E-01
1.485000E+02 5.231512E-01
1.487500E+02 5.188696E-01
1.490000E+02 5.146788E-01
1.492500E+02 5.102520E-01
1.495000E+02 5.062258E-01
1.497500E+02 5.020038E-01
1.500000E+02 4.979260E-01
1.502500E+02 4.937739E-01
1.505000E+02 4.895300E-01
1.507500E+02 4.854704E-01
1.510000E+02 4.813085E-01
1.512500E+02 4.772728E-01
1.515000E+02 4.731818E-01
1.517500E+02 4.691398E-01
1.520000E+02 4.650744E-01
1.522500E+02 4.609783E-01
1.525000E+02 4.568723E-01
1.527500E+02 4.529878E-01
1.530000E+02 4.489173E-01
1.532500E+02 4.449258E-01
1.535000E+02 4.408842E-01
1.537500E+02 4.369852E-01
1.540000E+02 4.330087E-01
1.542500E+02 4.290793E-01
1.545000E+02 4.251571E-01
1.547500E+02 4.212307E-01
1.550000E+02 4.173469E-01
1.552500E+02 4.134386E-01
1.555000E+02 4.096179E-01
1.557500E+02 4.056840E-01
1.560000E+02 4.018816E-01
1.562500E+02 3.980761E-01
1.565000E+02 3.941641E-01
1.567500E+02 3.903669E-01
1.570000E+02 3.865944E-01
1.572500E+02 3.828121E-01
1.575000E+02 3.789762E-01
1.577500E+02 3.751934E-01
1.580000E+02 3.715905E-01
1.582500E+02 3.678241E-01
1.585000E+02 3.640105E-01
1.587500E+02 3.602535E-01
1.590000E+02 3.565749E-01
1.592500E+02 3.529095E-01
1.595000E+02 3.492560E-01
1.597500E+02 3.455264E-01
1.600000E+02 3.419199E-01
1.602500E+02 3.382226E-01
1.605000E+02 3.345038E-01
1.607500E+02 3.309050E-01
1.610000E+02 3.273331E-01
1.612500E+02 3.237475E-01
1.615000E+02 3.201524E-01
1.617500E+02 3.165174E-01
1.620000E+02 3.130194E-01
1.622500E+02 3.093853E-01
1.625000E+02 3.058636E-01
1.627500E+02 3.023823E-01
1.630000E+02 2.987557E-01
1.632500E+02 2.952833E-01
1.635000E+02 2.918143E-01
1.637500E+02 2.882158E-01
1.640000E+02 2.847810E-01
1.642500E+02 2.813297E-01
1.645000E+02 2.778674E-01
1.647500E+02 2.744285E-01
1.650000E+02 2.709595E-01
1.652500E+02 2.675325E-01
1.655000E+02 2.640792E-01
1.657500E+02 2.606747E-01
1.660000E+02 2.573239E-01
1.662500E+02 2.539332E-01
1.665000E+02 2.504699E-01
1.667500E+02 2.471159E-01
1.670000E+02 2.437799E-01
1.672500E+02 2.404107E-01
1.675000E+02 2.371148E-01
1.677500E+02 2.337604E-01
1.680000E+02 2.303984E-01
1.682500E+02 2.271066E-01
1.685000E+02 2.238417E-01
1.687500E+02 2.205379E-01
1.690000E+02 2.172175E-01
1.692500E+02 2.139755E-01
1.695000E+02 2.107101E-01
1.697500E+02 2.074217E-01
1.700000E+02 2.042442E-01
1.702500E+02 2.009731E-01
1.705000E+02 1.977385E-01
1.707500E+02 1.945416E-01
1.710000E+02 1.913000E-01
1.712500E+02 1.881673E-01
1.715000E+02 1.849349E-01
1.717500E+02 1.817253E-01
1.720000E+02 1.785857E-01
1.722500E+02 1.753998E-01
1.725000E+02 1.722804E-01
1.727500E+02 1.691498E-01
1.730000E+02 1.659794E-01
1.732500E+02 1.629003E-01
1.735000E+02 1.597703E-01
1.737500E+02 1.566359E-01
1.740000E+02 1.536017E-01
1.742500E+02 1.504661E-01
1.745000E+02 1.474585E-01
1.747500E+02 1.443566E-01
1.750000E+02 1.412905E-01
1.752500E+02 1.382001E-01
1.755000E+02 1.351543E-01
1.757500E+02 1.321451E-01
1.760000E+02 1.291135E-01
1.762500E+02 1.261163E-01
1.765000E+02 1.231039E-01
1.767500E+02 1.201565E-01
1.770000E+02 1.174159E-01
1.772500E+02 1.148126E-01
1.775000E+02 1.123619E-01
1.777500E+02 1.099447E-01
1.780000E+02 1.075690E-01
1.782500E+02 1.052838E-01
1.785000E+02 1.031057E-01
1.787500E+02 1.009969E-01
1.790000E+02 9.884402E-02
1.792500E+02 9.677467E-02
1.795000E+02 9.480436E-02
1.797500E+02 9.283689E-02
1.800000E+02 9.091646E-02
1.802500E+02 8.901261E-02
1.805000E+02 8.719191E-02
1.807500E+02 8.544401E-02
1.810000E+02 8.362674E-02
1.812500E+02 8.191358E-02
1.815000E+02 8.021879E-02
1.817500E+02 7.857721E-02
1.820000E+02 7.695353E-02
1.822500E+02 7.535703E-02
1.825000E+02 7.375604E-02
1.827500E+02 7.221146E-02
1.830000E+02 7.072761E-02
1.832500E+02 6.923284E-02
1.835000E+02 6.779346E-02
1.837500E+02 6.638583E-02
1.840000E+02 6.500004E-02
1.842500E+02 6.359261E-02
1.845000E+02 6.222563E-02
1.847500E+02 6.088905E-02
1.850000E+02 5.960346E-02
1.852500E+02 5.832936E-02
1.855000E+02 5.707256E-02
1.857500E+02 5.580948E-02
1.860000E+02 5.460730E-02
1.862500E+02 5.342418E-02
1.865000E+02 5.226387E-02
1.867500E+02 5.110593E-02
1.870000E+02 4.998053E-02
1.872500E+02 4.887466E-02
1.875000E+02 4.776466E-02
1.877500E+02 4.669256E-02
1.880000E+02 4.564224E-02
1.882500E+02 4.460392E-02
1.885000E+02 4.359902E-02
1.887500E+02 4.259746E-02
1.890000E+02 4.159810E-02
1.892500E+02 4.063040E-02
1.895000E+02 3.968527E-02
1.897500E+02 3.875202E-02
1.900000E+02 3.784855E-02
1.902500E+02 3.693877E-02
1.905000E+02 3.604690E-02
1.907500E+02 3.519259E-02
1.910000E+02 3.430698E-02
1.912500E+02 3.349218E-02
1.915000E+02 3.265951E-02
1.917500E+02 3.186488E-02
1.920000E+02 3.107185E-02
1.922500E+02 3.030050E-02
1.925000E+02 2.951203E-02
1.927500E+02 2.876041E-02
1.930000E+02 2.801104E-02
1.932500E+02 2.730279E-02
1.935000E+02 2.659413E-02
1.937500E+02 2.589287E-02
1.940000E+02 2.519868E-02
1.942500E+02 2.454885E-02
1.945000E+02 2.387033E-02
1.947500E+02 2.323293E-02
1.950000E+02 2.257323E-02
1.952500E+02 2.195651E-02
1.955000E+02 2.135033E-02
1.957500E+02 2.074308E-02
1.960000E+02 2.014594E-02
1.962500E+02 1.956371E-02
1.965000E+02 1.900255E-02
1.967500E+02 1.845135E-02
1.970000E+02 1.790186E-02
1.972500E+02 1.735560E-02
1.975000E+02 1.683546E-02
1.977500E+02 1.632904E-02
1.980000E+02 1.581899E-02
1.982500E+02 1.532066E-02
1.985000E+02 1.483455E-02
1.987500E+02 1.437448E-02
1.990000E+02 1.389643E-02
1.992500E+02 1.344646E-02
1.995000E+02 1.300765E-02
1.997500E+02 1.256008E-02
2.000000E+02 1.214685E-02
2.002500E+02 1.171894E-02
2.005000E+02 1.131606E-02
2.007500E+02 1.091844E-02
2.010000E+02 1.051711E-02
2.012500E+02 1.015004E-02
2.015000E+02 9.765942E-03
2.017500E+02 9.410846E-03
2.020000E+02 9.050184E-03
2.022500E+02 8.710661E-03
2.025000E+02 8.365743E-03
2.027500E+02 8.023234E-03
2.030000E+02 7.706063E-03
2.032500E+02 7.396420E-03
2.035000E+02 7.094671E-03
2.037500E+02 6.788731E-03
2.040000E+02 6.484990E-03
2.042500E+02 6.204065E-03
2.045000E+02 5.927394E-03
2.047500E+02 5.659633E-03
2.050000E+02 5.403800E-03
2.052500E+02 5.149467E-03
2.055000E+02 4.899897E-03
2.057500E+02 4.659258E-03
2.060000E+02 4.426944E-03
2.062500E+02 4.196375E-03
2.065000E+02 3.980095E-03
2.067500E+02 3.760406E-03
2.070000E+02 3.560808E-03
2.072500E+02 3.356859E-03
2.075000E+02 3.163342E-03
2.077500E+02 2.983777E-03
2.080000E+02 2.793962E-03
2.082500E+02 2.620091E-03
2.085000E+02 2.457048E-03
2.087500E+02 2.293780E-03
2.090000E+02 2.133387E-03
2.092500E+02 1.985950E-03
2.095000E+02 1.844025E-03
2.097500E+02 1.705219E-03
2.100000E+02 1.577204E-03
2.102500E+02 1.447118E-03
2.105000E+02 1.330877E-03
2.107500E+02 1.213312E-03
2.110000E+02 1.102572E-03
2.112500E+02 9.992976E-04
2.115000E+02 9.014858E-04
2.117500E+02 8.039849E-04
2.120000E+02 7.200548E-04
2.122500E+02 6.367847E-04
2.125000E+02 5.617565E-04
2.127500E+02 4.877497E-04
2.130000E+02 4.223279E-04
2.132500E+02 3.599166E-04
2.135000E+02 3.050126E-04
2.137500E+02 2.539751E-04
2.140000E+02 2.068512E-04
2.142500E+02 1.647089E-04
2.145000E+02 1.282813E-04
2.147500E+02 9.656073E-05
2.150000E+02 6.871920E-05
2.152500E+02 4.596291E-05
2.155000E+02 2.755690E-05
2.157500E+02 1.446890E-05
2.160000E+02 5.375019E-06
2.162500E+02 7.238306E-07
