2.500000E-01 0.000000E+00
5.000000E-01 0.000000E+00
7.500000E-01 0.000000E+00
1.000000E+00 0.000000E+00
1.250000E+00 0.000000E+00
1.500000E+00 0.000000E+00
1.750000E+00 0.000000E+00
2.000000E+00 0.000000E+00
2.250000E+00 0.000000E+00
2.500000E+00 0.000000E+00
2.750000E+00 0.000000E+00
3.000000E+00 0.000000E+00
3.250000E+00 0.000000E+00
3.500000E+00 2.905496E-02
3.750000E+00 2.374655E+00
4.000000E+00 1.778693E+01
4.250000E+00 3.566771E+01
4.500000E+00 3.641830E+01
4.750000E+00 2.751867E+01
5.000000E+00 1.880700E+01
5.250000E+00 1.276211E+01
5.500000E+00 9.053229E+00
5.750000E+00 6.985136E+00
6.000000E+00 5.939811E+00
6.250000E+00 5.365089E+00
6.500000E+00 4.856165E+00
6.750000E+00 4.257465E+00
7.000000E+00 3.657845E+00
7.250000E+00 3.199311E+00
7.500000E+00 2.935724E+00
7.750000E+00 2.941707E+00
8.000000E+00 3.234064E+00
8.250000E+00 3.717169E+00
8.500000E+00 4.083745E+00
8.750000E+00 4.101438E+00
9.000000E+00 3.796443E+00
9.250000E+00 3.371767E+00
9.500000E+00 2.940715E+00
9.750000E+00 2.607696E+00
1.000000E+01 2.356038E+00
1.025000E+01 2.160212E+00
1.050000E+01 2.002908E+00
1.075000E+01 1.873964E+00
1.100000E+01 1.762558E+00
1.125000E+01 1.669122E+00
1.150000E+01 1.599321E+00
1.175000E+01 1.555537E+00
1.200000E+01 1.536624E+00
1.225000E+01 1.538006E+00
1.250000E+01 1.549908E+00
1.275000E+01 1.556388E+00
1.300000E+01 1.537455E+00
1.325000E+01 1.504091E+00
1.350000E+01 1.460796E+00
1.375000E+01 1.410270E+00
1.400000E+01 1.363016E+00
1.425000E+01 1.321561E+00
1.450000E+01 1.283698E+00
1.475000E+01 1.250802E+00
1.500000E+01 1.223110E+00
1.525000E+01 1.203636E+00
1.550000E+01 1.184468E+00
1.575000E+01 1.170909E+00
1.600000E+01 1.160182E+00
1.625000E+01 1.154063E+00
1.650000E+01 1.147394E+00
1.675000E+01 1.143137E+00
1.700000E+01 1.137583E+00
1.725000E+01 1.130829E+00
1.750000E+01 1.122987E+00
1.775000E+01 1.113746E+00
1.800000E+01 1.106272E+00
1.825000E+01 1.095448E+00
1.850000E+01 1.086448E+00
1.875000E+01 1.079533E+00
1.900000E+01 1.071847E+00
1.925000E+01 1.068252E+00
1.950000E+01 1.061553E+00
1.975000E+01 1.058034E+00
2.000000E+01 1.053790E+00
2.025000E+01 1.050688E+00
2.050000E+01 1.047882E+00
2.075000E+01 1.046024E+00
2.100000E+01 1.043244E+00
2.125000E+01 1.042229E+00
2.150000E+01 1.040066E+00
2.175000E+01 1.038126E+00
2.200000E+01 1.034744E+00
2.225000E+01 1.032802E+00
2.250000E+01 1.030773E+00
2.275000E+01 1.028537E+00
2.300000E+01 1.026574E+00
2.325000E+01 1.025422E+00
2.350000E+01 1.023194E+00
2.375000E+01 1.021762E+00
2.400000E+01 1.021227E+00
2.425000E+01 1.020209E+00
2.450000E+01 1.020067E+00
2.475000E+01 1.018662E+00
2.500000E+01 1.017782E+00
2.525000E+01 1.017308E+00
2.550000E+01 1.016043E+00
2.575000E+01 1.015223E+00
2.600000E+01 1.014889E+00
2.625000E+01 1.013662E+00
2.650000E+01 1.013913E+00
2.675000E+01 1.013529E+00
2.700000E+01 1.012155E+00
2.725000E+01 1.011269E+00
2.750000E+01 1.012315E+00
2.775000E+01 1.011334E+00
2.800000E+01 1.010630E+00
2.825000E+01 1.010675E+00
2.850000E+01 1.009671E+00
2.875000E+01 1.009413E+00
2.900000E+01 1.009650E+00
2.925000E+01 1.009100E+00
2.950000E+01 1.009358E+00
2.975000E+01 1.008921E+00
3.000000E+01 1.008459E+00
3.025000E+01 1.007757E+00
3.050000E+01 1.008124E+00
3.075000E+01 1.007355E+00
3.100000E+01 1.007313E+00
3.125000E+01 1.007757E+00
3.150000E+01 1.007320E+00
3.175000E+01 1.007308E+00
3.200000E+01 1.007327E+00
3.225000E+01 1.006736E+00
3.250000E+01 1.007229E+00
3.275000E+01 1.006801E+00
3.300000E+01 1.006477E+00
3.325000E+01 1.006440E+00
3.350000E+01 1.006407E+00
3.375000E+01 1.006269E+00
3.400000E+01 1.005964E+00
3.425000E+01 1.005773E+00
3.450000E+01 1.005609E+00
3.475000E+01 1.005963E+00
3.500000E+01 1.005432E+00
3.525000E+01 1.005903E+00
3.550000E+01 1.005809E+00
3.575000E+01 1.005374E+00
3.600000E+01 1.005389E+00
3.625000E+01 1.004872E+00
3.650000E+01 1.004921E+00
3.675000E+01 1.005554E+00
3.700000E+01 1.005484E+00
3.725000E+01 1.005328E+00
3.750000E+01 1.004933E+00
3.775000E+01 1.004323E+00
3.800000E+01 1.004823E+00
3.825000E+01 1.005357E+00
3.850000E+01 1.004272E+00
3.875000E+01 1.004264E+00
3.900000E+01 1.004141E+00
3.925000E+01 1.004227E+00
3.950000E+01 1.004981E+00
3.975000E+01 1.004599E+00
4.000000E+01 1.004599E+00
4.025000E+01 1.004325E+00
4.050000E+01 1.004282E+00
4.075000E+01 1.003908E+00
4.100000E+01 1.004118E+00
4.125000E+01 1.004413E+00
4.150000E+01 1.003912E+00
4.175000E+01 1.004029E+00
4.200000E+01 1.004128E+00
4.225000E+01 1.004151E+00
4.250000E+01 1.003673E+00
4.275000E+01 1.004160E+00
4.300000E+01 1.004072E+00
4.325000E+01 1.004022E+00
4.350000E+01 1.003776E+00
4.375000E+01 1.003894E+00
4.400000E+01 1.003756E+00
4.425000E+01 1.003545E+00
4.450000E+01 1.003658E+00
4.475000E+01 1.003713E+00
4.500000E+01 1.003599E+00
4.525000E+01 1.003936E+00
4.550000E+01 1.003603E+00
4.575000E+01 1.003972E+00
4.600000E+01 1.003344E+00
4.625000E+01 1.004017E+00
4.650000E+01 1.003203E+00
4.675000E+01 1.003911E+00
4.700000E+01 1.003448E+00
4.725000E+01 1.003595E+00
4.750000E+01 1.003250E+00
4.775000E+01 1.003433E+00
4.800000E+01 1.003285E+00
4.825000E+01 1.003194E+00
4.850000E+01 1.003263E+00
4.875000E+01 1.003255E+00
4.900000E+01 1.003164E+00
4.925000E+01 1.003343E+00
4.950000E+01 1.003202E+00
4.975000E+01 1.002885E+00
5.000000E+01 1.002926E+00
5.025000E+01 1.002997E+00
5.050000E+01 1.003071E+00
5.075000E+01 1.003096E+00
5.100000E+01 1.002575E+00
5.125000E+01 1.003115E+00
5.150000E+01 1.003241E+00
5.175000E+01 1.003169E+00
5.200000E+01 1.002698E+00
5.225000E+01 1.003079E+00
5.250000E+01 1.002986E+00
5.275000E+01 1.002866E+00
5.300000E+01 1.003045E+00
5.325000E+01 1.002704E+00
5.350000E+01 1.002720E+00
5.375000E+01 1.002748E+00
5.400000E+01 1.003019E+00
5.425000E+01 1.002587E+00
5.450000E+01 1.002729E+00
5.475000E+01 1.002591E+00
5.500000E+01 1.002721E+00
5.525000E+01 1.002615E+00
5.550000E+01 1.002770E+00
5.575000E+01 1.002300E+00
5.600000E+01 1.002425E+00
5.625000E+01 1.002378E+00
5.650000E+01 1.002767E+00
5.675000E+01 1.002528E+00
5.700000E+01 1.002502E+00
5.725000E+01 1.002555E+00
5.750000E+01 1.002282E+00
5.775000E+01 1.002481E+00
5.800000E+01 1.002203E+00
5.825000E+01 1.002568E+00
5.850000E+01 1.002717E+00
5.875000E+01 1.002319E+00
5.900000E+01 1.002616E+00
5.925000E+01 1.002188E+00
5.950000E+01 1.001865E+00
5.975000E+01 1.002347E+00
6.000000E+01 1.002245E+00
6.025000E+01 1.002244E+00
6.050000E+01 1.002244E+00
6.075000E+01 1.001894E+00
6.100000E+01 1.002102E+00
6.125000E+01 1.002114E+00
6.150000E+01 1.002015E+00
6.175000E+01 1.002186E+00
6.200000E+01 1.002179E+00
6.225000E+01 1.002424E+00
6.250000E+01 1.002049E+00
6.275000E+01 1.002006E+00
6.300000E+01 1.002077E+00
6.325000E+01 1.001872E+00
6.350000E+01 1.002162E+00
6.375000E+01 1.002008E+00
6.400000E+01 1.001779E+00
6.425000E+01 1.001879E+00
6.450000E+01 1.001633E+00
6.475000E+01 1.001927E+00
6.500000E+01 1.001970E+00
6.525000E+01 1.001923E+00
6.550000E+01 1.001714E+00
6.575000E+01 1.001952E+00
6.600000E+01 1.002163E+00
6.625000E+01 1.001939E+00
6.650000E+01 1.001771E+00
6.675000E+01 1.001530E+00
6.700000E+01 1.001463E+00
6.725000E+01 1.001718E+00
6.750000E+01 1.002107E+00
6.775000E+01 1.001805E+00
6.800000E+01 1.001689E+00
6.825000E+01 1.001821E+00
6.850000E+01 1.001574E+00
6.875000E+01 1.001609E+00
6.900000E+01 1.001405E+00
6.925000E+01 1.001556E+00
6.950000E+01 1.001428E+00
6.975000E+01 1.001904E+00
7.000000E+01 1.001871E+00
7.025000E+01 1.001638E+00
7.050000E+01 1.001747E+00
7.075000E+01 1.001755E+00
7.100000E+01 1.001599E+00
7.125000E+01 1.001770E+00
7.150000E+01 1.001791E+00
7.175000E+01 1.001325E+00
7.200000E+01 1.001539E+00
7.225000E+01 1.001567E+00
7.250000E+01 1.001394E+00
7.275000E+01 1.001411E+00
7.300000E+01 1.001768E+00
7.325000E+01 1.001421E+00
7.350000E+01 1.001619E+00
7.375000E+01 1.001608E+00
7.400000E+01 1.001360E+00
7.425000E+01 1.001548E+00
7.450000E+01 1.001445E+00
7.475000E+01 1.001401E+00
7.500000E+01 1.001152E+00
7.525000E+01 1.001278E+00
7.550000E+01 1.001189E+00
7.575000E+01 1.001363E+00
7.600000E+01 1.001445E+00
7.625000E+01 1.001268E+00
7.650000E+01 1.001388E+00
7.675000E+01 1.001343E+00
7.700000E+01 1.001343E+00
7.725000E+01 1.001276E+00
7.750000E+01 1.001090E+00
7.775000E+01 1.001495E+00
7.800000E+01 1.001519E+00
7.825000E+01 1.001168E+00
7.850000E+01 1.001123E+00
7.875000E+01 1.001321E+00
7.900000E+01 1.001230E+00
7.925000E+01 1.001167E+00
7.950000E+01 1.001116E+00
7.975000E+01 1.001195E+00
8.000000E+01 1.001145E+00
8.025000E+01 1.001207E+00
8.050000E+01 1.001202E+00
8.075000E+01 1.001294E+00
8.100000E+01 1.001326E+00
8.125000E+01 1.001275E+00
8.150000E+01 1.001075E+00
8.175000E+01 1.001001E+00
8.200000E+01 1.001228E+00
8.225000E+01 1.001246E+00
8.250000E+01 1.001194E+00
8.275000E+01 1.001095E+00
8.300000E+01 1.000792E+00
8.325000E+01 1.001139E+00
8.350000E+01 1.001126E+00
8.375000E+01 1.001207E+00
8.400000E+01 1.001233E+00
8.425000E+01 1.000766E+00
8.450000E+01 1.001072E+00
8.475000E+01 1.000854E+00
8.500000E+01 1.000869E+00
8.525000E+01 1.001167E+00
8.550000E+01 1.000940E+00
8.575000E+01 1.001295E+00
8.600000E+01 1.001043E+00
8.625000E+01 1.001096E+00
8.650000E+01 1.001106E+00
8.675000E+01 1.000990E+00
8.700000E+01 1.000912E+00
8.725000E+01 1.001266E+00
8.750000E+01 1.001025E+00
8.775000E+01 1.001004E+00
8.800000E+01 1.001161E+00
8.825000E+01 1.000899E+00
8.850000E+01 1.000901E+00
8.875000E+01 1.000897E+00
8.900000E+01 1.000938E+00
8.925000E+01 1.001038E+00
8.950000E+01 1.000967E+00
8.975000E+01 1.000992E+00
9.000000E+01 1.000894E+00
9.025000E+01 1.001094E+00
9.050000E+01 1.001018E+00
9.075000E+01 1.000870E+00
9.100000E+01 1.000907E+00
9.125000E+01 1.000828E+00
9.150000E+01 1.000902E+00
9.175000E+01 1.000629E+00
9.200000E+01 1.000868E+00
9.225000E+01 1.000786E+00
9.250000E+01 1.000807E+00
9.275000E+01 1.001001E+00
9.300000E+01 1.000757E+00
9.325000E+01 1.000823E+00
9.350000E+01 1.000798E+00
9.375000E+01 1.000898E+00
9.400000E+01 1.000925E+00
9.425000E+01 1.000670E+00
9.450000E+01 1.000865E+00
9.475000E+01 1.000971E+00
9.500000E+01 1.000817E+00
9.525000E+01 1.000977E+00
9.550000E+01 1.000815E+00
9.575000E+01 1.001021E+00
9.600000E+01 1.000772E+00
9.625000E+01 1.000931E+00
9.650000E+01 1.000895E+00
9.675000E+01 1.000862E+00
9.700000E+01 1.000702E+00
9.725000E+01 1.000820E+00
9.750000E+01 1.000750E+00
9.775000E+01 1.000797E+00
9.800000E+01 1.000768E+00
9.825000E+01 1.000895E+00
9.850000E+01 1.000822E+00
9.875000E+01 1.000816E+00
9.900000E+01 1.000866E+00
9.925000E+01 1.000425E+00
9.950000E+01 1.000772E+00
9.975000E+01 1.000697E+00
1.000000E+02 1.000732E+00
1.002500E+02 1.000983E+00
1.005000E+02 1.000660E+00
1.007500E+02 1.000840E+00
1.010000E+02 1.000797E+00
1.012500E+02 1.000706E+00
1.015000E+02 1.000706E+00
1.017500E+02 1.000804E+00
1.020000E+02 1.000668E+00
1.022500E+02 1.000853E+00
1.025000E+02 1.000748E+00
1.027500E+02 1.000680E+00
1.030000E+02 1.000630E+00
1.032500E+02 1.000738E+00
1.035000E+02 1.000755E+00
1.037500E+02 1.000672E+00
1.040000E+02 1.000761E+00
1.042500E+02 1.000669E+00
1.045000E+02 1.000596E+00
1.047500E+02 1.000646E+00
1.050000E+02 1.000679E+00
1.052500E+02 1.000688E+00
1.055000E+02 1.000782E+00
1.057500E+02 1.000638E+00
1.060000E+02 1.000550E+00
1.062500E+02 1.000874E+00
1.065000E+02 1.000591E+00
1.067500E+02 1.000561E+00
1.070000E+02 1.000586E+00
1.072500E+02 1.000509E+00
1.075000E+02 1.000779E+00
1.077500E+02 1.000589E+00
1.080000E+02 1.000668E+00
1.082500E+02 1.000642E+00
1.085000E+02 1.000619E+00
1.087500E+02 1.000667E+00
1.090000E+02 1.000488E+00
1.092500E+02 1.000583E+00
1.095000E+02 1.000844E+00
1.097500E+02 1.000552E+00
1.100000E+02 1.000546E+00
1.102500E+02 1.000837E+00
1.105000E+02 1.000584E+00
1.107500E+02 1.000607E+00
1.110000E+02 1.000651E+00
1.112500E+02 1.000933E+00
1.115000E+02 1.000566E+00
1.117500E+02 1.000503E+00
1.120000E+02 1.000722E+00
1.122500E+02 1.000639E+00
1.125000E+02 1.000744E+00
1.127500E+02 1.000455E+00
1.130000E+02 1.000432E+00
1.132500E+02 1.000579E+00
1.135000E+02 1.000733E+00
1.137500E+02 1.000554E+00
1.140000E+02 1.000515E+00
1.142500E+02 1.000566E+00
1.145000E+02 1.000397E+00
1.147500E+02 1.000402E+00
1.150000E+02 1.000593E+00
1.152500E+02 1.000507E+00
1.155000E+02 1.000327E+00
1.157500E+02 1.000551E+00
1.160000E+02 1.000436E+00
1.162500E+02 1.000620E+00
1.165000E+02 1.000333E+00
1.167500E+02 1.000461E+00
1.170000E+02 1.000482E+00
1.172500E+02 1.000438E+00
1.175000E+02 1.000490E+00
1.177500E+02 1.000446E+00
1.180000E+02 1.000433E+00
1.182500E+02 1.000458E+00
1.185000E+02 1.000309E+00
1.187500E+02 1.000456E+00
1.190000E+02 1.000531E+00
1.192500E+02 1.000437E+00
1.195000E+02 1.000317E+00
1.197500E+02 1.000355E+00
1.200000E+02 1.000422E+00
1.202500E+02 1.000402E+00
1.205000E+02 1.000538E+00
1.207500E+02 1.000444E+00
1.210000E+02 1.000426E+00
1.212500E+02 1.000494E+00
1.215000E+02 1.000313E+00
1.217500E+02 1.000647E+00
1.220000E+02 1.000394E+00
1.222500E+02 1.000347E+00
1.225000E+02 1.000389E+00
1.227500E+02 1.000308E+00
1.230000E+02 1.000353E+00
1.232500E+02 1.000347E+00
1.235000E+02 1.000521E+00
1.237500E+02 1.000404E+00
1.240000E+02 1.000276E+00
1.242500E+02 1.000315E+00
1.245000E+02 1.000300E+00
1.247500E+02 1.000440E+00
1.250000E+02 9.973913E-01
1.252500E+02 9.911884E-01
1.255000E+02 9.853704E-01
1.257500E+02 9.796578E-01
1.260000E+02 9.735676E-01
1.262500E+02 9.678404E-01
1.265000E+02 9.617240E-01
1.267500E+02 9.559239E-01
1.270000E+02 9.501931E-01
1.272500E+02 9.443147E-01
1.275000E+02 9.385466E-01
1.277500E+02 9.329081E-01
1.280000E+02 9.270678E-01
1.282500E+02 9.214180E-01
1.285000E+02 9.158443E-01
1.287500E+02 9.102241E-01
1.290000E+02 9.044811E-01
1.292500E+02 8.989167E-01
1.295000E+02 8.931650E-01
1.297500E+02 8.876197E-01
1.300000E+02 8.822086E-01
1.302500E+02 8.765648E-01
1.305000E+02 8.710497E-01
1.307500E+02 8.655230E-01
1.310000E+02 8.602024E-01
1.312500E+02 8.546777E-01
1.315000E+02 8.492400E-01
1.317500E+02 8.438103E-01
1.320000E+02 8.385305E-01
1.322500E+02 8.330247E-01
1.325000E+02 8.277689E-01
1.327500E+02 8.223501E-01
1.330000E+02 8.171621E-01
1.332500E+02 8.118057E-01
1.335000E+02 8.066677E-01
1.337500E+02 8.014188E-01
1.340000E+02 7.959227E-01
1.342500E+02 7.908378E-01
1.345000E+02 7.858652E-01
1.347500E+02 7.806090E-01
1.350000E+02 7.753037E-01
1.352500E+02 7.703259E-01
1.355000E+02 7.651529E-01
1.357500E+02 7.600774E-01
1.360000E+02 7.550743E-01
1.362500E+02 7.499910E-01
1.365000E+02 7.448437E-01
1.367500E+02 7.399715E-01
1.370000E+02 7.348400E-01
1.372500E+02 7.298016E-01
1.375000E+02 7.249180E-01
1.377500E+02 7.198608E-01
1.380000E+02 7.149697E-01
1.382500E+02 7.101433E-01
1.385000E+02 7.052609E-01
1.387500E+02 7.003888E-01
1.390000E+02 6.955419E-01
1.392500E+02 6.906578E-01
1.395000E+02 6.858264E-01
1.397500E+02 6.809135E-01
1.400000E+02 6.763898E-01
1.402500E+02 6.715989E-01
1.405000E+02 6.666785E-01
1.407500E+02 6.620501E-01
1.410000E+02 6.572598E-01
1.412500E+02 6.526110E-01
1.415000E+02 6.479940E-01
1.417500E+02 6.433213E-01
1.420000E+02 6.385635E-01
1.422500E+02 6.339385E-01
1.425000E+02 6.292212E-01
1.427500E+02 6.247373E-01
1.430000E+02 6.201985E-01
1.432500E+02 6.154836E-01
1.435000E+02 6.110632E-01
1.437500E+02 6.064059E-01
1.440000E+02 6.018429E-01
1.442500E+02 5.974746E-01
1.445000E+02 5.930457E-01
1.447500E+02 5.884883E-01
1.450000E+02 5.840937E-01
1.452500E+02 5.795405E-01
1.455000E+02 5.751998E-01
1.457500E+02 5.706604E-01
1.460000E+02 5.663333E-01
1.462500E+02 5.618964E-01
1.465000E+02 5.575987E-01
1.467500E+02 5.531693E-01
1.470000E+02 5.489292E-01
1.472500E+02 5.445568E-01
1.475000E+02 5.402876E-01
1.477500E+02 5.358806E-01
1.480000E+02 5.316663E-01
1.482500E+02 5.273609E-01
1.485000E+02 5.231070E-01
1.487500E+02 5.190621E-01
1.490000E+02 5.146473E-01
1.492500E+02 5.103639E-01
1.495000E+02 5.062875E-01
1.497500E+02 5.019987E-01
1.500000E+02 4.979605E-01
1.502500E+02 4.937646E-01
1.505000E+02 4.895909E-01
1.507500E+02 4.854353E-01
1.510000E+02 4.814043E-01
1.512500E+02 4.772826E-01
1.515000E+02 4.730975E-01
1.517500E+02 4.690658E-01
1.520000E+02 4.649802E-01
1.522500E+02 4.609378E-01
1.525000E+02 4.569716E-01
1.527500E+02 4.528959E-01
1.530000E+02 4.488792E-01
1.532500E+02 4.449748E-01
1.535000E+02 4.409395E-01
1.537500E+02 4.369923E-01
1.540000E+02 4.330269E-01
1.542500E+02 4.290866E-01
1.545000E+02 4.251887E-01
1.547500E+02 4.212379E-01
1.550000E+02 4.174416E-01
1.552500E+02 4.135448E-01
1.555000E+02 4.096067E-01
1.557500E+02 4.057013E-01
1.560000E+02 4.018165E-01
1.562500E+02 3.979868E-01
1.565000E+02 3.942383E-01
1.567500E+02 3.903375E-01
1.570000E+02 3.865608E-01
1.572500E+02 3.827455E-01
1.575000E+02 3.790298E-01
1.577500E+02 3.751433E-01
1.580000E+02 3.714350E-01
1.582500E+02 3.677301E-01
1.585000E+02 3.638706E-01
1.587500E+02 3.602224E-01
1.590000E+02 3.565499E-01
1.592500E+02 3.528506E-01
1.595000E+02 3.491596E-01
1.597500E+02 3.455018E-01
1.600000E+02 3.418337E-01
1.602500E+02 3.382019E-01
1.605000E+02 3.345420E-01
1.607500E+02 3.309380E-01
1.610000E+02 3.272447E-01
1.612500E+02 3.236037E-01
1.615000E+02 3.201212E-01
1.617500E+02 3.165613E-01
1.620000E+02 3.129358E-01
1.622500E+02 3.093613E-01
1.625000E+02 3.058549E-01
1.627500E+02 3.022987E-01
1.630000E+02 2.987678E-01
1.632500E+02 2.953150E-01
1.635000E+02 2.917311E-01
1.637500E+02 2.882788E-01
1.640000E+02 2.847291E-01
1.642500E+02 2.812706E-01
1.645000E+02 2.778165E-01
1.647500E+02 2.743586E-01
1.650000E+02 2.709513E-01
1.652500E+02 2.674826E-01
1.655000E+02 2.640648E-01
1.657500E+02 2.606706E-01
1.660000E+02 2.572665E-01
1.662500E+02 2.539182E-01
1.665000E+02 2.504681E-01
1.667500E+02 2.471384E-01
1.670000E+02 2.437654E-01
1.672500E+02 2.404860E-01
1.675000E+02 2.370487E-01
1.677500E+02 2.338044E-01
1.680000E+02 2.304172E-01
1.682500E+02 2.270759E-01
1.685000E+02 2.237987E-01
1.687500E+02 2.205309E-01
1.690000E+02 2.172211E-01
1.692500E+02 2.139924E-01
1.695000E+02 2.106679E-01
1.697500E+02 2.074517E-01
1.700000E+02 2.042115E-01
1.702500E+02 2.009643E-01
1.705000E+02 1.977606E-01
1.707500E+02 1.945319E-01
1.710000E+02 1.913080E-01
1.712500E+02 1.881513E-01
1.715000E+02 1.849222E-01
1.717500E+02 1.817575E-01
1.720000E+02 1.785817E-01
1.722500E+02 1.754249E-01
1.725000E+02 1.722957E-01
1.727500E+02 1.691496E-01
1.730000E+02 1.660033E-01
1.732500E+02 1.628916E-01
1.735000E+02 1.597880E-01
1.737500E+02 1.566543E-01
1.740000E+02 1.535774E-01
1.742500E+02 1.504858E-01
1.745000E+02 1.474547E-01
1.747500E+02 1.443320E-01
1.750000E+02 1.412319E-01
1.752500E+02 1.382181E-01
1.755000E+02 1.351742E-01
1.757500E+02 1.321220E-01
1.760000E+02 1.291422E-01
1.762500E+02 1.261081E-01
1.765000E+02 1.231173E-01
1.767500E+02 1.201587E-01
1.770000E+02 1.174246E-01
1.772500E+02 1.148596E-01
1.775000E+02 1.123650E-01
1.777500E+02 1.099468E-01
1.780000E+02 1.075667E-01
1.782500E+02 1.053087E-01
1.785000E+02 1.030711E-01
1.787500E+02 1.009580E-01
1.790000E+02 9.886049E-02
1.792500E+02 9.677827E-02
1.795000E+02 9.477056E-02
1.797500E+02 9.282627E-02
1.800000E+02 9.089671E-02
1.802500E+02 8.905167E-02
1.805000E+02 8.722056E-02
1.807500E+02 8.538760E-02
1.810000E+02 8.363919E-02
1.812500E+02 8.190463E-02
1.815000E+02 8.022811E-02
1.817500E+02 7.856050E-02
1.820000E+02 7.693613E-02
1.822500E+02 7.533893E-02
1.825000E+02 7.375682E-02
1.827500E+02 7.222300E-02
1.830000E+02 7.072749E-02
1.832500E+02 6.924255E-02
1.835000E+02 6.776890E-02
1.837500E+02 6.632591E-02
1.840000E+02 6.495046E-02
1.842500E+02 6.356752E-02
1.845000E+02 6.222826E-02
1.847500E+02 6.089189E-02
1.850000E+02 5.959951E-02
1.852500E+02 5.831667E-02
1.855000E+02 5.701330E-02
1.857500E+02 5.582106E-02
1.860000E+02 5.459662E-02
1.862500E+02 5.340714E-02
1.865000E+02 5.225240E-02
1.867500E+02 5.107146E-02
1.870000E+02 4.995185E-02
1.872500E+02 4.884391E-02
1.875000E+02 4.773516E-02
1.877500E+02 4.665882E-02
1.880000E+02 4.561051E-02
1.882500E+02 4.460342E-02
1.885000E+02 4.358059E-02
1.887500E+02 4.256506E-02
1.890000E+02 4.161264E-02
1.892500E+02 4.062756E-02
1.895000E+02 3.965637E-02
1.897500E+02 3.873563E-02
1.900000E+02 3.784577E-02
1.902500E+02 3.693644E-02
1.905000E+02 3.604320E-02
1.907500E+02 3.518055E-02
1.910000E+02 3.431132E-02
1.912500E+02 3.349127E-02
1.915000E+02 3.266286E-02
1.917500E+02 3.184071E-02
1.920000E+02 3.106621E-02
1.922500E+02 3.026697E-02
1.925000E+02 2.950939E-02
1.927500E+02 2.876869E-02
1.930000E+02 2.801722E-02
1.932500E+02 2.730234E-02
1.935000E+02 2.658780E-02
1.937500E+02 2.588079E-02
1.940000E+02 2.520344E-02
1.942500E+02 2.450954E-02
1.945000E+02 2.386221E-02
1.947500E+02 2.321173E-02
1.950000E+02 2.258622E-02
1.952500E+02 2.195077E-02
1.955000E+02 2.134302E-02
1.957500E+02 2.072672E-02
1.960000E+02 2.015981E-02
1.962500E+02 1.956241E-02
1.965000E+02 1.899113E-02
1.967500E+02 1.843588E-02
1.970000E+02 1.791180E-02
1.972500E+02 1.735569E-02
1.975000E+02 1.683024E-02
1.977500E+02 1.630928E-02
1.980000E+02 1.582729E-02
1.982500E+02 1.532767E-02
1.985000E+02 1.484601E-02
1.987500E+02 1.436885E-02
1.990000E+02 1.390152E-02
1.992500E+02 1.345766E-02
1.995000E+02 1.300336E-02
1.997500E+02 1.256223E-02
2.000000E+02 1.213495E-02
2.002500E+02 1.172715E-02
2.005000E+02 1.132327E-02
2.007500E+02 1.090978E-02
2.010000E+02 1.053213E-02
2.012500E+02 1.013655E-02
2.015000E+02 9.772431E-03
2.017500E+02 9.406790E-03
2.020000E+02 9.052794E-03
2.022500E+02 8.704371E-03
2.025000E+02 8.365630E-03
2.027500E+02 8.026807E-03
2.030000E+02 7.714241E-03
2.032500E+02 7.397550E-03
2.035000E+02 7.084716E-03
2.037500E+02 6.795725E-03
2.040000E+02 6.502441E-03
2.042500E+02 6.218502E-03
2.045000E+02 5.935356E-03
2.047500E+02 5.665417E-03
2.050000E+02 5.409103E-03
2.052500E+02 5.149651E-03
2.055000E+02 4.890202E-03
2.057500E+02 4.662398E-03
2.060000E+02 4.427628E-03
2.062500E+02 4.200732E-03
2.065000E+02 3.979227E-03
2.067500E+02 3.767473E-03
2.070000E+02 3.558847E-03
2.072500E+02 3.357299E-03
2.075000E+02 3.173179E-03
2.077500E+02 2.981555E-03
2.080000E+02 2.802521E-03
2.082500E+02 2.626070E-03
2.085000E+02 2.458099E-03
2.087500E+02 2.299595E-03
2.090000E+02 2.139970E-03
2.092500E+02 1.985996E-03
2.095000E+02 1.845498E-03
2.097500E+02 1.708133E-03
2.100000E+02 1.571214E-03
2.102500E+02 1.447540E-03
2.105000E+02 1.330783E-03
2.107500E+02 1.213132E-03
2.110000E+02 1.103567E-03
2.112500E+02 9.988062E-04
2.115000E+02 9.003319E-04
2.117500E+02 8.074535E-04
2.120000E+02 7.197045E-04
2.122500E+02 6.402620E-04
2.125000E+02 5.595525E-04
2.127500E+02 4.879882E-04
2.130000E+02 4.239464E-04
2.132500E+02 3.617317E-04
2.135000E+02 3.056467E-04
2.137500E+02 2.538865E-04
2.140000E+02 2.074160E-04
2.142500E+02 1.645864E-04
2.145000E+02 1.285110E-04
2.147500E+02 9.560973E-05
2.150000E+02 6.868027E-05
2.152500E+02 4.568622E-05
2.155000E+02 2.783053E-05
2.157500E+02 1.438917E-05
2.160000E+02 5.389481E-06
2.162500E+02 7.695209E-07
