2.500000E-01 0.000000E+00
5.000000E-01 0.000000E+00
7.500000E-01 0.000000E+00
1.000000E+00 0.000000E+00
1.250000E+00 0.000000E+00
1.500000E+00 0.000000E+00
1.750000E+00 0.000000E+00
2.000000E+00 0.000000E+00
2.250000E+00 0.000000E+00
2.500000E+00 0.000000E+00
2.750000E+00 0.000000E+00
3.000000E+00 0.000000E+00
3.250000E+00 0.000000E+00
3.500000E+00 1.377723E-01
3.750000E+00 1.022121E+01
4.000000E+00 6.898281E+01
4.250000E+00 1.243512E+02
4.500000E+00 1.141549E+02
4.750000E+00 7.796587E+01
5.000000E+00 4.859616E+01
5.250000E+00 3.001353E+01
5.500000E+00 1.949757E+01
5.750000E+00 1.371274E+01
6.000000E+00 1.064326E+01
6.250000E+00 8.957549E+00
6.500000E+00 7.584782E+00
6.750000E+00 6.267665E+00
7.000000E+00 5.186840E+00
7.250000E+00 4.426864E+00
7.500000E+00 4.078613E+00
7.750000E+00 4.390982E+00
8.000000E+00 5.501482E+00
8.250000E+00 6.912347E+00
8.500000E+00 7.691726E+00
8.750000E+00 7.362742E+00
9.000000E+00 6.323026E+00
9.250000E+00 5.138789E+00
9.500000E+00 4.127116E+00
9.750000E+00 3.340626E+00
1.000000E+01 2.815004E+00
1.025000E+01 2.435735E+00
1.050000E+01 2.173987E+00
1.075000E+01 1.977781E+00
1.100000E+01 1.819133E+00
1.125000E+01 1.692902E+00
1.150000E+01 1.632873E+00
1.175000E+01 1.612842E+00
1.200000E+01 1.630856E+00
1.225000E+01 1.679185E+00
1.250000E+01 1.721397E+00
1.275000E+01 1.713017E+00
1.300000E+01 1.660727E+00
1.325000E+01 1.586326E+00
1.350000E+01 1.505954E+00
1.375000E+01 1.414117E+00
1.400000E+01 1.344378E+00
1.425000E+01 1.283653E+00
1.450000E+01 1.228861E+00
1.475000E+01 1.198832E+00
1.500000E+01 1.170556E+00
1.525000E+01 1.148025E+00
1.550000E+01 1.138419E+00
1.575000E+01 1.128007E+00
1.600000E+01 1.125536E+00
1.625000E+01 1.124073E+00
1.650000E+01 1.115809E+00
1.675000E+01 1.118140E+00
1.700000E+01 1.110137E+00
1.725000E+01 1.102321E+00
1.750000E+01 1.089781E+00
1.775000E+01 1.074531E+00
1.800000E+01 1.066798E+00
1.825000E+01 1.058099E+00
1.850000E+01 1.055324E+00
1.875000E+01 1.047586E+00
1.900000E+01 1.041665E+00
1.925000E+01 1.036913E+00
1.950000E+01 1.038587E+00
1.975000E+01 1.030402E+00
2.000000E+01 1.030684E+00
2.025000E+01 1.030629E+00
2.050000E+01 1.028290E+00
2.075000E+01 1.030344E+00
2.100000E+01 1.026623E+00
2.125000E+01 1.027029E+00
2.150000E+01 1.025049E+00
2.175000E+01 1.019646E+00
2.200000E+01 1.020030E+00
2.225000E+01 1.015557E+00
2.250000E+01 1.013178E+00
2.275000E+01 1.013810E+00
2.300000E+01 1.016634E+00
2.325000E+01 1.014578E+00
2.350000E+01 1.013781E+00
2.375000E+01 1.010926E+00
2.400000E+01 1.011782E+00
2.425000E+01 1.009300E+00
2.450000E+01 1.013492E+00
2.475000E+01 1.010543E+00
2.500000E+01 1.013735E+00
2.525000E+01 1.009127E+00
2.550000E+01 1.009720E+00
2.575000E+01 1.011589E+00
2.600000E+01 1.008720E+00
2.625000E+01 1.008904E+00
2.650000E+01 1.006987E+00
2.675000E+01 1.006835E+00
2.700000E+01 1.008132E+00
2.725000E+01 1.005558E+00
2.750000E+01 1.007846E+00
2.775000E+01 1.005027E+00
2.800000E+01 1.002986E+00
2.825000E+01 1.006204E+00
2.850000E+01 1.007133E+00
2.875000E+01 1.004519E+00
2.900000E+01 1.006959E+00
2.925000E+01 1.003557E+00
2.950000E+01 1.005643E+00
2.975000E+01 1.003523E+00
3.000000E+01 1.003825E+00
3.025000E+01 1.005271E+00
3.050000E+01 1.003277E+00
3.075000E+01 1.003605E+00
3.100000E+01 1.006167E+00
3.125000E+01 1.002852E+00
3.150000E+01 1.004220E+00
3.175000E+01 1.002602E+00
3.200000E+01 1.004523E+00
3.225000E+01 1.005117E+00
3.250000E+01 1.003341E+00
3.275000E+01 1.003780E+00
3.300000E+01 1.003382E+00
3.325000E+01 1.004839E+00
3.350000E+01 1.003375E+00
3.375000E+01 1.003982E+00
3.400000E+01 1.002672E+00
3.425000E+01 1.003676E+00
3.450000E+01 1.004070E+00
3.475000E+01 1.002763E+00
3.500000E+01 1.001755E+00
3.525000E+01 1.004168E+00
3.550000E+01 1.001491E+00
3.575000E+01 1.002840E+00
3.600000E+01 1.002462E+00
3.625000E+01 1.005695E+00
3.650000E+01 1.003192E+00
3.675000E+01 1.005047E+00
3.700000E+01 1.004031E+00
3.725000E+01 1.002683E+00
3.750000E+01 1.002281E+00
3.775000E+01 1.002196E+00
3.800000E+01 1.002731E+00
3.825000E+01 1.002684E+00
3.850000E+01 1.001068E+00
3.875000E+01 1.002279E+00
3.900000E+01 1.001430E+00
3.925000E+01 1.003324E+00
3.950000E+01 1.002886E+00
3.975000E+01 9.997243E-01
4.000000E+01 1.003527E+00
4.025000E+01 1.001375E+00
4.050000E+01 1.000953E+00
4.075000E+01 1.002866E+00
4.100000E+01 1.002424E+00
4.125000E+01 1.002413E+00
4.150000E+01 1.001518E+00
4.175000E+01 1.001995E+00
4.200000E+01 1.003365E+00
4.225000E+01 1.003099E+00
4.250000E+01 1.002481E+00
4.275000E+01 1.001242E+00
4.300000E+01 1.000106E+00
4.325000E+01 9.995107E-01
4.350000E+01 1.001396E+00
4.375000E+01 1.000745E+00
4.400000E+01 1.002896E+00
4.425000E+01 1.002865E+00
4.450000E+01 1.001516E+00
4.475000E+01 1.003188E+00
4.500000E+01 1.000963E+00
4.525000E+01 1.001555E+00
4.550000E+01 1.002823E+00
4.575000E+01 1.000299E+00
4.600000E+01 1.003064E+00
4.625000E+01 1.001633E+00
4.650000E+01 1.001703E+00
4.675000E+01 1.001779E+00
4.700000E+01 1.000725E+00
4.725000E+01 1.000272E+00
4.750000E+01 1.002105E+00
4.775000E+01 1.001096E+00
4.800000E+01 1.001983E+00
4.825000E+01 1.001054E+00
4.850000E+01 1.001791E+00
4.875000E+01 1.001483E+00
4.900000E+01 1.002735E+00
4.925000E+01 1.000901E+00
4.950000E+01 1.001937E+00
4.975000E+01 1.001253E+00
5.000000E+01 1.000840E+00
5.025000E+01 1.002349E+00
5.050000E+01 1.000775E+00
5.075000E+01 1.001369E+00
5.100000E+01 1.001636E+00
5.125000E+01 1.001773E+00
5.150000E+01 1.002374E+00
5.175000E+01 1.001135E+00
5.200000E+01 1.001738E+00
5.225000E+01 1.002486E+00
5.250000E+01 1.000685E+00
5.275000E+01 1.000908E+00
5.300000E+01 1.001976E+00
5.325000E+01 1.002083E+00
5.350000E+01 1.000309E+00
5.375000E+01 1.000142E+00
5.400000E+01 9.995618E-01
5.425000E+01 1.001581E+00
5.450000E+01 1.000278E+00
5.475000E+01 1.001798E+00
5.500000E+01 1.002163E+00
5.525000E+01 1.000796E+00
5.550000E+01 1.001499E+00
5.575000E+01 1.000428E+00
5.600000E+01 1.001664E+00
5.625000E+01 1.002037E+00
5.650000E+01 1.000445E+00
5.675000E+01 1.001044E+00
5.700000E+01 1.000785E+00
5.725000E+01 9.997354E-01
5.750000E+01 1.000145E+00
5.775000E+01 1.000805E+00
5.800000E+01 1.001170E+00
5.825000E+01 9.996486E-01
5.850000E+01 9.997492E-01
5.875000E+01 1.000603E+00
5.900000E+01 1.000412E+00
5.925000E+01 1.000092E+00
5.950000E+01 1.000063E+00
5.975000E+01 9.998185E-01
6.000000E+01 1.001282E+00
6.025000E+01 1.001211E+00
6.050000E+01 9.996083E-01
6.075000E+01 9.996476E-01
6.100000E+01 1.000723E+00
6.125000E+01 1.000394E+00
6.150000E+01 9.995305E-01
6.175000E+01 1.000286E+00
6.200000E+01 9.996408E-01
6.225000E+01 9.995686E-01
6.250000E+01 1.000445E+00
6.275000E+01 9.988766E-01
6.300000E+01 1.000121E+00
6.325000E+01 1.000539E+00
6.350000E+01 1.001249E+00
6.375000E+01 1.000550E+00
6.400000E+01 1.000316E+00
6.425000E+01 9.995208E-01
6.450000E+01 9.994806E-01
6.475000E+01 9.992983E-01
6.500000E+01 1.000001E+00
6.525000E+01 1.000521E+00
6.550000E+01 1.000040E+00
6.575000E+01 1.000273E+00
6.600000E+01 1.000371E+00
6.625000E+01 9.990176E-01
6.650000E+01 1.000376E+00
6.675000E+01 9.991925E-01
6.700000E+01 1.000100E+00
6.725000E+01 9.992957E-01
6.750000E+01 9.998773E-01
6.775000E+01 9.994872E-01
6.800000E+01 1.000580E+00
6.825000E+01 1.000079E+00
6.850000E+01 1.000159E+00
6.875000E+01 9.999995E-01
6.900000E+01 9.999863E-01
6.925000E+01 1.000114E+00
6.950000E+01 9.995597E-01
6.975000E+01 9.987326E-01
7.000000E+01 9.998343E-01
7.025000E+01 9.993904E-01
7.050000E+01 1.000476E+00
7.075000E+01 1.000575E+00
7.100000E+01 1.000481E+00
7.125000E+01 1.000159E+00
7.150000E+01 1.000646E+00
7.175000E+01 1.000186E+00
7.200000E+01 9.995172E-01
7.225000E+01 1.000071E+00
7.250000E+01 1.000279E+00
7.275000E+01 9.998919E-01
7.300000E+01 9.989251E-01
7.325000E+01 9.996885E-01
7.350000E+01 1.000552E+00
7.375000E+01 9.998695E-01
7.400000E+01 1.000331E+00
7.425000E+01 9.991062E-01
7.450000E+01 9.994254E-01
7.475000E+01 9.992735E-01
7.500000E+01 9.997192E-01
7.525000E+01 9.989677E-01
7.550000E+01 1.000618E+00
7.575000E+01 1.000610E+00
7.600000E+01 1.000838E+00
7.625000E+01 9.999332E-01
7.650000E+01 9.992453E-01
7.675000E+01 9.998070E-01
7.700000E+01 1.000510E+00
7.725000E+01 9.996967E-01
7.750000E+01 9.984629E-01
7.775000E+01 1.000147E+00
7.800000E+01 1.000529E+00
7.825000E+01 9.993208E-01
7.850000E+01 9.993842E-01
7.875000E+01 9.996560E-01
7.900000E+01 9.993942E-01
7.925000E+01 9.992154E-01
7.950000E+01 9.996078E-01
7.975000E+01 9.998850E-01
8.000000E+01 9.991440E-01
8.025000E+01 9.997565E-01
8.050000E+01 9.990240E-01
8.075000E+01 9.989084E-01
8.100000E+01 9.993580E-01
8.125000E+01 9.989466E-01
8.150000E+01 9.986437E-01
8.175000E+01 9.992545E-01
8.200000E+01 9.992618E-01
8.225000E+01 9.992862E-01
8.250000E+01 9.994842E-01
8.275000E+01 9.988126E-01
8.300000E+01 9.997959E-01
8.325000E+01 9.996401E-01
8.350000E+01 9.993720E-01
8.375000E+01 9.990400E-01
8.400000E+01 9.993393E-01
8.425000E+01 9.988641E-01
8.450000E+01 9.982232E-01
8.475000E+01 9.997427E-01
8.500000E+01 9.990854E-01
8.525000E+01 9.997169E-01
8.550000E+01 9.993295E-01
8.575000E+01 9.990058E-01
8.600000E+01 9.990214E-01
8.625000E+01 9.993481E-01
8.650000E+01 9.993857E-01
8.675000E+01 9.995970E-01
8.700000E+01 9.993658E-01
8.725000E+01 9.994409E-01
8.750000E+01 9.982196E-01
8.775000E+01 9.991099E-01
8.800000E+01 9.992926E-01
8.825000E+01 9.986872E-01
8.850000E+01 9.980734E-01
8.875000E+01 9.997590E-01
8.900000E+01 9.993940E-01
8.925000E+01 9.997998E-01
8.950000E+01 9.987617E-01
8.975000E+01 9.999457E-01
9.000000E+01 9.992541E-01
9.025000E+01 1.000013E+00
9.050000E+01 1.000033E+00
9.075000E+01 9.993352E-01
9.100000E+01 9.991027E-01
9.125000E+01 9.993215E-01
9.150000E+01 9.986703E-01
9.175000E+01 9.991986E-01
9.200000E+01 9.996836E-01
9.225000E+01 9.991143E-01
9.250000E+01 9.983129E-01
9.275000E+01 9.994979E-01
9.300000E+01 9.995509E-01
9.325000E+01 9.997791E-01
9.350000E+01 9.987890E-01
9.375000E+01 1.000120E+00
9.400000E+01 9.989491E-01
9.425000E+01 9.990648E-01
9.450000E+01 9.993429E-01
9.475000E+01 9.993111E-01
9.500000E+01 9.984796E-01
9.525000E+01 9.987489E-01
9.550000E+01 9.996946E-01
9.575000E+01 9.995306E-01
9.600000E+01 9.992688E-01
9.625000E+01 9.991580E-01
9.650000E+01 9.989040E-01
9.675000E+01 1.000122E+00
9.700000E+01 9.984646E-01
9.725000E+01 9.991512E-01
9.750000E+01 9.990712E-01
9.775000E+01 9.985208E-01
9.800000E+01 9.987252E-01
9.825000E+01 9.989671E-01
9.850000E+01 9.993093E-01
9.875000E+01 9.991331E-01
9.900000E+01 9.994167E-01
9.925000E+01 9.987802E-01
9.950000E+01 9.983790E-01
9.975000E+01 9.984234E-01
1.000000E+02 9.994051E-01
1.002500E+02 9.988408E-01
1.005000E+02 9.986921E-01
1.007500E+02 9.989732E-01
1.010000E+02 9.991244E-01
1.012500E+02 9.996315E-01
1.015000E+02 9.988720E-01
1.017500E+02 9.982939E-01
1.020000E+02 9.991966E-01
1.022500E+02 9.986380E-01
1.025000E+02 9.988788E-01
1.027500E+02 9.990706E-01
1.030000E+02 9.986121E-01
1.032500E+02 9.990573E-01
1.035000E+02 9.990495E-01
1.037500E+02 9.991766E-01
1.040000E+02 9.993480E-01
1.042500E+02 9.983900E-01
1.045000E+02 9.987006E-01
1.047500E+02 9.994552E-01
1.050000E+02 9.985415E-01
1.052500E+02 9.986926E-01
1.055000E+02 9.989712E-01
1.057500E+02 9.987802E-01
1.060000E+02 9.991450E-01
1.062500E+02 9.990609E-01
1.065000E+02 9.990110E-01
1.067500E+02 9.991615E-01
1.070000E+02 9.990184E-01
1.072500E+02 9.993450E-01
1.075000E+02 9.990656E-01
1.077500E+02 9.986708E-01
1.080000E+02 9.983167E-01
1.082500E+02 9.996487E-01
1.085000E+02 9.984334E-01
1.087500E+02 9.983303E-01
1.090000E+02 9.988469E-01
1.092500E+02 9.988371E-01
1.095000E+02 9.985548E-01
1.097500E+02 9.983042E-01
1.100000E+02 9.985017E-01
1.102500E+02 9.989392E-01
1.105000E+02 9.986561E-01
1.107500E+02 9.986697E-01
1.110000E+02 9.986883E-01
1.112500E+02 9.992585E-01
1.115000E+02 9.989324E-01
1.117500E+02 9.985018E-01
1.120000E+02 9.986077E-01
1.122500E+02 9.987651E-01
1.125000E+02 9.991956E-01
1.127500E+02 9.985031E-01
1.130000E+02 9.985188E-01
1.132500E+02 9.986200E-01
1.135000E+02 9.978067E-01
1.137500E+02 9.981018E-01
1.140000E+02 9.990509E-01
1.142500E+02 9.982892E-01
1.145000E+02 9.978979E-01
1.147500E+02 9.985775E-01
1.150000E+02 9.985847E-01
1.152500E+02 9.990525E-01
1.155000E+02 9.989064E-01
1.157500E+02 9.986304E-01
1.160000E+02 9.990011E-01
1.162500E+02 9.980755E-01
1.165000E+02 9.984415E-01
1.167500E+02 9.989218E-01
1.170000E+02 9.988694E-01
1.172500E+02 9.985365E-01
1.175000E+02 9.982066E-01
1.177500E+02 9.979187E-01
1.180000E+02 9.983001E-01
1.182500E+02 9.987530E-01
1.185000E+02 9.978729E-01
1.187500E+02 9.982616E-01
1.190000E+02 9.988626E-01
1.192500E+02 9.986769E-01
1.195000E+02 9.989159E-01
1.197500E+02 9.984987E-01
1.200000E+02 9.983519E-01
1.202500E+02 9.986475E-01
1.205000E+02 9.986511E-01
1.207500E+02 9.988876E-01
1.210000E+02 9.981060E-01
1.212500E+02 9.980853E-01
1.215000E+02 9.984452E-01
1.217500E+02 9.983784E-01
1.220000E+02 9.980652E-01
1.222500E+02 9.986662E-01
1.225000E+02 9.980311E-01
1.227500E+02 9.986304E-01
1.230000E+02 9.985793E-01
1.232500E+02 9.982582E-01
1.235000E+02 9.978295E-01
1.237500E+02 9.979531E-01
1.240000E+02 9.986438E-01
1.242500E+02 9.979754E-01
1.245000E+02 9.985478E-01
1.247500E+02 9.981617E-01
1.250000E+02 9.952955E-01
1.252500E+02 9.896011E-01
1.255000E+02 9.835630E-01
1.257500E+02 9.773106E-01
1.260000E+02 9.716830E-01
1.262500E+02 9.651826E-01
1.265000E+02 9.592261E-01
1.267500E+02 9.540215E-01
1.270000E+02 9.480982E-01
1.272500E+02 9.426258E-01
1.275000E+02 9.364639E-01
1.277500E+02 9.310292E-01
1.280000E+02 9.253317E-01
1.282500E+02 9.198832E-01
1.285000E+02 9.134158E-01
1.287500E+02 9.088154E-01
1.290000E+02 9.021026E-01
1.292500E+02 8.966699E-01
1.295000E+02 8.915283E-01
1.297500E+02 8.858193E-01
1.300000E+02 8.802287E-01
1.302500E+02 8.754574E-01
1.305000E+02 8.688788E-01
1.307500E+02 8.636836E-01
1.310000E+02 8.580245E-01
1.312500E+02 8.527694E-01
1.315000E+02 8.474343E-01
1.317500E+02 8.416555E-01
1.320000E+02 8.365183E-01
1.322500E+02 8.313984E-01
1.325000E+02 8.257366E-01
1.327500E+02 8.206664E-01
1.330000E+02 8.151491E-01
1.332500E+02 8.098826E-01
1.335000E+02 8.047861E-01
1.337500E+02 7.998586E-01
1.340000E+02 7.944903E-01
1.342500E+02 7.886229E-01
1.345000E+02 7.846669E-01
1.347500E+02 7.791905E-01
1.350000E+02 7.742140E-01
1.352500E+02 7.684612E-01
1.355000E+02 7.636292E-01
1.357500E+02 7.584783E-01
1.360000E+02 7.533520E-01
1.362500E+02 7.480861E-01
1.365000E+02 7.433051E-01
1.367500E+02 7.383439E-01
1.370000E+02 7.332549E-01
1.372500E+02 7.287325E-01
1.375000E+02 7.235264E-01
1.377500E+02 7.188086E-01
1.380000E+02 7.137753E-01
1.382500E+02 7.085288E-01
1.385000E+02 7.041036E-01
1.387500E+02 6.989457E-01
1.390000E+02 6.942954E-01
1.392500E+02 6.890496E-01
1.395000E+02 6.845685E-01
1.397500E+02 6.799401E-01
1.400000E+02 6.752350E-01
1.402500E+02 6.701650E-01
1.405000E+02 6.651277E-01
1.407500E+02 6.606922E-01
1.410000E+02 6.557236E-01
1.412500E+02 6.512850E-01
1.415000E+02 6.465332E-01
1.417500E+02 6.423392E-01
1.420000E+02 6.368944E-01
1.422500E+02 6.326719E-01
1.425000E+02 6.285839E-01
1.427500E+02 6.235034E-01
1.430000E+02 6.196047E-01
1.432500E+02 6.141796E-01
1.435000E+02 6.097143E-01
1.437500E+02 6.051253E-01
1.440000E+02 6.007140E-01
1.442500E+02 5.963379E-01
1.445000E+02 5.917423E-01
1.447500E+02 5.875297E-01
1.450000E+02 5.828802E-01
1.452500E+02 5.788222E-01
1.455000E+02 5.741910E-01
1.457500E+02 5.697615E-01
1.460000E+02 5.657654E-01
1.462500E+02 5.608365E-01
1.465000E+02 5.569274E-01
1.467500E+02 5.521308E-01
1.470000E+02 5.477722E-01
1.472500E+02 5.436414E-01
1.475000E+02 5.392755E-01
1.477500E+02 5.350943E-01
1.480000E+02 5.307097E-01
1.482500E+02 5.261521E-01
1.485000E+02 5.218057E-01
1.487500E+02 5.181349E-01
1.490000E+02 5.140383E-01
1.492500E+02 5.096568E-01
1.495000E+02 5.058085E-01
1.497500E+02 5.009708E-01
1.500000E+02 4.973719E-01
1.502500E+02 4.931774E-01
1.505000E+02 4.891532E-01
1.507500E+02 4.845602E-01
1.510000E+02 4.805894E-01
1.512500E+02 4.764778E-01
1.515000E+02 4.726111E-01
1.517500E+02 4.680064E-01
1.520000E+02 4.641791E-01
1.522500E+02 4.604229E-01
1.525000E+02 4.560349E-01
1.527500E+02 4.522776E-01
1.530000E+02 4.481391E-01
1.532500E+02 4.440253E-01
1.535000E+02 4.399155E-01
1.537500E+02 4.360872E-01
1.540000E+02 4.322617E-01
1.542500E+02 4.283657E-01
1.545000E+02 4.247713E-01
1.547500E+02 4.208690E-01
1.550000E+02 4.166274E-01
1.552500E+02 4.128798E-01
1.555000E+02 4.087489E-01
1.557500E+02 4.050452E-01
1.560000E+02 4.010151E-01
1.562500E+02 3.974643E-01
1.565000E+02 3.937028E-01
1.567500E+02 3.899457E-01
1.570000E+02 3.861393E-01
1.572500E+02 3.824030E-01
1.575000E+02 3.785952E-01
1.577500E+02 3.749634E-01
1.580000E+02 3.711206E-01
1.582500E+02 3.669882E-01
1.585000E+02 3.636704E-01
1.587500E+02 3.597087E-01
1.590000E+02 3.561180E-01
1.592500E+02 3.523651E-01
1.595000E+02 3.485176E-01
1.597500E+02 3.451866E-01
1.600000E+02 3.416305E-01
1.602500E+02 3.377509E-01
1.605000E+02 3.340897E-01
1.607500E+02 3.302749E-01
1.610000E+02 3.270189E-01
1.612500E+02 3.230605E-01
1.615000E+02 3.196706E-01
1.617500E+02 3.160105E-01
1.620000E+02 3.125688E-01
1.622500E+02 3.088762E-01
1.625000E+02 3.051386E-01
1.627500E+02 3.016650E-01
1.630000E+02 2.982638E-01
1.632500E+02 2.948584E-01
1.635000E+02 2.913828E-01
1.637500E+02 2.876926E-01
1.640000E+02 2.843726E-01
1.642500E+02 2.810090E-01
1.645000E+02 2.774039E-01
1.647500E+02 2.740562E-01
1.650000E+02 2.705780E-01
1.652500E+02 2.670670E-01
1.655000E+02 2.637287E-01
1.657500E+02 2.603599E-01
1.660000E+02 2.570330E-01
1.662500E+02 2.534021E-01
1.665000E+02 2.503767E-01
1.667500E+02 2.468977E-01
1.670000E+02 2.433112E-01
1.672500E+02 2.400639E-01
1.675000E+02 2.365894E-01
1.677500E+02 2.332097E-01
1.680000E+02 2.299189E-01
1.682500E+02 2.266320E-01
1.685000E+02 2.235093E-01
1.687500E+02 2.203625E-01
1.690000E+02 2.169687E-01
1.692500E+02 2.137564E-01
1.695000E+02 2.102252E-01
1.697500E+02 2.070415E-01
1.700000E+02 2.040196E-01
1.702500E+02 2.008116E-01
1.705000E+02 1.973584E-01
1.707500E+02 1.940477E-01
1.710000E+02 1.910983E-01
1.712500E+02 1.879373E-01
1.715000E+02 1.846585E-01
1.717500E+02 1.815549E-01
1.720000E+02 1.783765E-01
1.722500E+02 1.750611E-01
1.725000E+02 1.719652E-01
1.727500E+02 1.687970E-01
1.730000E+02 1.656041E-01
1.732500E+02 1.625849E-01
1.735000E+02 1.595027E-01
1.737500E+02 1.563517E-01
1.740000E+02 1.533134E-01
1.742500E+02 1.502127E-01
1.745000E+02 1.470250E-01
1.747500E+02 1.440729E-01
1.750000E+02 1.410711E-01
1.752500E+02 1.379464E-01
1.755000E+02 1.350312E-01
1.757500E+02 1.318961E-01
1.760000E+02 1.288692E-01
1.762500E+02 1.256748E-01
1.765000E+02 1.228032E-01
1.767500E+02 1.198830E-01
1.770000E+02 1.171454E-01
1.772500E+02 1.147219E-01
1.775000E+02 1.120791E-01
1.777500E+02 1.097635E-01
1.780000E+02 1.074277E-01
1.782500E+02 1.051624E-01
1.785000E+02 1.029985E-01
1.787500E+02 1.007256E-01
1.790000E+02 9.875024E-02
1.792500E+02 9.662146E-02
1.795000E+02 9.460323E-02
1.797500E+02 9.286672E-02
1.800000E+02 9.082481E-02
1.802500E+02 8.889559E-02
1.805000E+02 8.704905E-02
1.807500E+02 8.524991E-02
1.810000E+02 8.346927E-02
1.812500E+02 8.168661E-02
1.815000E+02 8.002311E-02
1.817500E+02 7.845967E-02
1.820000E+02 7.688563E-02
1.822500E+02 7.518011E-02
1.825000E+02 7.357147E-02
1.827500E+02 7.216563E-02
1.830000E+02 7.058867E-02
1.832500E+02 6.914340E-02
1.835000E+02 6.780098E-02
1.837500E+02 6.633066E-02
1.840000E+02 6.470553E-02
1.842500E+02 6.343954E-02
1.845000E+02 6.198344E-02
1.847500E+02 6.068947E-02
1.850000E+02 5.945532E-02
1.852500E+02 5.810433E-02
1.855000E+02 5.692830E-02
1.857500E+02 5.572504E-02
1.860000E+02 5.447026E-02
1.862500E+02 5.321670E-02
1.865000E+02 5.211086E-02
1.867500E+02 5.097853E-02
1.870000E+02 4.992035E-02
1.872500E+02 4.868366E-02
1.875000E+02 4.755403E-02
1.877500E+02 4.664346E-02
1.880000E+02 4.549349E-02
1.882500E+02 4.447523E-02
1.885000E+02 4.351662E-02
1.887500E+02 4.243326E-02
1.890000E+02 4.158305E-02
1.892500E+02 4.047193E-02
1.895000E+02 3.962438E-02
1.897500E+02 3.864650E-02
1.900000E+02 3.771553E-02
1.902500E+02 3.684063E-02
1.905000E+02 3.599323E-02
1.907500E+02 3.511136E-02
1.910000E+02 3.424573E-02
1.912500E+02 3.339860E-02
1.915000E+02 3.265285E-02
1.917500E+02 3.176495E-02
1.920000E+02 3.099217E-02
1.922500E+02 3.023636E-02
1.925000E+02 2.946084E-02
1.927500E+02 2.871417E-02
1.930000E+02 2.797273E-02
1.932500E+02 2.728641E-02
1.935000E+02 2.661239E-02
1.937500E+02 2.586427E-02
1.940000E+02 2.519306E-02
1.942500E+02 2.456367E-02
1.945000E+02 2.380111E-02
1.947500E+02 2.320435E-02
1.950000E+02 2.256827E-02
1.952500E+02 2.187986E-02
1.955000E+02 2.130304E-02
1.957500E+02 2.065436E-02
1.960000E+02 2.015084E-02
1.962500E+02 1.946116E-02
1.965000E+02 1.893869E-02
1.967500E+02 1.843176E-02
1.970000E+02 1.788241E-02
1.972500E+02 1.730886E-02
1.975000E+02 1.679650E-02
1.977500E+02 1.629370E-02
1.980000E+02 1.577788E-02
1.982500E+02 1.532426E-02
1.985000E+02 1.477830E-02
1.987500E+02 1.437104E-02
1.990000E+02 1.386388E-02
1.992500E+02 1.342236E-02
1.995000E+02 1.297897E-02
1.997500E+02 1.253444E-02
2.000000E+02 1.209178E-02
2.002500E+02 1.167935E-02
2.005000E+02 1.131645E-02
2.007500E+02 1.084495E-02
2.010000E+02 1.053273E-02
2.012500E+02 1.014048E-02
2.015000E+02 9.771615E-03
2.017500E+02 9.392547E-03
2.020000E+02 9.055001E-03
2.022500E+02 8.693623E-03
2.025000E+02 8.324692E-03
2.027500E+02 8.015464E-03
2.030000E+02 7.713965E-03
2.032500E+02 7.389360E-03
2.035000E+02 7.089651E-03
2.037500E+02 6.753699E-03
2.040000E+02 6.466532E-03
2.042500E+02 6.188946E-03
2.045000E+02 5.925543E-03
2.047500E+02 5.655425E-03
2.050000E+02 5.384541E-03
2.052500E+02 5.162019E-03
2.055000E+02 4.912293E-03
2.057500E+02 4.665944E-03
2.060000E+02 4.422139E-03
2.062500E+02 4.207100E-03
2.065000E+02 3.984817E-03
2.067500E+02 3.749673E-03
2.070000E+02 3.545035E-03
2.072500E+02 3.356282E-03
2.075000E+02 3.175947E-03
2.077500E+02 2.969773E-03
2.080000E+02 2.802419E-03
2.082500E+02 2.628727E-03
2.085000E+02 2.456109E-03
2.087500E+02 2.295062E-03
2.090000E+02 2.133286E-03
2.092500E+02 1.987687E-03
2.095000E+02 1.846609E-03
2.097500E+02 1.699454E-03
2.100000E+02 1.552420E-03
2.102500E+02 1.444096E-03
2.105000E+02 1.334853E-03
2.107500E+02 1.223314E-03
2.110000E+02 1.100516E-03
2.112500E+02 9.937802E-04
2.115000E+02 8.861706E-04
2.117500E+02 8.069433E-04
2.120000E+02 7.106998E-04
2.122500E+02 6.309686E-04
2.125000E+02 5.620658E-04
2.127500E+02 4.849725E-04
2.130000E+02 4.217954E-04
2.132500E+02 3.557309E-04
2.135000E+02 3.093008E-04
2.137500E+02 2.518428E-04
2.140000E+02 2.074501E-04
2.142500E+02 1.648794E-04
2.145000E+02 1.256125E-04
2.147500E+02 9.590228E-05
2.150000E+02 6.660381E-05
2.152500E+02 4.544468E-05
2.155000E+02 2.734381E-05
2.157500E+02 1.367910E-05
2.160000E+02 5.350422E-06
2.162500E+02 7.349500E-07
