2.500000E-01 0.000000E+00
5.000000E-01 0.000000E+00
7.500000E-01 0.000000E+00
1.000000E+00 0.000000E+00
1.250000E+00 0.000000E+00
1.500000E+00 0.000000E+00
1.750000E+00 0.000000E+00
2.000000E+00 0.000000E+00
2.250000E+00 0.000000E+00
2.500000E+00 0.000000E+00
2.750000E+00 0.000000E+00
3.000000E+00 0.000000E+00
3.250000E+00 8.544619E-05
3.500000E+00 3.996898E-02
3.750000E+00 3.353544E+00
4.000000E+00 2.496617E+01
4.250000E+00 5.013105E+01
4.500000E+00 5.083990E+01
4.750000E+00 3.806879E+01
5.000000E+00 2.568647E+01
5.250000E+00 1.706846E+01
5.500000E+00 1.176383E+01
5.750000E+00 8.648466E+00
6.000000E+00 6.947954E+00
6.250000E+00 5.970461E+00
6.500000E+00 5.188453E+00
6.750000E+00 4.408276E+00
7.000000E+00 3.694027E+00
7.250000E+00 3.146704E+00
7.500000E+00 2.841310E+00
7.750000E+00 2.797757E+00
8.000000E+00 3.065907E+00
8.250000E+00 3.528525E+00
8.500000E+00 3.876725E+00
8.750000E+00 3.883827E+00
9.000000E+00 3.566881E+00
9.250000E+00 3.122071E+00
9.500000E+00 2.696666E+00
9.750000E+00 2.342541E+00
1.000000E+01 2.088137E+00
1.025000E+01 1.881668E+00
1.050000E+01 1.736357E+00
1.075000E+01 1.615326E+00
1.100000E+01 1.515191E+00
1.125000E+01 1.444358E+00
1.150000E+01 1.381505E+00
1.175000E+01 1.347648E+00
1.200000E+01 1.333826E+00
1.225000E+01 1.337389E+00
1.250000E+01 1.339388E+00
1.275000E+01 1.341725E+00
1.300000E+01 1.323351E+00
1.325000E+01 1.302636E+00
1.350000E+01 1.269297E+00
1.375000E+01 1.235686E+00
1.400000E+01 1.200582E+00
1.425000E+01 1.166468E+00
1.450000E+01 1.147600E+00
1.475000E+01 1.130488E+00
1.500000E+01 1.107942E+00
1.525000E+01 1.097153E+00
1.550000E+01 1.085718E+00
1.575000E+01 1.076480E+00
1.600000E+01 1.072669E+00
1.625000E+01 1.069703E+00
1.650000E+01 1.065718E+00
1.675000E+01 1.063417E+00
1.700000E+01 1.060055E+00
1.725000E+01 1.057145E+00
1.750000E+01 1.052214E+00
1.775000E+01 1.049588E+00
1.800000E+01 1.043757E+00
1.825000E+01 1.041148E+00
1.850000E+01 1.036972E+00
1.875000E+01 1.033459E+00
1.900000E+01 1.030000E+00
1.925000E+01 1.028681E+00
1.950000E+01 1.026464E+00
1.975000E+01 1.022622E+00
2.000000E+01 1.024298E+00
2.025000E+01 1.020983E+00
2.050000E+01 1.019330E+00
2.075000E+01 1.020816E+00
2.100000E+01 1.018913E+00
2.125000E+01 1.017136E+00
2.150000E+01 1.016539E+00
2.175000E+01 1.017176E+00
2.200000E+01 1.015170E+00
2.225000E+01 1.014639E+00
2.250000E+01 1.012595E+00
2.275000E+01 1.013228E+00
2.300000E+01 1.012957E+00
2.325000E+01 1.013913E+00
2.350000E+01 1.011815E+00
2.375000E+01 1.011322E+00
2.400000E+01 1.012084E+00
2.425000E+01 1.009391E+00
2.450000E+01 1.010362E+00
2.475000E+01 1.011522E+00
2.500000E+01 1.009129E+00
2.525000E+01 1.009206E+00
2.550000E+01 1.010209E+00
2.575000E+01 1.008657E+00
2.600000E+01 1.008070E+00
2.625000E+01 1.010131E+00
2.650000E+01 1.008121E+00
2.675000E+01 1.009308E+00
2.700000E+01 1.007265E+00
2.725000E+01 1.008305E+00
2.750000E+01 1.007345E+00
2.775000E+01 1.008421E+00
2.800000E+01 1.007464E+00
2.825000E+01 1.007399E+00
2.850000E+01 1.007159E+00
2.875000E+01 1.007434E+00
2.900000E+01 1.007733E+00
2.925000E+01 1.007670E+00
2.950000E+01 1.007245E+00
2.975000E+01 1.007958E+00
3.000000E+01 1.006398E+00
3.025000E+01 1.006791E+00
3.050000E+01 1.006295E+00
3.075000E+01 1.005828E+00
3.100000E+01 1.006658E+00
3.125000E+01 1.008085E+00
3.150000E+01 1.005643E+00
3.175000E+01 1.007059E+00
3.200000E+01 1.004983E+00
3.225000E+01 1.004884E+00
3.250000E+01 1.005283E+00
3.275000E+01 1.005623E+00
3.300000E+01 1.004507E+00
3.325000E+01 1.005756E+00
3.350000E+01 1.005121E+00
3.375000E+01 1.006399E+00
3.400000E+01 1.005764E+00
3.425000E+01 1.004769E+00
3.450000E+01 1.005139E+00
3.475000E+01 1.004933E+00
3.500000E+01 1.005809E+00
3.525000E+01 1.004739E+00
3.550000E+01 1.005292E+00
3.575000E+01 1.003892E+00
3.600000E+01 1.004433E+00
3.625000E+01 1.005016E+00
3.650000E+01 1.004891E+00
3.675000E+01 1.005680E+00
3.700000E+01 1.004517E+00
3.725000E+01 1.004647E+00
3.750000E+01 1.004232E+00
3.775000E+01 1.004275E+00
3.800000E+01 1.004061E+00
3.825000E+01 1.004409E+00
3.850000E+01 1.004961E+00
3.875000E+01 1.004726E+00
3.900000E+01 1.004618E+00
3.925000E+01 1.003873E+00
3.950000E+01 1.004606E+00
3.975000E+01 1.004285E+00
4.000000E+01 1.005393E+00
4.025000E+01 1.004089E+00
4.050000E+01 1.004286E+00
4.075000E+01 1.005013E+00
4.100000E+01 1.003907E+00
4.125000E+01 1.005120E+00
4.150000E+01 1.005125E+00
4.175000E+01 1.003854E+00
4.200000E+01 1.003529E+00
4.225000E+01 1.003975E+00
4.250000E+01 1.004428E+00
4.275000E+01 1.004211E+00
4.300000E+01 1.003374E+00
4.325000E+01 1.003679E+00
4.350000E+01 1.004251E+00
4.375000E+01 1.003730E+00
4.400000E+01 1.004277E+00
4.425000E+01 1.004256E+00
4.450000E+01 1.003464E+00
4.475000E+01 1.003311E+00
4.500000E+01 1.003476E+00
4.525000E+01 1.003190E+00
4.550000E+01 1.003918E+00
4.575000E+01 1.003461E+00
4.600000E+01 1.003540E+00
4.625000E+01 1.003518E+00
4.650000E+01 1.002697E+00
4.675000E+01 1.002652E+00
4.700000E+01 1.002301E+00
4.725000E+01 1.003364E+00
4.750000E+01 1.003199E+00
4.775000E+01 1.003837E+00
4.800000E+01 1.003552E+00
4.825000E+01 1.003060E+00
4.850000E+01 1.003345E+00
4.875000E+01 1.003421E+00
4.900000E+01 1.003461E+00
4.925000E+01 1.003228E+00
4.950000E+01 1.003621E+00
4.975000E+01 1.002878E+00
5.000000E+01 1.003597E+00
5.025000E+01 1.003369E+00
5.050000E+01 1.003567E+00
5.075000E+01 1.002561E+00
5.100000E+01 1.003766E+00
5.125000E+01 1.003308E+00
5.150000E+01 1.003100E+00
5.175000E+01 1.003002E+00
5.200000E+01 1.003046E+00
5.225000E+01 1.003059E+00
5.250000E+01 1.002979E+00
5.275000E+01 1.002451E+00
5.300000E+01 1.002189E+00
5.325000E+01 1.002961E+00
5.350000E+01 1.002744E+00
5.375000E+01 1.002584E+00
5.400000E+01 1.003045E+00
5.425000E+01 1.002595E+00
5.450000E+01 1.003158E+00
5.475000E+01 1.002724E+00
5.500000E+01 1.002764E+00
5.525000E+01 1.002188E+00
5.550000E+01 1.003004E+00
5.575000E+01 1.003181E+00
5.600000E+01 1.002936E+00
5.625000E+01 1.002753E+00
5.650000E+01 1.002247E+00
5.675000E+01 1.002365E+00
5.700000E+01 1.002227E+00
5.725000E+01 1.002667E+00
5.750000E+01 1.002049E+00
5.775000E+01 1.002641E+00
5.800000E+01 1.002347E+00
5.825000E+01 1.002470E+00
5.850000E+01 1.002455E+00
5.875000E+01 1.002227E+00
5.900000E+01 1.002632E+00
5.925000E+01 1.002381E+00
5.950000E+01 1.002291E+00
5.975000E+01 1.002097E+00
6.000000E+01 1.002103E+00
6.025000E+01 1.002427E+00
6.050000E+01 1.001779E+00
6.075000E+01 1.002590E+00
6.100000E+01 1.002144E+00
6.125000E+01 1.002234E+00
6.150000E+01 1.001898E+00
6.175000E+01 1.001726E+00
6.200000E+01 1.002485E+00
6.225000E+01 1.002239E+00
6.250000E+01 1.001441E+00
6.275000E+01 1.001973E+00
6.300000E+01 1.001730E+00
6.325000E+01 1.001515E+00
6.350000E+01 1.001737E+00
6.375000E+01 1.001408E+00
6.400000E+01 1.001719E+00
6.425000E+01 1.001879E+00
6.450000E+01 1.001636E+00
6.475000E+01 1.002095E+00
6.500000E+01 1.001863E+00
6.525000E+01 1.001755E+00
6.550000E+01 1.001449E+00
6.575000E+01 1.001545E+00
6.600000E+01 1.001630E+00
6.625000E+01 1.001905E+00
6.650000E+01 1.001804E+00
6.675000E+01 1.002082E+00
6.700000E+01 1.001252E+00
6.725000E+01 1.001242E+00
6.750000E+01 1.001337E+00
6.775000E+01 1.001710E+00
6.800000E+01 1.001945E+00
6.825000E+01 1.001837E+00
6.850000E+01 1.001081E+00
6.875000E+01 1.001354E+00
6.900000E+01 1.001443E+00
6.925000E+01 1.001537E+00
6.950000E+01 1.001650E+00
6.975000E+01 1.001281E+00
7.000000E+01 1.001206E+00
7.025000E+01 1.001365E+00
7.050000E+01 1.001527E+00
7.075000E+01 1.001572E+00
7.100000E+01 1.001194E+00
7.125000E+01 1.001277E+00
7.150000E+01 1.001960E+00
7.175000E+01 1.001913E+00
7.200000E+01 1.001547E+00
7.225000E+01 1.001574E+00
7.250000E+01 1.001440E+00
7.275000E+01 1.002090E+00
7.300000E+01 1.001253E+00
7.325000E+01 1.001597E+00
7.350000E+01 1.001222E+00
7.375000E+01 1.001851E+00
7.400000E+01 1.001108E+00
7.425000E+01 1.001726E+00
7.450000E+01 1.001532E+00
7.475000E+01 1.001143E+00
7.500000E+01 1.001397E+00
7.525000E+01 1.001298E+00
7.550000E+01 1.001520E+00
7.575000E+01 1.001342E+00
7.600000E+01 1.001670E+00
7.625000E+01 1.001880E+00
7.650000E+01 1.001702E+00
7.675000E+01 1.001262E+00
7.700000E+01 1.001282E+00
7.725000E+01 1.001697E+00
7.750000E+01 1.001464E+00
7.775000E+01 1.000901E+00
7.800000E+01 1.001469E+00
7.825000E+01 1.001036E+00
7.850000E+01 1.001329E+00
7.875000E+01 1.001514E+00
7.900000E+01 1.001324E+00
7.925000E+01 1.001067E+00
7.950000E+01 1.001135E+00
7.975000E+01 1.001575E+00
8.000000E+01 1.001174E+00
8.025000E+01 1.001169E+00
8.050000E+01 1.001088E+00
8.075000E+01 1.000906E+00
8.100000E+01 1.001116E+00
8.125000E+01 1.001106E+00
8.150000E+01 1.001704E+00
8.175000E+01 1.001758E+00
8.200000E+01 1.001520E+00
8.225000E+01 1.001088E+00
8.250000E+01 1.001630E+00
8.275000E+01 1.001331E+00
8.300000E+01 1.001573E+00
8.325000E+01 1.001286E+00
8.350000E+01 1.001392E+00
8.375000E+01 1.001581E+00
8.400000E+01 1.001251E+00
8.425000E+01 1.001400E+00
8.450000E+01 1.001301E+00
8.475000E+01 1.001342E+00
8.500000E+01 1.001136E+00
8.525000E+01 1.001425E+00
8.550000E+01 1.001231E+00
8.575000E+01 1.001318E+00
8.600000E+01 1.001396E+00
8.625000E+01 1.000938E+00
8.650000E+01 1.001704E+00
8.675000E+01 1.001146E+00
8.700000E+01 1.001142E+00
8.725000E+01 1.001410E+00
8.750000E+01 1.000935E+00
8.775000E+01 1.001457E+00
8.800000E+01 1.000901E+00
8.825000E+01 1.000640E+00
8.850000E+01 1.001415E+00
8.875000E+01 1.000762E+00
8.900000E+01 1.001462E+00
8.925000E+01 1.001080E+00
8.950000E+01 1.000972E+00
8.975000E+01 1.000884E+00
9.000000E+01 1.001160E+00
9.025000E+01 1.000575E+00
9.050000E+01 1.000780E+00
9.075000E+01 1.000894E+00
9.100000E+01 1.000914E+00
9.125000E+01 1.001152E+00
9.150000E+01 1.001286E+00
9.175000E+01 1.000877E+00
9.200000E+01 1.000874E+00
9.225000E+01 1.000984E+00
9.250000E+01 1.000503E+00
9.275000E+01 1.001242E+00
9.300000E+01 1.001165E+00
9.325000E+01 1.001208E+00
9.350000E+01 1.000819E+00
9.375000E+01 1.000997E+00
9.400000E+01 1.000814E+00
9.425000E+01 1.000959E+00
9.450000E+01 1.001149E+00
9.475000E+01 1.001143E+00
9.500000E+01 1.000948E+00
9.525000E+01 1.000717E+00
9.550000E+01 1.000876E+00
9.575000E+01 1.000949E+00
9.600000E+01 1.001164E+00
9.625000E+01 1.000572E+00
9.650000E+01 1.001243E+00
9.675000E+01 1.000715E+00
9.700000E+01 1.001142E+00
9.725000E+01 1.000638E+00
9.750000E+01 1.001026E+00
9.775000E+01 1.000925E+00
9.800000E+01 1.000954E+00
9.825000E+01 1.000634E+00
9.850000E+01 1.000944E+00
9.875000E+01 1.000926E+00
9.900000E+01 1.000811E+00
9.925000E+01 1.000899E+00
9.950000E+01 1.000631E+00
9.975000E+01 1.001106E+00
1.000000E+02 1.000738E+00
1.002500E+02 1.000899E+00
1.005000E+02 1.000605E+00
1.007500E+02 1.000671E+00
1.010000E+02 1.000953E+00
1.012500E+02 1.001083E+00
1.015000E+02 1.000637E+00
1.017500E+02 1.000744E+00
1.020000E+02 1.000905E+00
1.022500E+02 1.000537E+00
1.025000E+02 1.000879E+00
1.027500E+02 1.000317E+00
1.030000E+02 1.000657E+00
1.032500E+02 1.000862E+00
1.035000E+02 1.000784E+00
1.037500E+02 1.000985E+00
1.040000E+02 1.000830E+00
1.042500E+02 1.000539E+00
1.045000E+02 1.000747E+00
1.047500E+02 1.001035E+00
1.050000E+02 1.000987E+00
1.052500E+02 1.000682E+00
1.055000E+02 1.000425E+00
1.057500E+02 1.001219E+00
1.060000E+02 1.000616E+00
1.062500E+02 1.000689E+00
1.065000E+02 1.000903E+00
1.067500E+02 1.000356E+00
1.070000E+02 1.000982E+00
1.072500E+02 1.000700E+00
1.075000E+02 1.000638E+00
1.077500E+02 1.000773E+00
1.080000E+02 1.000851E+00
1.082500E+02 1.000454E+00
1.085000E+02 1.000603E+00
1.087500E+02 1.000559E+00
1.090000E+02 1.000849E+00
1.092500E+02 1.000780E+00
1.095000E+02 1.000254E+00
1.097500E+02 1.000625E+00
1.100000E+02 1.000952E+00
1.102500E+02 1.000660E+00
1.105000E+02 1.001062E+00
1.107500E+02 1.000804E+00
1.110000E+02 1.000898E+00
1.112500E+02 1.000731E+00
1.115000E+02 1.000732E+00
1.117500E+02 1.000618E+00
1.120000E+02 1.000506E+00
1.122500E+02 1.000748E+00
1.125000E+02 1.000521E+00
1.127500E+02 1.000466E+00
1.130000E+02 1.000699E+00
1.132500E+02 1.000997E+00
1.135000E+02 1.000712E+00
1.137500E+02 1.000550E+00
1.140000E+02 1.000185E+00
1.142500E+02 1.000945E+00
1.145000E+02 1.000585E+00
1.147500E+02 1.000491E+00
1.150000E+02 1.000678E+00
1.152500E+02 1.000545E+00
1.155000E+02 1.000574E+00
1.157500E+02 1.000477E+00
1.160000E+02 1.000702E+00
1.162500E+02 1.000343E+00
1.165000E+02 1.000682E+00
1.167500E+02 1.000720E+00
1.170000E+02 1.000575E+00
1.172500E+02 1.000579E+00
1.175000E+02 1.000603E+00
1.177500E+02 1.000524E+00
1.180000E+02 1.000475E+00
1.182500E+02 1.000483E+00
1.185000E+02 1.000309E+00
1.187500E+02 1.000127E+00
1.190000E+02 1.000410E+00
1.192500E+02 1.000534E+00
1.195000E+02 1.000436E+00
1.197500E+02 1.000769E+00
1.200000E+02 1.000592E+00
1.202500E+02 1.000802E+00
1.205000E+02 1.000304E+00
1.207500E+02 1.000696E+00
1.210000E+02 1.000597E+00
1.212500E+02 1.000359E+00
1.215000E+02 1.000234E+00
1.217500E+02 1.000433E+00
1.220000E+02 1.000343E+00
1.222500E+02 1.000425E+00
1.225000E+02 1.000557E+00
1.227500E+02 1.000382E+00
1.230000E+02 1.000316E+00
1.232500E+02 1.000385E+00
1.235000E+02 1.000259E+00
1.237500E+02 1.000436E+00
1.240000E+02 1.000135E+00
1.242500E+02 1.000296E+00
1.245000E+02 1.000482E+00
1.247500E+02 1.000398E+00
1.250000E+02 9.970879E-01
1.252500E+02 9.915606E-01
1.255000E+02 9.856307E-01
1.257500E+02 9.795131E-01
1.260000E+02 9.736637E-01
1.262500E+02 9.676007E-01
1.265000E+02 9.619642E-01
1.267500E+02 9.558142E-01
1.270000E+02 9.499291E-01
1.272500E+02 9.444000E-01
1.275000E+02 9.384655E-01
1.277500E+02 9.329770E-01
1.280000E+02 9.267903E-01
1.282500E+02 9.216850E-01
1.285000E+02 9.158166E-01
1.287500E+02 9.101545E-01
1.290000E+02 9.045656E-01
1.292500E+02 8.989324E-01
1.295000E+02 8.934117E-01
1.297500E+02 8.876269E-01
1.300000E+02 8.821859E-01
1.302500E+02 8.764291E-01
1.305000E+02 8.710132E-01
1.307500E+02 8.654251E-01
1.310000E+02 8.601457E-01
1.312500E+02 8.547113E-01
1.315000E+02 8.490759E-01
1.317500E+02 8.439411E-01
1.320000E+02 8.382412E-01
1.322500E+02 8.329581E-01
1.325000E+02 8.277911E-01
1.327500E+02 8.224546E-01
1.330000E+02 8.171603E-01
1.332500E+02 8.117353E-01
1.335000E+02 8.065753E-01
1.337500E+02 8.011044E-01
1.340000E+02 7.960749E-01
1.342500E+02 7.911605E-01
1.345000E+02 7.857707E-01
1.347500E+02 7.807271E-01
1.350000E+02 7.755655E-01
1.352500E+02 7.702563E-01
1.355000E+02 7.650759E-01
1.357500E+02 7.600470E-01
1.360000E+02 7.553606E-01
1.362500E+02 7.499238E-01
1.365000E+02 7.447071E-01
1.367500E+02 7.397809E-01
1.370000E+02 7.348889E-01
1.372500E+02 7.298249E-01
1.375000E+02 7.250341E-01
1.377500E+02 7.197505E-01
1.380000E+02 7.151855E-01
1.382500E+02 7.101833E-01
1.385000E+02 7.052195E-01
1.387500E+02 7.003629E-01
1.390000E+02 6.953059E-01
1.392500E+02 6.902505E-01
1.395000E+02 6.860253E-01
1.397500E+02 6.810376E-01
1.400000E+02 6.764237E-01
1.402500E+02 6.715651E-01
1.405000E+02 6.666799E-01
1.407500E+02 6.617175E-01
1.410000E+02 6.572219E-01
1.412500E+02 6.524147E-01
1.415000E+02 6.478124E-01
1.417500E+02 6.431470E-01
1.420000E+02 6.387646E-01
1.422500E+02 6.337368E-01
1.425000E+02 6.294431E-01
1.427500E+02 6.247282E-01
1.430000E+02 6.202404E-01
1.432500E+02 6.156163E-01
1.435000E+02 6.109285E-01
1.437500E+02 6.062652E-01
1.440000E+02 6.019369E-01
1.442500E+02 5.972640E-01
1.445000E+02 5.927305E-01
1.447500E+02 5.882937E-01
1.450000E+02 5.838701E-01
1.452500E+02 5.795659E-01
1.455000E+02 5.750497E-01
1.457500E+02 5.704673E-01
1.460000E+02 5.664086E-01
1.462500E+02 5.620147E-01
1.465000E+02 5.576117E-01
1.467500E+02 5.531200E-01
1.470000E+02 5.487705E-01
1.472500E+02 5.443889E-01
1.475000E+02 5.401626E-01
1.477500E+02 5.358678E-01
1.480000E+02 5.316698E-01
1.482500E+02 5.273980E-01
1.485000E+02 5.229432E-01
1.487500E+02 5.189342E-01
1.490000E+02 5.146738E-01
1.492500E+02 5.106721E-01
1.495000E+02 5.062202E-01
1.497500E+02 5.021124E-01
1.500000E+02 4.977678E-01
1.502500E+02 4.935546E-01
1.505000E+02 4.897894E-01
1.507500E+02 4.853850E-01
1.510000E+02 4.812402E-01
1.512500E+02 4.772345E-01
1.515000E+02 4.731090E-01
1.517500E+02 4.689856E-01
1.520000E+02 4.648225E-01
1.522500E+02 4.609014E-01
1.525000E+02 4.570167E-01
1.527500E+02 4.528705E-01
1.530000E+02 4.488589E-01
1.532500E+02 4.448647E-01
1.535000E+02 4.410820E-01
1.537500E+02 4.369798E-01
1.540000E+02 4.330242E-01
1.542500E+02 4.290572E-01
1.545000E+02 4.249906E-01
1.547500E+02 4.209949E-01
1.550000E+02 4.171970E-01
1.552500E+02 4.132985E-01
1.555000E+02 4.094676E-01
1.557500E+02 4.055811E-01
1.560000E+02 4.018027E-01
1.562500E+02 3.980273E-01
1.565000E+02 3.940368E-01
1.567500E+02 3.904241E-01
1.570000E+02 3.865064E-01
1.572500E+02 3.826878E-01
1.575000E+02 3.790682E-01
1.577500E+02 3.751936E-01
1.580000E+02 3.714707E-01
1.582500E+02 3.677973E-01
1.585000E+02 3.638753E-01
1.587500E+02 3.602878E-01
1.590000E+02 3.564982E-01
1.592500E+02 3.528536E-01
1.595000E+02 3.492319E-01
1.597500E+02 3.454941E-01
1.600000E+02 3.417658E-01
1.602500E+02 3.382267E-01
1.605000E+02 3.344041E-01
1.607500E+02 3.309212E-01
1.610000E+02 3.271608E-01
1.612500E+02 3.237019E-01
1.615000E+02 3.200906E-01
1.617500E+02 3.163495E-01
1.620000E+02 3.127971E-01
1.622500E+02 3.092607E-01
1.625000E+02 3.059212E-01
1.627500E+02 3.024258E-01
1.630000E+02 2.987123E-01
1.632500E+02 2.951326E-01
1.635000E+02 2.917559E-01
1.637500E+02 2.883181E-01
1.640000E+02 2.846595E-01
1.642500E+02 2.813015E-01
1.645000E+02 2.776562E-01
1.647500E+02 2.743688E-01
1.650000E+02 2.707755E-01
1.652500E+02 2.674550E-01
1.655000E+02 2.640665E-01
1.657500E+02 2.606287E-01
1.660000E+02 2.571922E-01
1.662500E+02 2.539828E-01
1.665000E+02 2.503861E-01
1.667500E+02 2.470220E-01
1.670000E+02 2.437156E-01
1.672500E+02 2.402989E-01
1.675000E+02 2.369976E-01
1.677500E+02 2.336479E-01
1.680000E+02 2.303050E-01
1.682500E+02 2.270683E-01
1.685000E+02 2.237012E-01
1.687500E+02 2.204724E-01
1.690000E+02 2.171507E-01
1.692500E+02 2.139446E-01
1.695000E+02 2.107126E-01
1.697500E+02 2.074376E-01
1.700000E+02 2.041234E-01
1.702500E+02 2.009470E-01
1.705000E+02 1.976355E-01
1.707500E+02 1.944195E-01
1.710000E+02 1.913194E-01
1.712500E+02 1.880118E-01
1.715000E+02 1.849402E-01
1.717500E+02 1.817975E-01
1.720000E+02 1.786119E-01
1.722500E+02 1.753490E-01
1.725000E+02 1.721813E-01
1.727500E+02 1.690564E-01
1.730000E+02 1.660057E-01
1.732500E+02 1.629902E-01
1.735000E+02 1.597648E-01
1.737500E+02 1.566332E-01
1.740000E+02 1.535576E-01
1.742500E+02 1.505062E-01
1.745000E+02 1.474202E-01
1.747500E+02 1.442923E-01
1.750000E+02 1.413119E-01
1.752500E+02 1.381613E-01
1.755000E+02 1.351736E-01
1.757500E+02 1.320509E-01
1.760000E+02 1.291390E-01
1.762500E+02 1.260578E-01
1.765000E+02 1.230043E-01
1.767500E+02 1.201544E-01
1.770000E+02 1.174607E-01
1.772500E+02 1.148465E-01
1.775000E+02 1.123193E-01
1.777500E+02 1.099195E-01
1.780000E+02 1.076068E-01
1.782500E+02 1.053502E-01
1.785000E+02 1.030896E-01
1.787500E+02 1.009884E-01
1.790000E+02 9.885381E-02
1.792500E+02 9.685449E-02
1.795000E+02 9.479714E-02
1.797500E+02 9.283843E-02
1.800000E+02 9.092047E-02
1.802500E+02 8.907302E-02
1.805000E+02 8.717442E-02
1.807500E+02 8.534625E-02
1.810000E+02 8.365250E-02
1.812500E+02 8.189233E-02
1.815000E+02 8.019191E-02
1.817500E+02 7.860531E-02
1.820000E+02 7.693216E-02
1.822500E+02 7.529173E-02
1.825000E+02 7.372030E-02
1.827500E+02 7.229722E-02
1.830000E+02 7.078588E-02
1.832500E+02 6.921674E-02
1.835000E+02 6.777296E-02
1.837500E+02 6.637540E-02
1.840000E+02 6.498072E-02
1.842500E+02 6.357386E-02
1.845000E+02 6.226141E-02
1.847500E+02 6.084651E-02
1.850000E+02 5.958507E-02
1.852500E+02 5.827687E-02
1.855000E+02 5.704256E-02
1.857500E+02 5.587805E-02
1.860000E+02 5.460652E-02
1.862500E+02 5.341160E-02
1.865000E+02 5.225483E-02
1.867500E+02 5.113290E-02
1.870000E+02 4.997266E-02
1.872500E+02 4.885222E-02
1.875000E+02 4.779302E-02
1.877500E+02 4.669818E-02
1.880000E+02 4.568426E-02
1.882500E+02 4.463868E-02
1.885000E+02 4.357273E-02
1.887500E+02 4.259224E-02
1.890000E+02 4.160674E-02
1.892500E+02 4.063305E-02
1.895000E+02 3.968124E-02
1.897500E+02 3.871970E-02
1.900000E+02 3.782462E-02
1.902500E+02 3.692805E-02
1.905000E+02 3.609368E-02
1.907500E+02 3.520288E-02
1.910000E+02 3.431859E-02
1.912500E+02 3.350770E-02
1.915000E+02 3.268357E-02
1.917500E+02 3.189649E-02
1.920000E+02 3.105914E-02
1.922500E+02 3.029190E-02
1.925000E+02 2.951926E-02
1.927500E+02 2.879727E-02
1.930000E+02 2.802986E-02
1.932500E+02 2.733092E-02
1.935000E+02 2.657478E-02
1.937500E+02 2.594427E-02
1.940000E+02 2.521099E-02
1.942500E+02 2.453545E-02
1.945000E+02 2.389614E-02
1.947500E+02 2.324186E-02
1.950000E+02 2.259915E-02
1.952500E+02 2.195392E-02
1.955000E+02 2.137861E-02
1.957500E+02 2.076498E-02
1.960000E+02 2.015243E-02
1.962500E+02 1.960979E-02
1.965000E+02 1.899796E-02
1.967500E+02 1.844841E-02
1.970000E+02 1.790396E-02
1.972500E+02 1.733268E-02
1.975000E+02 1.684414E-02
1.977500E+02 1.633308E-02
1.980000E+02 1.583526E-02
1.982500E+02 1.533039E-02
1.985000E+02 1.487471E-02
1.987500E+02 1.438015E-02
1.990000E+02 1.389623E-02
1.992500E+02 1.346259E-02
1.995000E+02 1.300085E-02
1.997500E+02 1.257688E-02
2.000000E+02 1.215028E-02
2.002500E+02 1.171338E-02
2.005000E+02 1.132961E-02
2.007500E+02 1.091927E-02
2.010000E+02 1.054097E-02
2.012500E+02 1.016638E-02
2.015000E+02 9.777643E-03
2.017500E+02 9.388629E-03
2.020000E+02 9.058487E-03
2.022500E+02 8.721685E-03
2.025000E+02 8.373268E-03
2.027500E+02 8.040319E-03
2.030000E+02 7.726613E-03
2.032500E+02 7.391727E-03
2.035000E+02 7.106506E-03
2.037500E+02 6.799215E-03
2.040000E+02 6.500412E-03
2.042500E+02 6.204761E-03
2.045000E+02 5.944158E-03
2.047500E+02 5.660945E-03
2.050000E+02 5.406165E-03
2.052500E+02 5.151355E-03
2.055000E+02 4.897438E-03
2.057500E+02 4.669213E-03
2.060000E+02 4.428491E-03
2.062500E+02 4.196199E-03
2.065000E+02 3.972786E-03
2.067500E+02 3.763109E-03
2.070000E+02 3.554759E-03
2.072500E+02 3.356007E-03
2.075000E+02 3.166849E-03
2.077500E+02 2.974325E-03
2.080000E+02 2.793012E-03
2.082500E+02 2.618606E-03
2.085000E+02 2.455398E-03
2.087500E+02 2.295429E-03
2.090000E+02 2.137364E-03
2.092500E+02 1.984551E-03
2.095000E+02 1.843885E-03
2.097500E+02 1.704959E-03
2.100000E+02 1.574845E-03
2.102500E+02 1.445886E-03
2.105000E+02 1.324868E-03
2.107500E+02 1.203647E-03
2.110000E+02 1.102143E-03
2.112500E+02 9.982340E-04
2.115000E+02 9.019252E-04
2.117500E+02 8.036930E-04
2.120000E+02 7.223577E-04
2.122500E+02 6.422847E-04
2.125000E+02 5.607575E-04
2.127500E+02 4.896711E-04
2.130000E+02 4.240590E-04
2.132500E+02 3.624545E-04
2.135000E+02 3.021965E-04
2.137500E+02 2.526985E-04
2.140000E+02 2.075694E-04
2.142500E+02 1.669462E-04
2.145000E+02 1.301309E-04
2.147500E+02 9.533575E-05
2.150000E+02 6.776018E-05
2.152500E+02 4.545492E-05
2.155000E+02 2.777136E-05
2.157500E+02 1.391169E-05
2.160000E+02 5.203604E-06
2.162500E+02 7.526825E-07
