2.500000E-01 0.000000E+00
5.000000E-01 0.000000E+00
7.500000E-01 0.000000E+00
1.000000E+00 0.000000E+00
1.250000E+00 0.000000E+00
1.500000E+00 0.000000E+00
1.750000E+00 0.000000E+00
2.000000E+00 0.000000E+00
2.250000E+00 0.000000E+00
2.500000E+00 0.000000E+00
2.750000E+00 0.000000E+00
3.000000E+00 0.000000E+00
3.250000E+00 0.000000E+00
3.500000E+00 1.366681E-02
3.750000E+00 1.359035E+00
4.000000E+00 1.142907E+01
4.250000E+00 2.531436E+01
4.500000E+00 2.826821E+01
4.750000E+00 2.317695E+01
5.000000E+00 1.686529E+01
5.250000E+00 1.191325E+01
5.500000E+00 8.554748E+00
5.750000E+00 6.507751E+00
6.000000E+00 5.272867E+00
6.250000E+00 4.512696E+00
6.500000E+00 3.925174E+00
6.750000E+00 3.352571E+00
7.000000E+00 2.840570E+00
7.250000E+00 2.416141E+00
7.500000E+00 2.136579E+00
7.750000E+00 1.973347E+00
8.000000E+00 1.946677E+00
8.250000E+00 2.012832E+00
8.500000E+00 2.066390E+00
8.750000E+00 2.071356E+00
9.000000E+00 1.975043E+00
9.250000E+00 1.837307E+00
9.500000E+00 1.693088E+00
9.750000E+00 1.562740E+00
1.000000E+01 1.458237E+00
1.025000E+01 1.388328E+00
1.050000E+01 1.318805E+00
1.075000E+01 1.271705E+00
1.100000E+01 1.227312E+00
1.125000E+01 1.190852E+00
1.150000E+01 1.158396E+00
1.175000E+01 1.139929E+00
1.200000E+01 1.119147E+00
1.225000E+01 1.110179E+00
1.250000E+01 1.105739E+00
1.275000E+01 1.096888E+00
1.300000E+01 1.093885E+00
1.325000E+01 1.087750E+00
1.350000E+01 1.077234E+00
1.375000E+01 1.070951E+00
1.400000E+01 1.064213E+00
1.425000E+01 1.054712E+00
1.450000E+01 1.051593E+00
1.475000E+01 1.044868E+00
1.500000E+01 1.037806E+00
1.525000E+01 1.034715E+00
1.550000E+01 1.029215E+00
1.575000E+01 1.029418E+00
1.600000E+01 1.027788E+00
1.625000E+01 1.024078E+00
1.650000E+01 1.024452E+00
1.675000E+01 1.021764E+00
1.700000E+01 1.022224E+00
1.725000E+01 1.021717E+00
1.750000E+01 1.020375E+00
1.775000E+01 1.018649E+00
1.800000E+01 1.018521E+00
1.825000E+01 1.015088E+00
1.850000E+01 1.016534E+00
1.875000E+01 1.016222E+00
1.900000E+01 1.014076E+00
1.925000E+01 1.015494E+00
1.950000E+01 1.012696E+00
1.975000E+01 1.014222E+00
2.000000E+01 1.012214E+00
2.025000E+01 1.009782E+00
2.050000E+01 1.012115E+00
2.075000E+01 1.011137E+00
2.100000E+01 1.012169E+00
2.125000E+01 1.011775E+00
2.150000E+01 1.011088E+00
2.175000E+01 1.010810E+00
2.200000E+01 1.010420E+00
2.225000E+01 1.011075E+00
2.250000E+01 1.009469E+00
2.275000E+01 1.009249E+00
2.300000E+01 1.010658E+00
2.325000E+01 1.011202E+00
2.350000E+01 1.009622E+00
2.375000E+01 1.008198E+00
2.400000E+01 1.010067E+00
2.425000E+01 1.008097E+00
2.450000E+01 1.008868E+00
2.475000E+01 1.009728E+00
2.500000E+01 1.009462E+00
2.525000E+01 1.010561E+00
2.550000E+01 1.008823E+00
2.575000E+01 1.007861E+00
2.600000E+01 1.006874E+00
2.625000E+01 1.008394E+00
2.650000E+01 1.009734E+00
2.675000E+01 1.007583E+00
2.700000E+01 1.007109E+00
2.725000E+01 1.007869E+00
2.750000E+01 1.007940E+00
2.775000E+01 1.008327E+00
2.800000E+01 1.006678E+00
2.825000E+01 1.006193E+00
2.850000E+01 1.007840E+00
2.875000E+01 1.007322E+00
2.900000E+01 1.006850E+00
2.925000E+01 1.006032E+00
2.950000E+01 1.007896E+00
2.975000E+01 1.008601E+00
3.000000E+01 1.006372E+00
3.025000E+01 1.007959E+00
3.050000E+01 1.006236E+00
3.075000E+01 1.007026E+00
3.100000E+01 1.006110E+00
3.125000E+01 1.005871E+00
3.150000E+01 1.006921E+00
3.175000E+01 1.007114E+00
3.200000E+01 1.006433E+00
3.225000E+01 1.005277E+00
3.250000E+01 1.005214E+00
3.275000E+01 1.006608E+00
3.300000E+01 1.006095E+00
3.325000E+01 1.007069E+00
3.350000E+01 1.007654E+00
3.375000E+01 1.007346E+00
3.400000E+01 1.006551E+00
3.425000E+01 1.005162E+00
3.450000E+01 1.006132E+00
3.475000E+01 1.006584E+00
3.500000E+01 1.005882E+00
3.525000E+01 1.006298E+00
3.550000E+01 1.006329E+00
3.575000E+01 1.006201E+00
3.600000E+01 1.005189E+00
3.625000E+01 1.004646E+00
3.650000E+01 1.006010E+00
3.675000E+01 1.006703E+00
3.700000E+01 1.005498E+00
3.725000E+01 1.005686E+00
3.750000E+01 1.005613E+00
3.775000E+01 1.004866E+00
3.800000E+01 1.005109E+00
3.825000E+01 1.005269E+00
3.850000E+01 1.005904E+00
3.875000E+01 1.004891E+00
3.900000E+01 1.005909E+00
3.925000E+01 1.005827E+00
3.950000E+01 1.004303E+00
3.975000E+01 1.004846E+00
4.000000E+01 1.004622E+00
4.025000E+01 1.005383E+00
4.050000E+01 1.005634E+00
4.075000E+01 1.005766E+00
4.100000E+01 1.005643E+00
4.125000E+01 1.005471E+00
4.150000E+01 1.004689E+00
4.175000E+01 1.004953E+00
4.200000E+01 1.004725E+00
4.225000E+01 1.004476E+00
4.250000E+01 1.004596E+00
4.275000E+01 1.005152E+00
4.300000E+01 1.005282E+00
4.325000E+01 1.003917E+00
4.350000E+01 1.005116E+00
4.375000E+01 1.005278E+00
4.400000E+01 1.005136E+00
4.425000E+01 1.004950E+00
4.450000E+01 1.004169E+00
4.475000E+01 1.005049E+00
4.500000E+01 1.003688E+00
4.525000E+01 1.004693E+00
4.550000E+01 1.004968E+00
4.575000E+01 1.004381E+00
4.600000E+01 1.005332E+00
4.625000E+01 1.004299E+00
4.650000E+01 1.003991E+00
4.675000E+01 1.004276E+00
4.700000E+01 1.005224E+00
4.725000E+01 1.004470E+00
4.750000E+01 1.004303E+00
4.775000E+01 1.004078E+00
4.800000E+01 1.004378E+00
4.825000E+01 1.004425E+00
4.850000E+01 1.005045E+00
4.875000E+01 1.004730E+00
4.900000E+01 1.004750E+00
4.925000E+01 1.003855E+00
4.950000E+01 1.004781E+00
4.975000E+01 1.003610E+00
5.000000E+01 1.004369E+00
5.025000E+01 1.004259E+00
5.050000E+01 1.003778E+00
5.075000E+01 1.004657E+00
5.100000E+01 1.003403E+00
5.125000E+01 1.003634E+00
5.150000E+01 1.003571E+00
5.175000E+01 1.004026E+00
5.200000E+01 1.004016E+00
5.225000E+01 1.003866E+00
5.250000E+01 1.004001E+00
5.275000E+01 1.003841E+00
5.300000E+01 1.003236E+00
5.325000E+01 1.004057E+00
5.350000E+01 1.003337E+00
5.375000E+01 1.003093E+00
5.400000E+01 1.003900E+00
5.425000E+01 1.004213E+00
5.450000E+01 1.003869E+00
5.475000E+01 1.004077E+00
5.500000E+01 1.003441E+00
5.525000E+01 1.003614E+00
5.550000E+01 1.003154E+00
5.575000E+01 1.003804E+00
5.600000E+01 1.003667E+00
5.625000E+01 1.003314E+00
5.650000E+01 1.002962E+00
5.675000E+01 1.003069E+00
5.700000E+01 1.004241E+00
5.725000E+01 1.003815E+00
5.750000E+01 1.003971E+00
5.775000E+01 1.003676E+00
5.800000E+01 1.002980E+00
5.825000E+01 1.003469E+00
5.850000E+01 1.003338E+00
5.875000E+01 1.003800E+00
5.900000E+01 1.003228E+00
5.925000E+01 1.002551E+00
5.950000E+01 1.003880E+00
5.975000E+01 1.003397E+00
6.000000E+01 1.002132E+00
6.025000E+01 1.003040E+00
6.050000E+01 1.003256E+00
6.075000E+01 1.003168E+00
6.100000E+01 1.002964E+00
6.125000E+01 1.003710E+00
6.150000E+01 1.003272E+00
6.175000E+01 1.003059E+00
6.200000E+01 1.002750E+00
6.225000E+01 1.003164E+00
6.250000E+01 1.003348E+00
6.275000E+01 1.004087E+00
6.300000E+01 1.003003E+00
6.325000E+01 1.003028E+00
6.350000E+01 1.002898E+00
6.375000E+01 1.003445E+00
6.400000E+01 1.002736E+00
6.425000E+01 1.003418E+00
6.450000E+01 1.003590E+00
6.475000E+01 1.003324E+00
6.500000E+01 1.002811E+00
6.525000E+01 1.002961E+00
6.550000E+01 1.002913E+00
6.575000E+01 1.002973E+00
6.600000E+01 1.003013E+00
6.625000E+01 1.003097E+00
6.650000E+01 1.002998E+00
6.675000E+01 1.002787E+00
6.700000E+01 1.002732E+00
6.725000E+01 1.002998E+00
6.750000E+01 1.002834E+00
6.775000E+01 1.003218E+00
6.800000E+01 1.002892E+00
6.825000E+01 1.003247E+00
6.850000E+01 1.002007E+00
6.875000E+01 1.002807E+00
6.900000E+01 1.002418E+00
6.925000E+01 1.002955E+00
6.950000E+01 1.002431E+00
6.975000E+01 1.002502E+00
7.000000E+01 1.002373E+00
7.025000E+01 1.002554E+00
7.050000E+01 1.002760E+00
7.075000E+01 1.002192E+00
7.100000E+01 1.002502E+00
7.125000E+01 1.003069E+00
7.150000E+01 1.002292E+00
7.175000E+01 1.002782E+00
7.200000E+01 1.002483E+00
7.225000E+01 1.002602E+00
7.250000E+01 1.002695E+00
7.275000E+01 1.002174E+00
7.300000E+01 1.002455E+00
7.325000E+01 1.002839E+00
7.350000E+01 1.002416E+00
7.375000E+01 1.002374E+00
7.400000E+01 1.002941E+00
7.425000E+01 1.002308E+00
7.450000E+01 1.002873E+00
7.475000E+01 1.002531E+00
7.500000E+01 1.001864E+00
7.525000E+01 1.002228E+00
7.550000E+01 1.002825E+00
7.575000E+01 1.002760E+00
7.600000E+01 1.002511E+00
7.625000E+01 1.002447E+00
7.650000E+01 1.002474E+00
7.675000E+01 1.002740E+00
7.700000E+01 1.002439E+00
7.725000E+01 1.002247E+00
7.750000E+01 1.002010E+00
7.775000E+01 1.001989E+00
7.800000E+01 1.002339E+00
7.825000E+01 1.002591E+00
7.850000E+01 1.002755E+00
7.875000E+01 1.002105E+00
7.900000E+01 1.002352E+00
7.925000E+01 1.002294E+00
7.950000E+01 1.002049E+00
7.975000E+01 1.002219E+00
8.000000E+01 1.001799E+00
8.025000E+01 1.002007E+00
8.050000E+01 1.001863E+00
8.075000E+01 1.001630E+00
8.100000E+01 1.002169E+00
8.125000E+01 1.001939E+00
8.150000E+01 1.001776E+00
8.175000E+01 1.002329E+00
8.200000E+01 1.001883E+00
8.225000E+01 1.002176E+00
8.250000E+01 1.001935E+00
8.275000E+01 1.002163E+00
8.300000E+01 1.001686E+00
8.325000E+01 1.001940E+00
8.350000E+01 1.001546E+00
8.375000E+01 1.001697E+00
8.400000E+01 1.001749E+00
8.425000E+01 1.001671E+00
8.450000E+01 1.001653E+00
8.475000E+01 1.002158E+00
8.500000E+01 1.001920E+00
8.525000E+01 1.001869E+00
8.550000E+01 1.001694E+00
8.575000E+01 1.002171E+00
8.600000E+01 1.002083E+00
8.625000E+01 1.002467E+00
8.650000E+01 1.002028E+00
8.675000E+01 1.002230E+00
8.700000E+01 1.001754E+00
8.725000E+01 1.001911E+00
8.750000E+01 1.002130E+00
8.775000E+01 1.001738E+00
8.800000E+01 1.002369E+00
8.825000E+01 1.002042E+00
8.850000E+01 1.001483E+00
8.875000E+01 1.001879E+00
8.900000E+01 1.001618E+00
8.925000E+01 1.002033E+00
8.950000E+01 1.001581E+00
8.975000E+01 1.002188E+00
9.000000E+01 1.001838E+00
9.025000E+01 1.002019E+00
9.050000E+01 1.001931E+00
9.075000E+01 1.001549E+00
9.100000E+01 1.001876E+00
9.125000E+01 1.001695E+00
9.150000E+01 1.001891E+00
9.175000E+01 1.002256E+00
9.200000E+01 1.001506E+00
9.225000E+01 1.001496E+00
9.250000E+01 1.001751E+00
9.275000E+01 1.001694E+00
9.300000E+01 1.001785E+00
9.325000E+01 1.001805E+00
9.350000E+01 1.001533E+00
9.375000E+01 1.001958E+00
9.400000E+01 1.001758E+00
9.425000E+01 1.001800E+00
9.450000E+01 1.001857E+00
9.475000E+01 1.001982E+00
9.500000E+01 1.001956E+00
9.525000E+01 1.001676E+00
9.550000E+01 1.001832E+00
9.575000E+01 1.002001E+00
9.600000E+01 1.002108E+00
9.625000E+01 1.001375E+00
9.650000E+01 1.001707E+00
9.675000E+01 1.001736E+00
9.700000E+01 1.001740E+00
9.725000E+01 1.001787E+00
9.750000E+01 1.001679E+00
9.775000E+01 1.001558E+00
9.800000E+01 1.001372E+00
9.825000E+01 1.001629E+00
9.850000E+01 1.001624E+00
9.875000E+01 1.001590E+00
9.900000E+01 1.001778E+00
9.925000E+01 1.001811E+00
9.950000E+01 1.001730E+00
9.975000E+01 1.001604E+00
1.000000E+02 1.001771E+00
1.002500E+02 1.001818E+00
1.005000E+02 1.001932E+00
1.007500E+02 1.001514E+00
1.010000E+02 1.001665E+00
1.012500E+02 1.001730E+00
1.015000E+02 1.001630E+00
1.017500E+02 1.001639E+00
1.020000E+02 1.001242E+00
1.022500E+02 1.001619E+00
1.025000E+02 1.001597E+00
1.027500E+02 1.002070E+00
1.030000E+02 1.001654E+00
1.032500E+02 1.001431E+00
1.035000E+02 1.001484E+00
1.037500E+02 1.001480E+00
1.040000E+02 1.001637E+00
1.042500E+02 1.000978E+00
1.045000E+02 1.001333E+00
1.047500E+02 1.001511E+00
1.050000E+02 1.001677E+00
1.052500E+02 1.001932E+00
1.055000E+02 1.001907E+00
1.057500E+02 1.001411E+00
1.060000E+02 1.001766E+00
1.062500E+02 1.001538E+00
1.065000E+02 1.001461E+00
1.067500E+02 1.001596E+00
1.070000E+02 1.001412E+00
1.072500E+02 1.001682E+00
1.075000E+02 1.001335E+00
1.077500E+02 1.001739E+00
1.080000E+02 1.001526E+00
1.082500E+02 1.001460E+00
1.085000E+02 1.001339E+00
1.087500E+02 1.001689E+00
1.090000E+02 1.001676E+00
1.092500E+02 1.001329E+00
1.095000E+02 1.001400E+00
1.097500E+02 1.001155E+00
1.100000E+02 1.001249E+00
1.102500E+02 1.001422E+00
1.105000E+02 1.001440E+00
1.107500E+02 1.001449E+00
1.110000E+02 1.000975E+00
1.112500E+02 1.001478E+00
1.115000E+02 1.001492E+00
1.117500E+02 1.001489E+00
1.120000E+02 1.001134E+00
1.122500E+02 1.001706E+00
1.125000E+02 1.001180E+00
1.127500E+02 1.001436E+00
1.130000E+02 1.001097E+00
1.132500E+02 1.001388E+00
1.135000E+02 1.001277E+00
1.137500E+02 1.001058E+00
1.140000E+02 1.001192E+00
1.142500E+02 1.001278E+00
1.145000E+02 1.001289E+00
1.147500E+02 1.001172E+00
1.150000E+02 1.001336E+00
1.152500E+02 1.001268E+00
1.155000E+02 1.001247E+00
1.157500E+02 1.001302E+00
1.160000E+02 1.001366E+00
1.162500E+02 1.001355E+00
1.165000E+02 1.001230E+00
1.167500E+02 1.001100E+00
1.170000E+02 1.001257E+00
1.172500E+02 1.001400E+00
1.175000E+02 1.001082E+00
1.177500E+02 1.001351E+00
1.180000E+02 1.001252E+00
1.182500E+02 1.001120E+00
1.185000E+02 1.001210E+00
1.187500E+02 1.001144E+00
1.190000E+02 1.001247E+00
1.192500E+02 1.001372E+00
1.195000E+02 1.001138E+00
1.197500E+02 1.001273E+00
1.200000E+02 1.001143E+00
1.202500E+02 1.000919E+00
1.205000E+02 1.001205E+00
1.207500E+02 1.000901E+00
1.210000E+02 1.001211E+00
1.212500E+02 1.001032E+00
1.215000E+02 1.001432E+00
1.217500E+02 1.000755E+00
1.220000E+02 1.001279E+00
1.222500E+02 1.001101E+00
1.225000E+02 1.001433E+00
1.227500E+02 1.000890E+00
1.230000E+02 1.001256E+00
1.232500E+02 1.001137E+00
1.235000E+02 1.001197E+00
1.237500E+02 1.000862E+00
1.240000E+02 1.001078E+00
1.242500E+02 1.000998E+00
1.245000E+02 1.001070E+00
1.247500E+02 1.001156E+00
1.250000E+02 9.979487E-01
1.252500E+02 9.921208E-01
1.255000E+02 9.862312E-01
1.257500E+02 9.802106E-01
1.260000E+02 9.744313E-01
1.262500E+02 9.682804E-01
1.265000E+02 9.625562E-01
1.267500E+02 9.566553E-01
1.270000E+02 9.511515E-01
1.272500E+02 9.453154E-01
1.275000E+02 9.391566E-01
1.277500E+02 9.331094E-01
1.280000E+02 9.278251E-01
1.282500E+02 9.221552E-01
1.285000E+02 9.163102E-01
1.287500E+02 9.105464E-01
1.290000E+02 9.050436E-01
1.292500E+02 8.995713E-01
1.295000E+02 8.938323E-01
1.297500E+02 8.882731E-01
1.300000E+02 8.825130E-01
1.302500E+02 8.772804E-01
1.305000E+02 8.716055E-01
1.307500E+02 8.662331E-01
1.310000E+02 8.606326E-01
1.312500E+02 8.554635E-01
1.315000E+02 8.498977E-01
1.317500E+02 8.442462E-01
1.320000E+02 8.388012E-01
1.322500E+02 8.333862E-01
1.325000E+02 8.281710E-01
1.327500E+02 8.230659E-01
1.330000E+02 8.176076E-01
1.332500E+02 8.125294E-01
1.335000E+02 8.069916E-01
1.337500E+02 8.018701E-01
1.340000E+02 7.965295E-01
1.342500E+02 7.909580E-01
1.345000E+02 7.861926E-01
1.347500E+02 7.811368E-01
1.350000E+02 7.759077E-01
1.352500E+02 7.707607E-01
1.355000E+02 7.657115E-01
1.357500E+02 7.605450E-01
1.360000E+02 7.557022E-01
1.362500E+02 7.504300E-01
1.365000E+02 7.455543E-01
1.367500E+02 7.403967E-01
1.370000E+02 7.353573E-01
1.372500E+02 7.303200E-01
1.375000E+02 7.255201E-01
1.377500E+02 7.204036E-01
1.380000E+02 7.155475E-01
1.382500E+02 7.106124E-01
1.385000E+02 7.058326E-01
1.387500E+02 7.008815E-01
1.390000E+02 6.960035E-01
1.392500E+02 6.913095E-01
1.395000E+02 6.862840E-01
1.397500E+02 6.815877E-01
1.400000E+02 6.765921E-01
1.402500E+02 6.721344E-01
1.405000E+02 6.673147E-01
1.407500E+02 6.625316E-01
1.410000E+02 6.576136E-01
1.412500E+02 6.531976E-01
1.415000E+02 6.482249E-01
1.417500E+02 6.436414E-01
1.420000E+02 6.389748E-01
1.422500E+02 6.343704E-01
1.425000E+02 6.300180E-01
1.427500E+02 6.251130E-01
1.430000E+02 6.206389E-01
1.432500E+02 6.161958E-01
1.435000E+02 6.115286E-01
1.437500E+02 6.069316E-01
1.440000E+02 6.024946E-01
1.442500E+02 5.980232E-01
1.445000E+02 5.936140E-01
1.447500E+02 5.889383E-01
1.450000E+02 5.843445E-01
1.452500E+02 5.800201E-01
1.455000E+02 5.755366E-01
1.457500E+02 5.713366E-01
1.460000E+02 5.667427E-01
1.462500E+02 5.623499E-01
1.465000E+02 5.581732E-01
1.467500E+02 5.536816E-01
1.470000E+02 5.493376E-01
1.472500E+02 5.450650E-01
1.475000E+02 5.404682E-01
1.477500E+02 5.363744E-01
1.480000E+02 5.319790E-01
1.482500E+02 5.279221E-01
1.485000E+02 5.234490E-01
1.487500E+02 5.193617E-01
1.490000E+02 5.150320E-01
1.492500E+02 5.108824E-01
1.495000E+02 5.066813E-01
1.497500E+02 5.024079E-01
1.500000E+02 4.982799E-01
1.502500E+02 4.940876E-01
1.505000E+02 4.899853E-01
1.507500E+02 4.860483E-01
1.510000E+02 4.818052E-01
1.512500E+02 4.775571E-01
1.515000E+02 4.734590E-01
1.517500E+02 4.695323E-01
1.520000E+02 4.653811E-01
1.522500E+02 4.613262E-01
1.525000E+02 4.574007E-01
1.527500E+02 4.534985E-01
1.530000E+02 4.492457E-01
1.532500E+02 4.452807E-01
1.535000E+02 4.413808E-01
1.537500E+02 4.372766E-01
1.540000E+02 4.334309E-01
1.542500E+02 4.294264E-01
1.545000E+02 4.255873E-01
1.547500E+02 4.214014E-01
1.550000E+02 4.177575E-01
1.552500E+02 4.137682E-01
1.555000E+02 4.099630E-01
1.557500E+02 4.061202E-01
1.560000E+02 4.023324E-01
1.562500E+02 3.982975E-01
1.565000E+02 3.945991E-01
1.567500E+02 3.909068E-01
1.570000E+02 3.869600E-01
1.572500E+02 3.830482E-01
1.575000E+02 3.793211E-01
1.577500E+02 3.755795E-01
1.580000E+02 3.718546E-01
1.582500E+02 3.680965E-01
1.585000E+02 3.643166E-01
1.587500E+02 3.605721E-01
1.590000E+02 3.569537E-01
1.592500E+02 3.532322E-01
1.595000E+02 3.495797E-01
1.597500E+02 3.458909E-01
1.600000E+02 3.421977E-01
1.602500E+02 3.384669E-01
1.605000E+02 3.350323E-01
1.607500E+02 3.312334E-01
1.610000E+02 3.275995E-01
1.612500E+02 3.239348E-01
1.615000E+02 3.203553E-01
1.617500E+02 3.169031E-01
1.620000E+02 3.132230E-01
1.622500E+02 3.096507E-01
1.625000E+02 3.061339E-01
1.627500E+02 3.025348E-01
1.630000E+02 2.990783E-01
1.632500E+02 2.955494E-01
1.635000E+02 2.920303E-01
1.637500E+02 2.883430E-01
1.640000E+02 2.850109E-01
1.642500E+02 2.815092E-01
1.645000E+02 2.780760E-01
1.647500E+02 2.746789E-01
1.650000E+02 2.711892E-01
1.652500E+02 2.677449E-01
1.655000E+02 2.644497E-01
1.657500E+02 2.609817E-01
1.660000E+02 2.576424E-01
1.662500E+02 2.540609E-01
1.665000E+02 2.508819E-01
1.667500E+02 2.473611E-01
1.670000E+02 2.439892E-01
1.672500E+02 2.406639E-01
1.675000E+02 2.373679E-01
1.677500E+02 2.339960E-01
1.680000E+02 2.306276E-01
1.682500E+02 2.273472E-01
1.685000E+02 2.240105E-01
1.687500E+02 2.207113E-01
1.690000E+02 2.174398E-01
1.692500E+02 2.141813E-01
1.695000E+02 2.109064E-01
1.697500E+02 2.077085E-01
1.700000E+02 2.043670E-01
1.702500E+02 2.011745E-01
1.705000E+02 1.979799E-01
1.707500E+02 1.947726E-01
1.710000E+02 1.915050E-01
1.712500E+02 1.883150E-01
1.715000E+02 1.850931E-01
1.717500E+02 1.820511E-01
1.720000E+02 1.787333E-01
1.722500E+02 1.756658E-01
1.725000E+02 1.724369E-01
1.727500E+02 1.693512E-01
1.730000E+02 1.661646E-01
1.732500E+02 1.630542E-01
1.735000E+02 1.598619E-01
1.737500E+02 1.567758E-01
1.740000E+02 1.538064E-01
1.742500E+02 1.506888E-01
1.745000E+02 1.475951E-01
1.747500E+02 1.444670E-01
1.750000E+02 1.414528E-01
1.752500E+02 1.382733E-01
1.755000E+02 1.353739E-01
1.757500E+02 1.323254E-01
1.760000E+02 1.292463E-01
1.762500E+02 1.262361E-01
1.765000E+02 1.232407E-01
1.767500E+02 1.202625E-01
1.770000E+02 1.176460E-01
1.772500E+02 1.149815E-01
1.775000E+02 1.124341E-01
1.777500E+02 1.100604E-01
1.780000E+02 1.076836E-01
1.782500E+02 1.054708E-01
1.785000E+02 1.032151E-01
1.787500E+02 1.010748E-01
1.790000E+02 9.890922E-02
1.792500E+02 9.689900E-02
1.795000E+02 9.497518E-02
1.797500E+02 9.300067E-02
1.800000E+02 9.098054E-02
1.802500E+02 8.913737E-02
1.805000E+02 8.725582E-02
1.807500E+02 8.550539E-02
1.810000E+02 8.370684E-02
1.812500E+02 8.196045E-02
1.815000E+02 8.028411E-02
1.817500E+02 7.870491E-02
1.820000E+02 7.701073E-02
1.822500E+02 7.540581E-02
1.825000E+02 7.389547E-02
1.827500E+02 7.231722E-02
1.830000E+02 7.077908E-02
1.832500E+02 6.930345E-02
1.835000E+02 6.783376E-02
1.837500E+02 6.644230E-02
1.840000E+02 6.502784E-02
1.842500E+02 6.365165E-02
1.845000E+02 6.230468E-02
1.847500E+02 6.094495E-02
1.850000E+02 5.968045E-02
1.852500E+02 5.838562E-02
1.855000E+02 5.710758E-02
1.857500E+02 5.590587E-02
1.860000E+02 5.468001E-02
1.862500E+02 5.347213E-02
1.865000E+02 5.231926E-02
1.867500E+02 5.109989E-02
1.870000E+02 5.001752E-02
1.872500E+02 4.888898E-02
1.875000E+02 4.774844E-02
1.877500E+02 4.671951E-02
1.880000E+02 4.569124E-02
1.882500E+02 4.463688E-02
1.885000E+02 4.363526E-02
1.887500E+02 4.257572E-02
1.890000E+02 4.162719E-02
1.892500E+02 4.068082E-02
1.895000E+02 3.968213E-02
1.897500E+02 3.878792E-02
1.900000E+02 3.786413E-02
1.902500E+02 3.694797E-02
1.905000E+02 3.606401E-02
1.907500E+02 3.520917E-02
1.910000E+02 3.433973E-02
1.912500E+02 3.354109E-02
1.915000E+02 3.271164E-02
1.917500E+02 3.189039E-02
1.920000E+02 3.110927E-02
1.922500E+02 3.032544E-02
1.925000E+02 2.952436E-02
1.927500E+02 2.880211E-02
1.930000E+02 2.806670E-02
1.932500E+02 2.735585E-02
1.935000E+02 2.657355E-02
1.937500E+02 2.589524E-02
1.940000E+02 2.522743E-02
1.942500E+02 2.458871E-02
1.945000E+02 2.386547E-02
1.947500E+02 2.326557E-02
1.950000E+02 2.263344E-02
1.952500E+02 2.198966E-02
1.955000E+02 2.137316E-02
1.957500E+02 2.078229E-02
1.960000E+02 2.017407E-02
1.962500E+02 1.956566E-02
1.965000E+02 1.902714E-02
1.967500E+02 1.847176E-02
1.970000E+02 1.789738E-02
1.972500E+02 1.738931E-02
1.975000E+02 1.684248E-02
1.977500E+02 1.633248E-02
1.980000E+02 1.583030E-02
1.982500E+02 1.535915E-02
1.985000E+02 1.486811E-02
1.987500E+02 1.437943E-02
1.990000E+02 1.392510E-02
1.992500E+02 1.345333E-02
1.995000E+02 1.301907E-02
1.997500E+02 1.256381E-02
2.000000E+02 1.216026E-02
2.002500E+02 1.173062E-02
2.005000E+02 1.131841E-02
2.007500E+02 1.093655E-02
2.010000E+02 1.053448E-02
2.012500E+02 1.015326E-02
2.015000E+02 9.771630E-03
2.017500E+02 9.416889E-03
2.020000E+02 9.068529E-03
2.022500E+02 8.702655E-03
2.025000E+02 8.360778E-03
2.027500E+02 8.031185E-03
2.030000E+02 7.715028E-03
2.032500E+02 7.396249E-03
2.035000E+02 7.101330E-03
2.037500E+02 6.788062E-03
2.040000E+02 6.510367E-03
2.042500E+02 6.205118E-03
2.045000E+02 5.933789E-03
2.047500E+02 5.658577E-03
2.050000E+02 5.405327E-03
2.052500E+02 5.141500E-03
2.055000E+02 4.906350E-03
2.057500E+02 4.666825E-03
2.060000E+02 4.426035E-03
2.062500E+02 4.192370E-03
2.065000E+02 3.973305E-03
2.067500E+02 3.775883E-03
2.070000E+02 3.557529E-03
2.072500E+02 3.350533E-03
2.075000E+02 3.169427E-03
2.077500E+02 2.992528E-03
2.080000E+02 2.795609E-03
2.082500E+02 2.618793E-03
2.085000E+02 2.454101E-03
2.087500E+02 2.288035E-03
2.090000E+02 2.141166E-03
2.092500E+02 1.984727E-03
2.095000E+02 1.848892E-03
2.097500E+02 1.705636E-03
2.100000E+02 1.583277E-03
2.102500E+02 1.441211E-03
2.105000E+02 1.325693E-03
2.107500E+02 1.212049E-03
2.110000E+02 1.108559E-03
2.112500E+02 1.001227E-03
2.115000E+02 9.046389E-04
2.117500E+02 8.069739E-04
2.120000E+02 7.170362E-04
2.122500E+02 6.401911E-04
2.125000E+02 5.674330E-04
2.127500E+02 4.913759E-04
2.130000E+02 4.250835E-04
2.132500E+02 3.620278E-04
2.135000E+02 3.040279E-04
2.137500E+02 2.535973E-04
2.140000E+02 2.079931E-04
2.142500E+02 1.661696E-04
2.145000E+02 1.290912E-04
2.147500E+02 9.608920E-05
2.150000E+02 6.844355E-05
2.152500E+02 4.546466E-05
2.155000E+02 2.838353E-05
2.157500E+02 1.509442E-05
2.160000E+02 5.251964E-06
2.162500E+02 8.877794E-07
