2.500000E-01 0.000000E+00
5.000000E-01 0.000000E+00
7.500000E-01 0.000000E+00
1.000000E+00 0.000000E+00
1.250000E+00 0.000000E+00
1.500000E+00 0.000000E+00
1.750000E+00 0.000000E+00
2.000000E+00 0.000000E+00
2.250000E+00 0.000000E+00
2.500000E+00 0.000000E+00
2.750000E+00 0.000000E+00
3.000000E+00 0.000000E+00
3.250000E+00 0.000000E+00
3.500000E+00 1.653859E-02
3.750000E+00 1.619109E+00
4.000000E+00 1.334770E+01
4.250000E+00 2.947401E+01
4.500000E+00 3.280010E+01
4.750000E+00 2.680791E+01
5.000000E+00 1.951913E+01
5.250000E+00 1.366035E+01
5.500000E+00 9.759551E+00
5.750000E+00 7.271194E+00
6.000000E+00 5.728811E+00
6.250000E+00 4.811266E+00
6.500000E+00 4.111080E+00
6.750000E+00 3.448131E+00
7.000000E+00 2.872767E+00
7.250000E+00 2.411521E+00
7.500000E+00 2.096339E+00
7.750000E+00 1.903189E+00
8.000000E+00 1.823238E+00
8.250000E+00 1.817187E+00
8.500000E+00 1.799669E+00
8.750000E+00 1.778489E+00
9.000000E+00 1.700351E+00
9.250000E+00 1.572051E+00
9.500000E+00 1.474265E+00
9.750000E+00 1.380317E+00
1.000000E+01 1.302522E+00
1.025000E+01 1.241395E+00
1.050000E+01 1.200491E+00
1.075000E+01 1.165856E+00
1.100000E+01 1.142542E+00
1.125000E+01 1.117439E+00
1.150000E+01 1.100609E+00
1.175000E+01 1.083071E+00
1.200000E+01 1.067859E+00
1.225000E+01 1.056336E+00
1.250000E+01 1.049456E+00
1.275000E+01 1.053259E+00
1.300000E+01 1.048128E+00
1.325000E+01 1.049823E+00
1.350000E+01 1.038268E+00
1.375000E+01 1.037023E+00
1.400000E+01 1.034880E+00
1.425000E+01 1.026778E+00
1.450000E+01 1.025532E+00
1.475000E+01 1.025826E+00
1.500000E+01 1.024477E+00
1.525000E+01 1.025838E+00
1.550000E+01 1.018673E+00
1.575000E+01 1.017429E+00
1.600000E+01 1.018500E+00
1.625000E+01 1.018448E+00
1.650000E+01 1.015487E+00
1.675000E+01 1.014104E+00
1.700000E+01 1.015379E+00
1.725000E+01 1.016782E+00
1.750000E+01 1.013089E+00
1.775000E+01 1.011622E+00
1.800000E+01 1.008248E+00
1.825000E+01 1.011815E+00
1.850000E+01 1.014252E+00
1.875000E+01 1.016806E+00
1.900000E+01 1.013785E+00
1.925000E+01 1.015971E+00
1.950000E+01 1.012907E+00
1.975000E+01 1.013879E+00
2.000000E+01 1.011501E+00
2.025000E+01 1.014440E+00
2.050000E+01 1.010216E+00
2.075000E+01 1.012085E+00
2.100000E+01 1.014412E+00
2.125000E+01 1.009387E+00
2.150000E+01 1.009298E+00
2.175000E+01 1.011229E+00
2.200000E+01 1.008507E+00
2.225000E+01 1.009247E+00
2.250000E+01 1.007611E+00
2.275000E+01 1.006463E+00
2.300000E+01 1.006652E+00
2.325000E+01 1.009237E+00
2.350000E+01 1.011265E+00
2.375000E+01 1.007408E+00
2.400000E+01 1.009380E+00
2.425000E+01 1.010980E+00
2.450000E+01 1.009435E+00
2.475000E+01 1.007924E+00
2.500000E+01 1.005093E+00
2.525000E+01 1.008066E+00
2.550000E+01 1.009912E+00
2.575000E+01 1.008940E+00
2.600000E+01 1.006349E+00
2.625000E+01 1.005984E+00
2.650000E+01 1.007383E+00
2.675000E+01 1.010559E+00
2.700000E+01 1.006589E+00
2.725000E+01 1.004467E+00
2.750000E+01 1.003495E+00
2.775000E+01 1.006747E+00
2.800000E+01 1.008489E+00
2.825000E+01 1.006950E+00
2.850000E+01 1.008594E+00
2.875000E+01 1.008515E+00
2.900000E+01 1.008910E+00
2.925000E+01 1.005937E+00
2.950000E+01 1.006842E+00
2.975000E+01 1.006812E+00
3.000000E+01 1.003950E+00
3.025000E+01 1.005832E+00
3.050000E+01 1.005879E+00
3.075000E+01 1.006838E+00
3.100000E+01 1.005679E+00
3.125000E+01 1.002910E+00
3.150000E+01 1.004181E+00
3.175000E+01 1.009127E+00
3.200000E+01 1.007904E+00
3.225000E+01 1.005404E+00
3.250000E+01 1.007854E+00
3.275000E+01 1.008025E+00
3.300000E+01 1.008238E+00
3.325000E+01 1.006345E+00
3.350000E+01 1.008162E+00
3.375000E+01 1.004602E+00
3.400000E+01 1.006990E+00
3.425000E+01 1.005698E+00
3.450000E+01 1.003388E+00
3.475000E+01 1.006814E+00
3.500000E+01 1.006851E+00
3.525000E+01 1.006191E+00
3.550000E+01 1.004851E+00
3.575000E+01 1.003455E+00
3.600000E+01 1.006314E+00
3.625000E+01 1.006551E+00
3.650000E+01 1.004324E+00
3.675000E+01 1.004771E+00
3.700000E+01 1.005401E+00
3.725000E+01 1.006929E+00
3.750000E+01 1.005651E+00
3.775000E+01 1.007647E+00
3.800000E+01 1.005478E+00
3.825000E+01 1.005371E+00
3.850000E+01 1.005311E+00
3.875000E+01 1.006286E+00
3.900000E+01 1.006275E+00
3.925000E+01 1.006088E+00
3.950000E+01 1.005740E+00
3.975000E+01 1.005083E+00
4.000000E+01 1.005314E+00
4.025000E+01 1.007125E+00
4.050000E+01 1.004359E+00
4.075000E+01 1.005240E+00
4.100000E+01 1.004315E+00
4.125000E+01 1.005500E+00
4.150000E+01 1.003177E+00
4.175000E+01 1.006320E+00
4.200000E+01 1.002562E+00
4.225000E+01 1.004773E+00
4.250000E+01 1.005370E+00
4.275000E+01 1.004048E+00
4.300000E+01 1.004176E+00
4.325000E+01 1.004636E+00
4.350000E+01 1.003940E+00
4.375000E+01 1.003756E+00
4.400000E+01 1.004361E+00
4.425000E+01 1.004619E+00
4.450000E+01 1.004874E+00
4.475000E+01 1.005592E+00
4.500000E+01 1.006602E+00
4.525000E+01 1.005811E+00
4.550000E+01 1.006083E+00
4.575000E+01 1.004862E+00
4.600000E+01 1.003147E+00
4.625000E+01 1.004878E+00
4.650000E+01 1.004609E+00
4.675000E+01 1.002797E+00
4.700000E+01 1.004289E+00
4.725000E+01 1.004952E+00
4.750000E+01 1.004154E+00
4.775000E+01 1.003486E+00
4.800000E+01 1.005143E+00
4.825000E+01 1.003019E+00
4.850000E+01 1.004014E+00
4.875000E+01 1.002314E+00
4.900000E+01 1.003707E+00
4.925000E+01 1.004754E+00
4.950000E+01 1.004487E+00
4.975000E+01 1.003904E+00
5.000000E+01 1.004217E+00
5.025000E+01 1.004576E+00
5.050000E+01 1.004678E+00
5.075000E+01 1.004423E+00
5.100000E+01 1.003881E+00
5.125000E+01 1.002192E+00
5.150000E+01 1.004674E+00
5.175000E+01 1.003968E+00
5.200000E+01 1.004900E+00
5.225000E+01 1.003393E+00
5.250000E+01 1.002354E+00
5.275000E+01 1.002871E+00
5.300000E+01 1.004331E+00
5.325000E+01 1.003526E+00
5.350000E+01 1.004473E+00
5.375000E+01 1.002552E+00
5.400000E+01 1.003879E+00
5.425000E+01 1.002863E+00
5.450000E+01 1.003691E+00
5.475000E+01 1.004687E+00
5.500000E+01 1.003522E+00
5.525000E+01 1.003723E+00
5.550000E+01 1.004258E+00
5.575000E+01 1.003246E+00
5.600000E+01 1.004924E+00
5.625000E+01 1.003841E+00
5.650000E+01 1.004306E+00
5.675000E+01 1.003904E+00
5.700000E+01 1.003643E+00
5.725000E+01 1.003030E+00
5.750000E+01 1.002723E+00
5.775000E+01 1.003466E+00
5.800000E+01 1.003751E+00
5.825000E+01 1.003119E+00
5.850000E+01 1.004347E+00
5.875000E+01 1.002750E+00
5.900000E+01 1.003693E+00
5.925000E+01 1.002185E+00
5.950000E+01 1.004893E+00
5.975000E+01 1.003984E+00
6.000000E+01 1.003827E+00
6.025000E+01 1.001929E+00
6.050000E+01 1.004599E+00
6.075000E+01 1.004245E+00
6.100000E+01 1.002057E+00
6.125000E+01 1.004348E+00
6.150000E+01 1.002766E+00
6.175000E+01 1.004584E+00
6.200000E+01 1.003209E+00
6.225000E+01 1.002229E+00
6.250000E+01 1.003612E+00
6.275000E+01 1.003926E+00
6.300000E+01 1.003195E+00
6.325000E+01 1.003036E+00
6.350000E+01 1.001883E+00
6.375000E+01 1.003727E+00
6.400000E+01 1.004226E+00
6.425000E+01 1.003719E+00
6.450000E+01 1.003426E+00
6.475000E+01 1.003546E+00
6.500000E+01 1.003906E+00
6.525000E+01 1.003180E+00
6.550000E+01 1.002947E+00
6.575000E+01 1.003381E+00
6.600000E+01 1.003370E+00
6.625000E+01 1.003794E+00
6.650000E+01 1.003665E+00
6.675000E+01 1.003146E+00
6.700000E+01 1.003702E+00
6.725000E+01 1.003070E+00
6.750000E+01 1.002859E+00
6.775000E+01 1.003880E+00
6.800000E+01 1.002893E+00
6.825000E+01 1.003690E+00
6.850000E+01 1.002898E+00
6.875000E+01 1.002648E+00
6.900000E+01 1.002447E+00
6.925000E+01 1.004431E+00
6.950000E+01 1.003748E+00
6.975000E+01 1.002892E+00
7.000000E+01 1.004433E+00
7.025000E+01 1.003473E+00
7.050000E+01 1.003437E+00
7.075000E+01 1.003518E+00
7.100000E+01 1.002463E+00
7.125000E+01 1.003081E+00
7.150000E+01 1.001851E+00
7.175000E+01 1.002923E+00
7.200000E+01 1.003627E+00
7.225000E+01 1.002359E+00
7.250000E+01 1.003574E+00
7.275000E+01 1.004123E+00
7.300000E+01 1.002870E+00
7.325000E+01 1.002779E+00
7.350000E+01 1.003007E+00
7.375000E+01 1.003178E+00
7.400000E+01 1.002918E+00
7.425000E+01 1.002747E+00
7.450000E+01 1.001963E+00
7.475000E+01 1.002724E+00
7.500000E+01 1.001742E+00
7.525000E+01 1.002977E+00
7.550000E+01 1.002339E+00
7.575000E+01 1.001902E+00
7.600000E+01 1.002488E+00
7.625000E+01 1.002576E+00
7.650000E+01 1.001610E+00
7.675000E+01 1.002655E+00
7.700000E+01 1.002235E+00
7.725000E+01 1.003042E+00
7.750000E+01 1.003097E+00
7.775000E+01 1.001658E+00
7.800000E+01 1.003354E+00
7.825000E+01 1.001795E+00
7.850000E+01 1.003144E+00
7.875000E+01 1.002229E+00
7.900000E+01 1.001857E+00
7.925000E+01 1.002820E+00
7.950000E+01 1.003175E+00
7.975000E+01 1.003227E+00
8.000000E+01 1.001943E+00
8.025000E+01 1.003037E+00
8.050000E+01 1.002621E+00
8.075000E+01 1.002630E+00
8.100000E+01 1.003115E+00
8.125000E+01 1.002401E+00
8.150000E+01 1.002681E+00
8.175000E+01 1.001823E+00
8.200000E+01 1.002966E+00
8.225000E+01 1.002374E+00
8.250000E+01 1.002153E+00
8.275000E+01 1.003342E+00
8.300000E+01 1.001778E+00
8.325000E+01 1.002474E+00
8.350000E+01 1.001526E+00
8.375000E+01 1.002641E+00
8.400000E+01 1.001962E+00
8.425000E+01 1.003295E+00
8.450000E+01 1.001571E+00
8.475000E+01 1.002394E+00
8.500000E+01 1.002062E+00
8.525000E+01 1.002150E+00
8.550000E+01 1.002948E+00
8.575000E+01 1.001521E+00
8.600000E+01 1.002853E+00
8.625000E+01 1.001915E+00
8.650000E+01 1.002653E+00
8.675000E+01 1.001415E+00
8.700000E+01 1.001969E+00
8.725000E+01 1.002604E+00
8.750000E+01 1.002465E+00
8.775000E+01 1.001569E+00
8.800000E+01 1.001906E+00
8.825000E+01 1.003030E+00
8.850000E+01 1.001607E+00
8.875000E+01 1.001631E+00
8.900000E+01 1.002091E+00
8.925000E+01 1.001135E+00
8.950000E+01 1.001063E+00
8.975000E+01 1.001959E+00
9.000000E+01 1.002838E+00
9.025000E+01 1.000747E+00
9.050000E+01 1.001642E+00
9.075000E+01 1.001024E+00
9.100000E+01 1.002025E+00
9.125000E+01 1.002093E+00
9.150000E+01 1.002220E+00
9.175000E+01 1.002646E+00
9.200000E+01 1.002653E+00
9.225000E+01 1.001604E+00
9.250000E+01 1.002086E+00
9.275000E+01 1.002065E+00
9.300000E+01 1.002091E+00
9.325000E+01 1.001294E+00
9.350000E+01 1.001822E+00
9.375000E+01 1.002216E+00
9.400000E+01 1.001725E+00
9.425000E+01 1.001088E+00
9.450000E+01 1.002314E+00
9.475000E+01 1.001812E+00
9.500000E+01 1.001441E+00
9.525000E+01 1.001791E+00
9.550000E+01 1.001387E+00
9.575000E+01 1.002219E+00
9.600000E+01 1.001051E+00
9.625000E+01 1.003084E+00
9.650000E+01 1.001595E+00
9.675000E+01 1.001672E+00
9.700000E+01 1.001391E+00
9.725000E+01 1.002047E+00
9.750000E+01 1.001637E+00
9.775000E+01 1.001798E+00
9.800000E+01 1.001185E+00
9.825000E+01 1.001669E+00
9.850000E+01 1.000788E+00
9.875000E+01 1.001750E+00
9.900000E+01 1.001067E+00
9.925000E+01 1.001528E+00
9.950000E+01 1.001375E+00
9.975000E+01 1.001851E+00
1.000000E+02 1.001774E+00
1.002500E+02 1.001279E+00
1.005000E+02 1.001460E+00
1.007500E+02 1.001994E+00
1.010000E+02 1.001710E+00
1.012500E+02 1.001424E+00
1.015000E+02 1.001392E+00
1.017500E+02 1.001557E+00
1.020000E+02 1.001288E+00
1.022500E+02 1.001128E+00
1.025000E+02 1.001640E+00
1.027500E+02 1.001348E+00
1.030000E+02 1.001116E+00
1.032500E+02 1.001739E+00
1.035000E+02 1.001271E+00
1.037500E+02 1.001151E+00
1.040000E+02 1.001846E+00
1.042500E+02 1.000593E+00
1.045000E+02 1.001418E+00
1.047500E+02 1.001891E+00
1.050000E+02 1.000784E+00
1.052500E+02 1.001257E+00
1.055000E+02 1.001511E+00
1.057500E+02 1.000711E+00
1.060000E+02 1.000854E+00
1.062500E+02 1.001284E+00
1.065000E+02 1.000816E+00
1.067500E+02 1.001434E+00
1.070000E+02 1.001436E+00
1.072500E+02 1.001087E+00
1.075000E+02 1.001147E+00
1.077500E+02 1.001031E+00
1.080000E+02 1.001094E+00
1.082500E+02 1.000851E+00
1.085000E+02 1.000781E+00
1.087500E+02 1.001590E+00
1.090000E+02 1.001309E+00
1.092500E+02 1.001461E+00
1.095000E+02 1.001051E+00
1.097500E+02 1.000842E+00
1.100000E+02 1.001439E+00
1.102500E+02 1.001201E+00
1.105000E+02 1.001271E+00
1.107500E+02 1.001468E+00
1.110000E+02 1.001575E+00
1.112500E+02 1.001778E+00
1.115000E+02 1.000620E+00
1.117500E+02 1.001524E+00
1.120000E+02 1.001036E+00
1.122500E+02 1.001148E+00
1.125000E+02 1.001029E+00
1.127500E+02 1.000846E+00
1.130000E+02 1.000795E+00
1.132500E+02 1.001221E+00
1.135000E+02 1.001516E+00
1.137500E+02 1.001258E+00
1.140000E+02 1.001410E+00
1.142500E+02 1.001443E+00
1.145000E+02 1.001151E+00
1.147500E+02 1.001322E+00
1.150000E+02 1.000633E+00
1.152500E+02 1.001280E+00
1.155000E+02 1.001340E+00
1.157500E+02 1.001292E+00
1.160000E+02 1.001123E+00
1.162500E+02 1.001493E+00
1.165000E+02 1.000409E+00
1.167500E+02 1.001714E+00
1.170000E+02 1.001428E+00
1.172500E+02 1.001698E+00
1.175000E+02 1.001409E+00
1.177500E+02 1.000962E+00
1.180000E+02 1.001585E+00
1.182500E+02 1.001094E+00
1.185000E+02 1.000964E+00
1.187500E+02 1.001395E+00
1.190000E+02 1.001070E+00
1.192500E+02 1.001053E+00
1.195000E+02 1.001102E+00
1.197500E+02 1.001056E+00
1.200000E+02 1.001572E+00
1.202500E+02 1.000723E+00
1.205000E+02 1.001000E+00
1.207500E+02 1.001298E+00
1.210000E+02 1.001175E+00
1.212500E+02 1.001497E+00
1.215000E+02 1.001283E+00
1.217500E+02 1.001504E+00
1.220000E+02 1.000549E+00
1.222500E+02 1.000865E+00
1.225000E+02 1.000814E+00
1.227500E+02 1.001152E+00
1.230000E+02 1.000880E+00
1.232500E+02 1.000432E+00
1.235000E+02 1.001588E+00
1.237500E+02 1.000676E+00
1.240000E+02 1.001487E+00
1.242500E+02 1.000771E+00
1.245000E+02 1.001050E+00
1.247500E+02 1.001178E+00
1.250000E+02 9.988765E-01
1.252500E+02 9.921524E-01
1.255000E+02 9.862646E-01
1.257500E+02 9.801194E-01
1.260000E+02 9.745114E-01
1.262500E+02 9.689308E-01
1.265000E+02 9.624007E-01
1.267500E+02 9.569804E-01
1.270000E+02 9.507464E-01
1.272500E+02 9.450840E-01
1.275000E+02 9.393883E-01
1.277500E+02 9.333082E-01
1.280000E+02 9.269814E-01
1.282500E+02 9.219073E-01
1.285000E+02 9.160374E-01
1.287500E+02 9.107814E-01
1.290000E+02 9.045372E-01
1.292500E+02 8.993339E-01
1.295000E+02 8.943551E-01
1.297500E+02 8.880807E-01
1.300000E+02 8.828492E-01
1.302500E+02 8.773053E-01
1.305000E+02 8.713758E-01
1.307500E+02 8.663094E-01
1.310000E+02 8.610052E-01
1.312500E+02 8.551564E-01
1.315000E+02 8.497639E-01
1.317500E+02 8.442069E-01
1.320000E+02 8.393811E-01
1.322500E+02 8.340904E-01
1.325000E+02 8.276409E-01
1.327500E+02 8.227099E-01
1.330000E+02 8.177996E-01
1.332500E+02 8.120628E-01
1.335000E+02 8.070799E-01
1.337500E+02 8.019065E-01
1.340000E+02 7.966900E-01
1.342500E+02 7.913881E-01
1.345000E+02 7.859476E-01
1.347500E+02 7.811123E-01
1.350000E+02 7.758622E-01
1.352500E+02 7.707130E-01
1.355000E+02 7.655540E-01
1.357500E+02 7.604430E-01
1.360000E+02 7.555251E-01
1.362500E+02 7.502474E-01
1.365000E+02 7.454096E-01
1.367500E+02 7.409624E-01
1.370000E+02 7.357153E-01
1.372500E+02 7.306929E-01
1.375000E+02 7.247358E-01
1.377500E+02 7.203473E-01
1.380000E+02 7.153122E-01
1.382500E+02 7.107790E-01
1.385000E+02 7.056810E-01
1.387500E+02 7.006366E-01
1.390000E+02 6.961891E-01
1.392500E+02 6.911074E-01
1.395000E+02 6.868479E-01
1.397500E+02 6.813395E-01
1.400000E+02 6.766320E-01
1.402500E+02 6.717147E-01
1.405000E+02 6.668326E-01
1.407500E+02 6.625785E-01
1.410000E+02 6.573682E-01
1.412500E+02 6.526597E-01
1.415000E+02 6.481027E-01
1.417500E+02 6.435848E-01
1.420000E+02 6.393132E-01
1.422500E+02 6.341485E-01
1.425000E+02 6.293613E-01
1.427500E+02 6.252195E-01
1.430000E+02 6.204628E-01
1.432500E+02 6.160638E-01
1.435000E+02 6.113800E-01
1.437500E+02 6.068643E-01
1.440000E+02 6.028671E-01
1.442500E+02 5.979823E-01
1.445000E+02 5.934084E-01
1.447500E+02 5.889080E-01
1.450000E+02 5.848596E-01
1.452500E+02 5.800996E-01
1.455000E+02 5.757007E-01
1.457500E+02 5.713540E-01
1.460000E+02 5.665938E-01
1.462500E+02 5.627114E-01
1.465000E+02 5.577155E-01
1.467500E+02 5.540045E-01
1.470000E+02 5.495822E-01
1.472500E+02 5.447354E-01
1.475000E+02 5.404592E-01
1.477500E+02 5.360579E-01
1.480000E+02 5.319430E-01
1.482500E+02 5.277287E-01
1.485000E+02 5.236711E-01
1.487500E+02 5.192920E-01
1.490000E+02 5.151874E-01
1.492500E+02 5.107110E-01
1.495000E+02 5.071175E-01
1.497500E+02 5.029299E-01
1.500000E+02 4.983707E-01
1.502500E+02 4.943029E-01
1.505000E+02 4.896997E-01
1.507500E+02 4.856901E-01
1.510000E+02 4.815868E-01
1.512500E+02 4.773923E-01
1.515000E+02 4.737401E-01
1.517500E+02 4.695252E-01
1.520000E+02 4.652305E-01
1.522500E+02 4.613334E-01
1.525000E+02 4.574371E-01
1.527500E+02 4.535896E-01
1.530000E+02 4.496979E-01
1.532500E+02 4.452706E-01
1.535000E+02 4.412649E-01
1.537500E+02 4.371658E-01
1.540000E+02 4.333613E-01
1.542500E+02 4.296398E-01
1.545000E+02 4.250825E-01
1.547500E+02 4.215706E-01
1.550000E+02 4.173528E-01
1.552500E+02 4.137348E-01
1.555000E+02 4.097137E-01
1.557500E+02 4.061803E-01
1.560000E+02 4.021914E-01
1.562500E+02 3.982995E-01
1.565000E+02 3.947211E-01
1.567500E+02 3.900537E-01
1.570000E+02 3.866726E-01
1.572500E+02 3.828786E-01
1.575000E+02 3.791601E-01
1.577500E+02 3.754837E-01
1.580000E+02 3.717073E-01
1.582500E+02 3.683210E-01
1.585000E+02 3.647358E-01
1.587500E+02 3.604943E-01
1.590000E+02 3.568859E-01
1.592500E+02 3.534540E-01
1.595000E+02 3.495502E-01
1.597500E+02 3.460785E-01
1.600000E+02 3.421071E-01
1.602500E+02 3.383868E-01
1.605000E+02 3.347481E-01
1.607500E+02 3.311734E-01
1.610000E+02 3.275137E-01
1.612500E+02 3.238133E-01
1.615000E+02 3.204684E-01
1.617500E+02 3.165478E-01
1.620000E+02 3.134468E-01
1.622500E+02 3.095518E-01
1.625000E+02 3.062892E-01
1.627500E+02 3.027024E-01
1.630000E+02 2.988903E-01
1.632500E+02 2.952757E-01
1.635000E+02 2.919146E-01
1.637500E+02 2.885503E-01
1.640000E+02 2.850402E-01
1.642500E+02 2.815684E-01
1.645000E+02 2.779009E-01
1.647500E+02 2.746932E-01
1.650000E+02 2.712966E-01
1.652500E+02 2.677814E-01
1.655000E+02 2.643143E-01
1.657500E+02 2.606348E-01
1.660000E+02 2.577416E-01
1.662500E+02 2.539531E-01
1.665000E+02 2.507439E-01
1.667500E+02 2.473463E-01
1.670000E+02 2.439543E-01
1.672500E+02 2.406907E-01
1.675000E+02 2.372827E-01
1.677500E+02 2.337711E-01
1.680000E+02 2.306642E-01
1.682500E+02 2.273050E-01
1.685000E+02 2.239946E-01
1.687500E+02 2.207142E-01
1.690000E+02 2.174186E-01
1.692500E+02 2.140568E-01
1.695000E+02 2.108565E-01
1.697500E+02 2.077206E-01
1.700000E+02 2.042970E-01
1.702500E+02 2.012206E-01
1.705000E+02 1.979460E-01
1.707500E+02 1.947934E-01
1.710000E+02 1.913711E-01
1.712500E+02 1.882788E-01
1.715000E+02 1.850303E-01
1.717500E+02 1.817554E-01
1.720000E+02 1.786378E-01
1.722500E+02 1.755467E-01
1.725000E+02 1.724898E-01
1.727500E+02 1.692869E-01
1.730000E+02 1.660614E-01
1.732500E+02 1.629794E-01
1.735000E+02 1.598342E-01
1.737500E+02 1.568478E-01
1.740000E+02 1.536931E-01
1.742500E+02 1.505407E-01
1.745000E+02 1.474042E-01
1.747500E+02 1.443866E-01
1.750000E+02 1.414051E-01
1.752500E+02 1.383770E-01
1.755000E+02 1.352951E-01
1.757500E+02 1.322707E-01
1.760000E+02 1.293521E-01
1.762500E+02 1.262413E-01
1.765000E+02 1.232111E-01
1.767500E+02 1.203254E-01
1.770000E+02 1.174788E-01
1.772500E+02 1.149776E-01
1.775000E+02 1.124884E-01
1.777500E+02 1.099611E-01
1.780000E+02 1.076834E-01
1.782500E+02 1.054313E-01
1.785000E+02 1.032182E-01
1.787500E+02 1.011333E-01
1.790000E+02 9.886276E-02
1.792500E+02 9.688916E-02
1.795000E+02 9.488226E-02
1.797500E+02 9.301637E-02
1.800000E+02 9.103591E-02
1.802500E+02 8.916228E-02
1.805000E+02 8.730262E-02
1.807500E+02 8.551192E-02
1.810000E+02 8.374231E-02
1.812500E+02 8.202442E-02
1.815000E+02 8.031826E-02
1.817500E+02 7.862330E-02
1.820000E+02 7.717834E-02
1.822500E+02 7.548901E-02
1.825000E+02 7.380170E-02
1.827500E+02 7.221508E-02
1.830000E+02 7.069454E-02
1.832500E+02 6.931825E-02
1.835000E+02 6.793190E-02
1.837500E+02 6.646417E-02
1.840000E+02 6.496766E-02
1.842500E+02 6.360856E-02
1.845000E+02 6.232912E-02
1.847500E+02 6.092557E-02
1.850000E+02 5.958133E-02
1.852500E+02 5.840762E-02
1.855000E+02 5.710267E-02
1.857500E+02 5.591656E-02
1.860000E+02 5.473018E-02
1.862500E+02 5.361223E-02
1.865000E+02 5.226303E-02
1.867500E+02 5.117246E-02
1.870000E+02 4.998744E-02
1.872500E+02 4.888141E-02
1.875000E+02 4.783343E-02
1.877500E+02 4.669976E-02
1.880000E+02 4.570425E-02
1.882500E+02 4.461019E-02
1.885000E+02 4.369928E-02
1.887500E+02 4.253537E-02
1.890000E+02 4.165577E-02
1.892500E+02 4.062223E-02
1.895000E+02 3.971857E-02
1.897500E+02 3.885395E-02
1.900000E+02 3.797794E-02
1.902500E+02 3.691960E-02
1.905000E+02 3.609960E-02
1.907500E+02 3.517857E-02
1.910000E+02 3.430558E-02
1.912500E+02 3.345325E-02
1.915000E+02 3.266504E-02
1.917500E+02 3.193906E-02
1.920000E+02 3.114213E-02
1.922500E+02 3.026352E-02
1.925000E+02 2.946241E-02
1.927500E+02 2.879422E-02
1.930000E+02 2.803892E-02
1.932500E+02 2.733679E-02
1.935000E+02 2.662732E-02
1.937500E+02 2.584061E-02
1.940000E+02 2.517293E-02
1.942500E+02 2.453731E-02
1.945000E+02 2.393246E-02
1.947500E+02 2.330212E-02
1.950000E+02 2.259472E-02
1.952500E+02 2.198866E-02
1.955000E+02 2.130711E-02
1.957500E+02 2.079476E-02
1.960000E+02 2.015763E-02
1.962500E+02 1.954471E-02
1.965000E+02 1.904269E-02
1.967500E+02 1.844251E-02
1.970000E+02 1.795395E-02
1.972500E+02 1.733113E-02
1.975000E+02 1.689931E-02
1.977500E+02 1.635240E-02
1.980000E+02 1.579864E-02
1.982500E+02 1.537415E-02
1.985000E+02 1.484900E-02
1.987500E+02 1.434421E-02
1.990000E+02 1.396474E-02
1.992500E+02 1.346246E-02
1.995000E+02 1.300483E-02
1.997500E+02 1.255498E-02
2.000000E+02 1.214740E-02
2.002500E+02 1.171106E-02
2.005000E+02 1.137022E-02
2.007500E+02 1.090087E-02
2.010000E+02 1.049852E-02
2.012500E+02 1.012730E-02
2.015000E+02 9.775045E-03
2.017500E+02 9.374815E-03
2.020000E+02 9.057528E-03
2.022500E+02 8.724888E-03
2.025000E+02 8.356498E-03
2.027500E+02 8.066289E-03
2.030000E+02 7.699875E-03
2.032500E+02 7.417691E-03
2.035000E+02 7.064010E-03
2.037500E+02 6.782152E-03
2.040000E+02 6.507087E-03
2.042500E+02 6.217000E-03
2.045000E+02 5.939947E-03
2.047500E+02 5.660646E-03
2.050000E+02 5.408387E-03
2.052500E+02 5.142181E-03
2.055000E+02 4.927028E-03
2.057500E+02 4.668550E-03
2.060000E+02 4.453768E-03
2.062500E+02 4.199148E-03
2.065000E+02 3.977436E-03
2.067500E+02 3.765923E-03
2.070000E+02 3.589109E-03
2.072500E+02 3.367990E-03
2.075000E+02 3.165402E-03
2.077500E+02 2.977066E-03
2.080000E+02 2.815255E-03
2.082500E+02 2.613920E-03
2.085000E+02 2.449826E-03
2.087500E+02 2.277959E-03
2.090000E+02 2.148733E-03
2.092500E+02 1.988265E-03
2.095000E+02 1.827609E-03
2.097500E+02 1.703401E-03
2.100000E+02 1.576908E-03
2.102500E+02 1.446961E-03
2.105000E+02 1.329791E-03
2.107500E+02 1.211544E-03
2.110000E+02 1.090684E-03
2.112500E+02 9.985227E-04
2.115000E+02 9.004454E-04
2.117500E+02 8.037562E-04
2.120000E+02 7.184677E-04
2.122500E+02 6.424525E-04
2.125000E+02 5.657112E-04
2.127500E+02 4.861314E-04
2.130000E+02 4.243073E-04
2.132500E+02 3.725568E-04
2.135000E+02 3.077928E-04
2.137500E+02 2.577024E-04
2.140000E+02 2.057516E-04
2.142500E+02 1.646824E-04
2.145000E+02 1.283252E-04
2.147500E+02 9.480402E-05
2.150000E+02 6.977356E-05
2.152500E+02 4.364876E-05
2.155000E+02 2.777227E-05
2.157500E+02 1.453404E-05
2.160000E+02 5.466735E-06
2.162500E+02 7.736316E-07
