2.500000E-01 0.000000E+00
5.000000E-01 0.000000E+00
7.500000E-01 0.000000E+00
1.000000E+00 0.000000E+00
1.250000E+00 0.000000E+00
1.500000E+00 0.000000E+00
1.750000E+00 0.000000E+00
2.000000E+00 0.000000E+00
2.250000E+00 0.000000E+00
2.500000E+00 0.000000E+00
2.750000E+00 0.000000E+00
3.000000E+00 0.000000E+00
3.250000E+00 0.000000E+00
3.500000E+00 5.293449E-03
3.750000E+00 5.784472E-01
4.000000E+00 5.309164E+00
4.250000E+00 1.323481E+01
4.500000E+00 1.623841E+01
4.750000E+00 1.460282E+01
5.000000E+00 1.149366E+01
5.250000E+00 8.743731E+00
5.500000E+00 6.586892E+00
5.750000E+00 5.187580E+00
6.000000E+00 4.291962E+00
6.250000E+00 3.689868E+00
6.500000E+00 3.226634E+00
6.750000E+00 2.807508E+00
7.000000E+00 2.367789E+00
7.250000E+00 2.058446E+00
7.500000E+00 1.778763E+00
7.750000E+00 1.609235E+00
8.000000E+00 1.499422E+00
8.250000E+00 1.409184E+00
8.500000E+00 1.329105E+00
8.750000E+00 1.255183E+00
9.000000E+00 1.214705E+00
9.250000E+00 1.160037E+00
9.500000E+00 1.130761E+00
9.750000E+00 1.087463E+00
1.000000E+01 1.086005E+00
1.025000E+01 1.072422E+00
1.050000E+01 1.058298E+00
1.075000E+01 1.049736E+00
1.100000E+01 1.046865E+00
1.125000E+01 1.052773E+00
1.150000E+01 1.033375E+00
1.175000E+01 1.031567E+00
1.200000E+01 1.020204E+00
1.225000E+01 1.023304E+00
1.250000E+01 1.015244E+00
1.275000E+01 1.010214E+00
1.300000E+01 1.019184E+00
1.325000E+01 1.018802E+00
1.350000E+01 1.022809E+00
1.375000E+01 1.029399E+00
1.400000E+01 1.011306E+00
1.425000E+01 1.019420E+00
1.450000E+01 1.015515E+00
1.475000E+01 1.008042E+00
1.500000E+01 1.032905E+00
1.525000E+01 1.014002E+00
1.550000E+01 1.013464E+00
1.575000E+01 1.016981E+00
1.600000E+01 1.012270E+00
1.625000E+01 1.006602E+00
1.650000E+01 1.018197E+00
1.675000E+01 1.012683E+00
1.700000E+01 1.016150E+00
1.725000E+01 1.009477E+00
1.750000E+01 1.008720E+00
1.775000E+01 1.014144E+00
1.800000E+01 1.011832E+00
1.825000E+01 1.006949E+00
1.850000E+01 1.009728E+00
1.875000E+01 1.015833E+00
1.900000E+01 1.011610E+00
1.925000E+01 1.018792E+00
1.950000E+01 1.012277E+00
1.975000E+01 1.014076E+00
2.000000E+01 1.006715E+00
2.025000E+01 1.014639E+00
2.050000E+01 1.006142E+00
2.075000E+01 1.015410E+00
2.100000E+01 1.009905E+00
2.125000E+01 1.004248E+00
2.150000E+01 1.004737E+00
2.175000E+01 1.011715E+00
2.200000E+01 1.014948E+00
2.225000E+01 1.012280E+00
2.250000E+01 1.007116E+00
2.275000E+01 1.014017E+00
2.300000E+01 1.014825E+00
2.325000E+01 1.005847E+00
2.350000E+01 1.011645E+00
2.375000E+01 1.014383E+00
2.400000E+01 1.010672E+00
2.425000E+01 1.011223E+00
2.450000E+01 1.013413E+00
2.475000E+01 1.008287E+00
2.500000E+01 1.006563E+00
2.525000E+01 1.014926E+00
2.550000E+01 1.006713E+00
2.575000E+01 1.008623E+00
2.600000E+01 1.009964E+00
2.625000E+01 1.007193E+00
2.650000E+01 1.009609E+00
2.675000E+01 1.008688E+00
2.700000E+01 1.010129E+00
2.725000E+01 1.001751E+00
2.750000E+01 1.005409E+00
2.775000E+01 1.009728E+00
2.800000E+01 1.007474E+00
2.825000E+01 1.008545E+00
2.850000E+01 1.007942E+00
2.875000E+01 1.009866E+00
2.900000E+01 1.001483E+00
2.925000E+01 1.009254E+00
2.950000E+01 1.004656E+00
2.975000E+01 1.002511E+00
3.000000E+01 1.010153E+00
3.025000E+01 1.008816E+00
3.050000E+01 1.003956E+00
3.075000E+01 1.009292E+00
3.100000E+01 1.005855E+00
3.125000E+01 1.008078E+00
3.150000E+01 1.003294E+00
3.175000E+01 1.007418E+00
3.200000E+01 1.011116E+00
3.225000E+01 1.006897E+00
3.250000E+01 1.006902E+00
3.275000E+01 1.005554E+00
3.300000E+01 1.008881E+00
3.325000E+01 1.012373E+00
3.350000E+01 1.006757E+00
3.375000E+01 1.007401E+00
3.400000E+01 1.006434E+00
3.425000E+01 1.007144E+00
3.450000E+01 1.007679E+00
3.475000E+01 1.004843E+00
3.500000E+01 1.004826E+00
3.525000E+01 1.002458E+00
3.550000E+01 1.001584E+00
3.575000E+01 1.005011E+00
3.600000E+01 1.007901E+00
3.625000E+01 1.006400E+00
3.650000E+01 1.004094E+00
3.675000E+01 1.008687E+00
3.700000E+01 1.005975E+00
3.725000E+01 1.005462E+00
3.750000E+01 1.004556E+00
3.775000E+01 1.006736E+00
3.800000E+01 1.004340E+00
3.825000E+01 1.004196E+00
3.850000E+01 1.004453E+00
3.875000E+01 1.004849E+00
3.900000E+01 1.001444E+00
3.925000E+01 1.002472E+00
3.950000E+01 1.007985E+00
3.975000E+01 1.002336E+00
4.000000E+01 1.005400E+00
4.025000E+01 1.005428E+00
4.050000E+01 1.006724E+00
4.075000E+01 1.004792E+00
4.100000E+01 1.006844E+00
4.125000E+01 1.001757E+00
4.150000E+01 1.003304E+00
4.175000E+01 1.004688E+00
4.200000E+01 1.007303E+00
4.225000E+01 1.004520E+00
4.250000E+01 1.007392E+00
4.275000E+01 1.006395E+00
4.300000E+01 1.005629E+00
4.325000E+01 1.003986E+00
4.350000E+01 1.004115E+00
4.375000E+01 1.004022E+00
4.400000E+01 1.003370E+00
4.425000E+01 1.006787E+00
4.450000E+01 1.008594E+00
4.475000E+01 1.002016E+00
4.500000E+01 1.002242E+00
4.525000E+01 1.005006E+00
4.550000E+01 1.001621E+00
4.575000E+01 1.004807E+00
4.600000E+01 1.006936E+00
4.625000E+01 1.001445E+00
4.650000E+01 1.006267E+00
4.675000E+01 1.004777E+00
4.700000E+01 1.005059E+00
4.725000E+01 1.005018E+00
4.750000E+01 1.004663E+00
4.775000E+01 1.007335E+00
4.800000E+01 1.004240E+00
4.825000E+01 1.004856E+00
4.850000E+01 1.007005E+00
4.875000E+01 1.005092E+00
4.900000E+01 1.004777E+00
4.925000E+01 1.005397E+00
4.950000E+01 1.003744E+00
4.975000E+01 1.005870E+00
5.000000E+01 1.007269E+00
5.025000E+01 1.003155E+00
5.050000E+01 1.004026E+00
5.075000E+01 1.002814E+00
5.100000E+01 1.003685E+00
5.125000E+01 1.005251E+00
5.150000E+01 1.003866E+00
5.175000E+01 1.003477E+00
5.200000E+01 1.003013E+00
5.225000E+01 1.004044E+00
5.250000E+01 1.007507E+00
5.275000E+01 1.003386E+00
5.300000E+01 1.004300E+00
5.325000E+01 1.004032E+00
5.350000E+01 1.004721E+00
5.375000E+01 1.004021E+00
5.400000E+01 1.003992E+00
5.425000E+01 1.004273E+00
5.450000E+01 1.005446E+00
5.475000E+01 1.006603E+00
5.500000E+01 1.000650E+00
5.525000E+01 1.004786E+00
5.550000E+01 1.001623E+00
5.575000E+01 1.004225E+00
5.600000E+01 1.005057E+00
5.625000E+01 1.004222E+00
5.650000E+01 1.001024E+00
5.675000E+01 1.002148E+00
5.700000E+01 1.005281E+00
5.725000E+01 1.006887E+00
5.750000E+01 1.002254E+00
5.775000E+01 1.002730E+00
5.800000E+01 1.004427E+00
5.825000E+01 1.005494E+00
5.850000E+01 1.002978E+00
5.875000E+01 1.000581E+00
5.900000E+01 1.002230E+00
5.925000E+01 1.003736E+00
5.950000E+01 1.003793E+00
5.975000E+01 1.003738E+00
6.000000E+01 1.002666E+00
6.025000E+01 1.003733E+00
6.050000E+01 1.004657E+00
6.075000E+01 1.001590E+00
6.100000E+01 1.001417E+00
6.125000E+01 1.003528E+00
6.150000E+01 1.003503E+00
6.175000E+01 1.001958E+00
6.200000E+01 1.006415E+00
6.225000E+01 1.002866E+00
6.250000E+01 1.003674E+00
6.275000E+01 1.003458E+00
6.300000E+01 1.003787E+00
6.325000E+01 1.004502E+00
6.350000E+01 1.003625E+00
6.375000E+01 1.003335E+00
6.400000E+01 1.002622E+00
6.425000E+01 1.001629E+00
6.450000E+01 1.005496E+00
6.475000E+01 1.001764E+00
6.500000E+01 1.000185E+00
6.525000E+01 1.000978E+00
6.550000E+01 1.003423E+00
6.575000E+01 1.000855E+00
6.600000E+01 1.002649E+00
6.625000E+01 1.001190E+00
6.650000E+01 1.003890E+00
6.675000E+01 1.001889E+00
6.700000E+01 1.004871E+00
6.725000E+01 1.003834E+00
6.750000E+01 1.002995E+00
6.775000E+01 1.000212E+00
6.800000E+01 1.003336E+00
6.825000E+01 1.000321E+00
6.850000E+01 1.005697E+00
6.875000E+01 1.003288E+00
6.900000E+01 1.002979E+00
6.925000E+01 1.003509E+00
6.950000E+01 1.003471E+00
6.975000E+01 1.000991E+00
7.000000E+01 1.001347E+00
7.025000E+01 1.003080E+00
7.050000E+01 1.003479E+00
7.075000E+01 1.002210E+00
7.100000E+01 1.001908E+00
7.125000E+01 1.002717E+00
7.150000E+01 1.004071E+00
7.175000E+01 1.002205E+00
7.200000E+01 1.003038E+00
7.225000E+01 1.003939E+00
7.250000E+01 1.003161E+00
7.275000E+01 1.004282E+00
7.300000E+01 1.002405E+00
7.325000E+01 1.000927E+00
7.350000E+01 1.001273E+00
7.375000E+01 1.000679E+00
7.400000E+01 1.002832E+00
7.425000E+01 1.001766E+00
7.450000E+01 1.004721E+00
7.475000E+01 1.000953E+00
7.500000E+01 1.000884E+00
7.525000E+01 1.000386E+00
7.550000E+01 1.002468E+00
7.575000E+01 1.002913E+00
7.600000E+01 1.004289E+00
7.625000E+01 1.002003E+00
7.650000E+01 1.002550E+00
7.675000E+01 1.001120E+00
7.700000E+01 1.003479E+00
7.725000E+01 1.002052E+00
7.750000E+01 1.004115E+00
7.775000E+01 1.003085E+00
7.800000E+01 1.001202E+00
7.825000E+01 1.003800E+00
7.850000E+01 1.004744E+00
7.875000E+01 1.004923E+00
7.900000E+01 1.003044E+00
7.925000E+01 1.000294E+00
7.950000E+01 1.003522E+00
7.975000E+01 1.005002E+00
8.000000E+01 1.002787E+00
8.025000E+01 1.003502E+00
8.050000E+01 1.002446E+00
8.075000E+01 1.001894E+00
8.100000E+01 1.002583E+00
8.125000E+01 1.002285E+00
8.150000E+01 1.001354E+00
8.175000E+01 1.002929E+00
8.200000E+01 1.003236E+00
8.225000E+01 1.002878E+00
8.250000E+01 1.001979E+00
8.275000E+01 1.003070E+00
8.300000E+01 1.002761E+00
8.325000E+01 1.002911E+00
8.350000E+01 1.003379E+00
8.375000E+01 1.002283E+00
8.400000E+01 1.002571E+00
8.425000E+01 1.002177E+00
8.450000E+01 1.001574E+00
8.475000E+01 1.001980E+00
8.500000E+01 1.002602E+00
8.525000E+01 1.002041E+00
8.550000E+01 1.001747E+00
8.575000E+01 1.001242E+00
8.600000E+01 1.001699E+00
8.625000E+01 1.001269E+00
8.650000E+01 1.002087E+00
8.675000E+01 1.001252E+00
8.700000E+01 1.002207E+00
8.725000E+01 1.002912E+00
8.750000E+01 1.002806E+00
8.775000E+01 1.002274E+00
8.800000E+01 1.003168E+00
8.825000E+01 1.002158E+00
8.850000E+01 1.001503E+00
8.875000E+01 1.000634E+00
8.900000E+01 1.004317E+00
8.925000E+01 1.001554E+00
8.950000E+01 1.001284E+00
8.975000E+01 9.999636E-01
9.000000E+01 1.002671E+00
9.025000E+01 1.000978E+00
9.050000E+01 1.001945E+00
9.075000E+01 1.002015E+00
9.100000E+01 1.001021E+00
9.125000E+01 1.001716E+00
9.150000E+01 1.002539E+00
9.175000E+01 1.002936E+00
9.200000E+01 1.003654E+00
9.225000E+01 1.002070E+00
9.250000E+01 1.002579E+00
9.275000E+01 1.001199E+00
9.300000E+01 1.002458E+00
9.325000E+01 1.004071E+00
9.350000E+01 1.002311E+00
9.375000E+01 1.001492E+00
9.400000E+01 1.000981E+00
9.425000E+01 1.001849E+00
9.450000E+01 1.001941E+00
9.475000E+01 1.001938E+00
9.500000E+01 1.003474E+00
9.525000E+01 1.002864E+00
9.550000E+01 1.003479E+00
9.575000E+01 1.003547E+00
9.600000E+01 1.001798E+00
9.625000E+01 1.002407E+00
9.650000E+01 1.002112E+00
9.675000E+01 1.001415E+00
9.700000E+01 1.000522E+00
9.725000E+01 1.000907E+00
9.750000E+01 1.002342E+00
9.775000E+01 1.001972E+00
9.800000E+01 1.002118E+00
9.825000E+01 1.002952E+00
9.850000E+01 1.001694E+00
9.875000E+01 1.002133E+00
9.900000E+01 1.001767E+00
9.925000E+01 1.000183E+00
9.950000E+01 1.002425E+00
9.975000E+01 1.002189E+00
1.000000E+02 1.002104E+00
1.002500E+02 1.001982E+00
1.005000E+02 1.003542E+00
1.007500E+02 1.001665E+00
1.010000E+02 1.001559E+00
1.012500E+02 1.002477E+00
1.015000E+02 1.001352E+00
1.017500E+02 1.002040E+00
1.020000E+02 1.003118E+00
1.022500E+02 1.001511E+00
1.025000E+02 1.001598E+00
1.027500E+02 1.001453E+00
1.030000E+02 1.002242E+00
1.032500E+02 1.000933E+00
1.035000E+02 1.000020E+00
1.037500E+02 1.002325E+00
1.040000E+02 1.001428E+00
1.042500E+02 1.001183E+00
1.045000E+02 1.001950E+00
1.047500E+02 1.002001E+00
1.050000E+02 1.002112E+00
1.052500E+02 1.001485E+00
1.055000E+02 1.001428E+00
1.057500E+02 1.002616E+00
1.060000E+02 1.001808E+00
1.062500E+02 1.001766E+00
1.065000E+02 1.003224E+00
1.067500E+02 1.002107E+00
1.070000E+02 1.002325E+00
1.072500E+02 1.001128E+00
1.075000E+02 1.001430E+00
1.077500E+02 1.000466E+00
1.080000E+02 1.002878E+00
1.082500E+02 1.001363E+00
1.085000E+02 1.002639E+00
1.087500E+02 1.002889E+00
1.090000E+02 1.002034E+00
1.092500E+02 1.001527E+00
1.095000E+02 1.001648E+00
1.097500E+02 1.000985E+00
1.100000E+02 1.000707E+00
1.102500E+02 1.001964E+00
1.105000E+02 1.002901E+00
1.107500E+02 1.001758E+00
1.110000E+02 1.003445E+00
1.112500E+02 1.000902E+00
1.115000E+02 1.001883E+00
1.117500E+02 1.000538E+00
1.120000E+02 1.000501E+00
1.122500E+02 1.000158E+00
1.125000E+02 1.002045E+00
1.127500E+02 1.000451E+00
1.130000E+02 1.001845E+00
1.132500E+02 1.001289E+00
1.135000E+02 1.000804E+00
1.137500E+02 1.001045E+00
1.140000E+02 1.001300E+00
1.142500E+02 1.000889E+00
1.145000E+02 1.001660E+00
1.147500E+02 1.002222E+00
1.150000E+02 1.002471E+00
1.152500E+02 1.000566E+00
1.155000E+02 1.001365E+00
1.157500E+02 1.001899E+00
1.160000E+02 1.001765E+00
1.162500E+02 1.001378E+00
1.165000E+02 1.002379E+00
1.167500E+02 1.000332E+00
1.170000E+02 1.001701E+00
1.172500E+02 9.999748E-01
1.175000E+02 1.002187E+00
1.177500E+02 1.001834E+00
1.180000E+02 1.002430E+00
1.182500E+02 1.000630E+00
1.185000E+02 1.000859E+00
1.187500E+02 1.001907E+00
1.190000E+02 1.002322E+00
1.192500E+02 1.002005E+00
1.195000E+02 1.001037E+00
1.197500E+02 1.002145E+00
1.200000E+02 1.001382E+00
1.202500E+02 1.001154E+00
1.205000E+02 1.001111E+00
1.207500E+02 1.003565E+00
1.210000E+02 1.001588E+00
1.212500E+02 1.001169E+00
1.215000E+02 1.000941E+00
1.217500E+02 1.002135E+00
1.220000E+02 1.001535E+00
1.222500E+02 1.000881E+00
1.225000E+02 1.002396E+00
1.227500E+02 1.001470E+00
1.230000E+02 1.001247E+00
1.232500E+02 1.001241E+00
1.235000E+02 1.001024E+00
1.237500E+02 1.001648E+00
1.240000E+02 1.000955E+00
1.242500E+02 1.001160E+00
1.245000E+02 1.001550E+00
1.247500E+02 1.001933E+00
1.250000E+02 9.984933E-01
1.252500E+02 9.927867E-01
1.255000E+02 9.849927E-01
1.257500E+02 9.808154E-01
1.260000E+02 9.751355E-01
1.262500E+02 9.676060E-01
1.265000E+02 9.638154E-01
1.267500E+02 9.578846E-01
1.270000E+02 9.501021E-01
1.272500E+02 9.451058E-01
1.275000E+02 9.397814E-01
1.277500E+02 9.338742E-01
1.280000E+02 9.279427E-01
1.282500E+02 9.225277E-01
1.285000E+02 9.177346E-01
1.287500E+02 9.117414E-01
1.290000E+02 9.051728E-01
1.292500E+02 9.009297E-01
1.295000E+02 8.942517E-01
1.297500E+02 8.896847E-01
1.300000E+02 8.832298E-01
1.302500E+02 8.771482E-01
1.305000E+02 8.713192E-01
1.307500E+02 8.665132E-01
1.310000E+02 8.611765E-01
1.312500E+02 8.551101E-01
1.315000E+02 8.504248E-01
1.317500E+02 8.441953E-01
1.320000E+02 8.397551E-01
1.322500E+02 8.339488E-01
1.325000E+02 8.284454E-01
1.327500E+02 8.226849E-01
1.330000E+02 8.176602E-01
1.332500E+02 8.124569E-01
1.335000E+02 8.077617E-01
1.337500E+02 8.013392E-01
1.340000E+02 7.965743E-01
1.342500E+02 7.915719E-01
1.345000E+02 7.861870E-01
1.347500E+02 7.811968E-01
1.350000E+02 7.758282E-01
1.352500E+02 7.712277E-01
1.355000E+02 7.661665E-01
1.357500E+02 7.603327E-01
1.360000E+02 7.558025E-01
1.362500E+02 7.505678E-01
1.365000E+02 7.461199E-01
1.367500E+02 7.410684E-01
1.370000E+02 7.367144E-01
1.372500E+02 7.307467E-01
1.375000E+02 7.256263E-01
1.377500E+02 7.204420E-01
1.380000E+02 7.158388E-01
1.382500E+02 7.118355E-01
1.385000E+02 7.054504E-01
1.387500E+02 7.005486E-01
1.390000E+02 6.964468E-01
1.392500E+02 6.905380E-01
1.395000E+02 6.872122E-01
1.397500E+02 6.823286E-01
1.400000E+02 6.778500E-01
1.402500E+02 6.727038E-01
1.405000E+02 6.681632E-01
1.407500E+02 6.629153E-01
1.410000E+02 6.588285E-01
1.412500E+02 6.529670E-01
1.415000E+02 6.487035E-01
1.417500E+02 6.442855E-01
1.420000E+02 6.394055E-01
1.422500E+02 6.344390E-01
1.425000E+02 6.306795E-01
1.427500E+02 6.261251E-01
1.430000E+02 6.203675E-01
1.432500E+02 6.162656E-01
1.435000E+02 6.116013E-01
1.437500E+02 6.071572E-01
1.440000E+02 6.027263E-01
1.442500E+02 5.988765E-01
1.445000E+02 5.936032E-01
1.447500E+02 5.883428E-01
1.450000E+02 5.855735E-01
1.452500E+02 5.799183E-01
1.455000E+02 5.762446E-01
1.457500E+02 5.715381E-01
1.460000E+02 5.673750E-01
1.462500E+02 5.625743E-01
1.465000E+02 5.586252E-01
1.467500E+02 5.544114E-01
1.470000E+02 5.504900E-01
1.472500E+02 5.450685E-01
1.475000E+02 5.412552E-01
1.477500E+02 5.367052E-01
1.480000E+02 5.316966E-01
1.482500E+02 5.278314E-01
1.485000E+02 5.243270E-01
1.487500E+02 5.197607E-01
1.490000E+02 5.150453E-01
1.492500E+02 5.116229E-01
1.495000E+02 5.080715E-01
1.497500E+02 5.030319E-01
1.500000E+02 4.992860E-01
1.502500E+02 4.946475E-01
1.505000E+02 4.899273E-01
1.507500E+02 4.861481E-01
1.510000E+02 4.818708E-01
1.512500E+02 4.779362E-01
1.515000E+02 4.740247E-01
1.517500E+02 4.695915E-01
1.520000E+02 4.652171E-01
1.522500E+02 4.618648E-01
1.525000E+02 4.573856E-01
1.527500E+02 4.539693E-01
1.530000E+02 4.493287E-01
1.532500E+02 4.458990E-01
1.535000E+02 4.414413E-01
1.537500E+02 4.376115E-01
1.540000E+02 4.337742E-01
1.542500E+02 4.303479E-01
1.545000E+02 4.257164E-01
1.547500E+02 4.224198E-01
1.550000E+02 4.175189E-01
1.552500E+02 4.139166E-01
1.555000E+02 4.105358E-01
1.557500E+02 4.065874E-01
1.560000E+02 4.027232E-01
1.562500E+02 3.978841E-01
1.565000E+02 3.945041E-01
1.567500E+02 3.903865E-01
1.570000E+02 3.871802E-01
1.572500E+02 3.832779E-01
1.575000E+02 3.796098E-01
1.577500E+02 3.757132E-01
1.580000E+02 3.722218E-01
1.582500E+02 3.682752E-01
1.585000E+02 3.643554E-01
1.587500E+02 3.613287E-01
1.590000E+02 3.572065E-01
1.592500E+02 3.540125E-01
1.595000E+02 3.497512E-01
1.597500E+02 3.462314E-01
1.600000E+02 3.423468E-01
1.602500E+02 3.384923E-01
1.605000E+02 3.350869E-01
1.607500E+02 3.314884E-01
1.610000E+02 3.280040E-01
1.612500E+02 3.241494E-01
1.615000E+02 3.205806E-01
1.617500E+02 3.165600E-01
1.620000E+02 3.133592E-01
1.622500E+02 3.093790E-01
1.625000E+02 3.065194E-01
1.627500E+02 3.030547E-01
1.630000E+02 2.993170E-01
1.632500E+02 2.960694E-01
1.635000E+02 2.917404E-01
1.637500E+02 2.885591E-01
1.640000E+02 2.847935E-01
1.642500E+02 2.816566E-01
1.645000E+02 2.783974E-01
1.647500E+02 2.746292E-01
1.650000E+02 2.708440E-01
1.652500E+02 2.678075E-01
1.655000E+02 2.642812E-01
1.657500E+02 2.610406E-01
1.660000E+02 2.573900E-01
1.662500E+02 2.539380E-01
1.665000E+02 2.506664E-01
1.667500E+02 2.473032E-01
1.670000E+02 2.439853E-01
1.672500E+02 2.407294E-01
1.675000E+02 2.377119E-01
1.677500E+02 2.345310E-01
1.680000E+02 2.307334E-01
1.682500E+02 2.275896E-01
1.685000E+02 2.242228E-01
1.687500E+02 2.206999E-01
1.690000E+02 2.175384E-01
1.692500E+02 2.143699E-01
1.695000E+02 2.110479E-01
1.697500E+02 2.077805E-01
1.700000E+02 2.045673E-01
1.702500E+02 2.009858E-01
1.705000E+02 1.983581E-01
1.707500E+02 1.948362E-01
1.710000E+02 1.914971E-01
1.712500E+02 1.881747E-01
1.715000E+02 1.852954E-01
1.717500E+02 1.821898E-01
1.720000E+02 1.784463E-01
1.722500E+02 1.755127E-01
1.725000E+02 1.721992E-01
1.727500E+02 1.693965E-01
1.730000E+02 1.661616E-01
1.732500E+02 1.629997E-01
1.735000E+02 1.604104E-01
1.737500E+02 1.568539E-01
1.740000E+02 1.535121E-01
1.742500E+02 1.509866E-01
1.745000E+02 1.477755E-01
1.747500E+02 1.446977E-01
1.750000E+02 1.414177E-01
1.752500E+02 1.385440E-01
1.755000E+02 1.355773E-01
1.757500E+02 1.323421E-01
1.760000E+02 1.294939E-01
1.762500E+02 1.261111E-01
1.765000E+02 1.231159E-01
1.767500E+02 1.204182E-01
1.770000E+02 1.177316E-01
1.772500E+02 1.154421E-01
1.775000E+02 1.123867E-01
1.777500E+02 1.105466E-01
1.780000E+02 1.080380E-01
1.782500E+02 1.054827E-01
1.785000E+02 1.032239E-01
1.787500E+02 1.010764E-01
1.790000E+02 9.889257E-02
1.792500E+02 9.675863E-02
1.795000E+02 9.505301E-02
1.797500E+02 9.302089E-02
1.800000E+02 9.119938E-02
1.802500E+02 8.931176E-02
1.805000E+02 8.744929E-02
1.807500E+02 8.548187E-02
1.810000E+02 8.398704E-02
1.812500E+02 8.218979E-02
1.815000E+02 8.052395E-02
1.817500E+02 7.874873E-02
1.820000E+02 7.722571E-02
1.822500E+02 7.536822E-02
1.825000E+02 7.396690E-02
1.827500E+02 7.247328E-02
1.830000E+02 7.087804E-02
1.832500E+02 6.940194E-02
1.835000E+02 6.803568E-02
1.837500E+02 6.652914E-02
1.840000E+02 6.517099E-02
1.842500E+02 6.371341E-02
1.845000E+02 6.239875E-02
1.847500E+02 6.111101E-02
1.850000E+02 5.965548E-02
1.852500E+02 5.854077E-02
1.855000E+02 5.720007E-02
1.857500E+02 5.616790E-02
1.860000E+02 5.485783E-02
1.862500E+02 5.375565E-02
1.865000E+02 5.244727E-02
1.867500E+02 5.131944E-02
1.870000E+02 5.017808E-02
1.872500E+02 4.878885E-02
1.875000E+02 4.789194E-02
1.877500E+02 4.695405E-02
1.880000E+02 4.563407E-02
1.882500E+02 4.458747E-02
1.885000E+02 4.353105E-02
1.887500E+02 4.252496E-02
1.890000E+02 4.186028E-02
1.892500E+02 4.084088E-02
1.895000E+02 3.983934E-02
1.897500E+02 3.889297E-02
1.900000E+02 3.797938E-02
1.902500E+02 3.707165E-02
1.905000E+02 3.605499E-02
1.907500E+02 3.532114E-02
1.910000E+02 3.442077E-02
1.912500E+02 3.355019E-02
1.915000E+02 3.265634E-02
1.917500E+02 3.191812E-02
1.920000E+02 3.107926E-02
1.922500E+02 3.037974E-02
1.925000E+02 2.969853E-02
1.927500E+02 2.876942E-02
1.930000E+02 2.810982E-02
1.932500E+02 2.746819E-02
1.935000E+02 2.663043E-02
1.937500E+02 2.608825E-02
1.940000E+02 2.530106E-02
1.942500E+02 2.454762E-02
1.945000E+02 2.384234E-02
1.947500E+02 2.323862E-02
1.950000E+02 2.269741E-02
1.952500E+02 2.204116E-02
1.955000E+02 2.139610E-02
1.957500E+02 2.077664E-02
1.960000E+02 2.023960E-02
1.962500E+02 1.968428E-02
1.965000E+02 1.897908E-02
1.967500E+02 1.855863E-02
1.970000E+02 1.792564E-02
1.972500E+02 1.744505E-02
1.975000E+02 1.694726E-02
1.977500E+02 1.633474E-02
1.980000E+02 1.582910E-02
1.982500E+02 1.533806E-02
1.985000E+02 1.496683E-02
1.987500E+02 1.438511E-02
1.990000E+02 1.397001E-02
1.992500E+02 1.347910E-02
1.995000E+02 1.299566E-02
1.997500E+02 1.259279E-02
2.000000E+02 1.214074E-02
2.002500E+02 1.178721E-02
2.005000E+02 1.133916E-02
2.007500E+02 1.094086E-02
2.010000E+02 1.048957E-02
2.012500E+02 1.017925E-02
2.015000E+02 9.795912E-03
2.017500E+02 9.440812E-03
2.020000E+02 9.027051E-03
2.022500E+02 8.760795E-03
2.025000E+02 8.390756E-03
2.027500E+02 8.045649E-03
2.030000E+02 7.750821E-03
2.032500E+02 7.424107E-03
2.035000E+02 7.102279E-03
2.037500E+02 6.792074E-03
2.040000E+02 6.537556E-03
2.042500E+02 6.278219E-03
2.045000E+02 5.875928E-03
2.047500E+02 5.644695E-03
2.050000E+02 5.433260E-03
2.052500E+02 5.141429E-03
2.055000E+02 4.901843E-03
2.057500E+02 4.626643E-03
2.060000E+02 4.443768E-03
2.062500E+02 4.186055E-03
2.065000E+02 3.986687E-03
2.067500E+02 3.802766E-03
2.070000E+02 3.619048E-03
2.072500E+02 3.366089E-03
2.075000E+02 3.145463E-03
2.077500E+02 2.989825E-03
2.080000E+02 2.802785E-03
2.082500E+02 2.631585E-03
2.085000E+02 2.451586E-03
2.087500E+02 2.295919E-03
2.090000E+02 2.113938E-03
2.092500E+02 1.984489E-03
2.095000E+02 1.857457E-03
2.097500E+02 1.704331E-03
2.100000E+02 1.587871E-03
2.102500E+02 1.472938E-03
2.105000E+02 1.334644E-03
2.107500E+02 1.228634E-03
2.110000E+02 1.100465E-03
2.112500E+02 1.022303E-03
2.115000E+02 9.093947E-04
2.117500E+02 7.991051E-04
2.120000E+02 7.284485E-04
2.122500E+02 6.603615E-04
2.125000E+02 5.563734E-04
2.127500E+02 4.956918E-04
2.130000E+02 4.168717E-04
2.132500E+02 3.552138E-04
2.135000E+02 2.962144E-04
2.137500E+02 2.447438E-04
2.140000E+02 2.038965E-04
2.142500E+02 1.591580E-04
2.145000E+02 1.276249E-04
2.147500E+02 1.001438E-04
2.150000E+02 6.624366E-05
2.152500E+02 4.774021E-05
2.155000E+02 2.699523E-05
2.157500E+02 1.547856E-05
2.160000E+02 5.096109E-06
2.162500E+02 3.081414E-07
