2.500000E-01 0.000000E+00
5.000000E-01 0.000000E+00
7.500000E-01 0.000000E+00
1.000000E+00 0.000000E+00
1.250000E+00 0.000000E+00
1.500000E+00 0.000000E+00
1.750000E+00 0.000000E+00
2.000000E+00 0.000000E+00
2.250000E+00 0.000000E+00
2.500000E+00 0.000000E+00
2.750000E+00 0.000000E+00
3.000000E+00 0.000000E+00
3.250000E+00 0.000000E+00
3.500000E+00 1.940931E-02
3.750000E+00 1.764033E+00
4.000000E+00 1.434240E+01
4.250000E+00 3.205170E+01
4.500000E+00 3.553279E+01
4.750000E+00 2.894283E+01
5.000000E+00 2.103909E+01
5.250000E+00 1.485407E+01
5.500000E+00 1.042804E+01
5.750000E+00 7.670339E+00
6.000000E+00 6.052376E+00
6.250000E+00 5.010879E+00
6.500000E+00 4.196448E+00
6.750000E+00 3.498078E+00
7.000000E+00 2.861256E+00
7.250000E+00 2.412783E+00
7.500000E+00 2.052360E+00
7.750000E+00 1.831037E+00
8.000000E+00 1.735160E+00
8.250000E+00 1.645777E+00
8.500000E+00 1.573925E+00
8.750000E+00 1.547193E+00
9.000000E+00 1.467768E+00
9.250000E+00 1.387481E+00
9.500000E+00 1.304319E+00
9.750000E+00 1.234120E+00
1.000000E+01 1.185938E+00
1.025000E+01 1.145663E+00
1.050000E+01 1.117310E+00
1.075000E+01 1.113579E+00
1.100000E+01 1.090868E+00
1.125000E+01 1.071787E+00
1.150000E+01 1.043945E+00
1.175000E+01 1.048318E+00
1.200000E+01 1.052276E+00
1.225000E+01 1.037228E+00
1.250000E+01 1.030369E+00
1.275000E+01 1.034502E+00
1.300000E+01 1.031419E+00
1.325000E+01 1.028036E+00
1.350000E+01 1.037832E+00
1.375000E+01 1.024140E+00
1.400000E+01 1.019871E+00
1.425000E+01 1.023359E+00
1.450000E+01 1.029497E+00
1.475000E+01 1.024600E+00
1.500000E+01 1.013788E+00
1.525000E+01 1.019640E+00
1.550000E+01 1.011515E+00
1.575000E+01 1.010853E+00
1.600000E+01 1.008386E+00
1.625000E+01 1.010504E+00
1.650000E+01 1.017615E+00
1.675000E+01 1.010834E+00
1.700000E+01 1.010416E+00
1.725000E+01 1.015337E+00
1.750000E+01 1.003850E+00
1.775000E+01 1.011034E+00
1.800000E+01 1.011676E+00
1.825000E+01 1.023801E+00
1.850000E+01 1.012064E+00
1.875000E+01 1.008763E+00
1.900000E+01 1.010512E+00
1.925000E+01 1.011365E+00
1.950000E+01 1.008507E+00
1.975000E+01 1.018380E+00
2.000000E+01 1.013559E+00
2.025000E+01 1.002112E+00
2.050000E+01 1.012965E+00
2.075000E+01 1.010909E+00
2.100000E+01 1.004497E+00
2.125000E+01 1.018529E+00
2.150000E+01 1.005002E+00
2.175000E+01 1.011274E+00
2.200000E+01 1.007952E+00
2.225000E+01 1.012425E+00
2.250000E+01 1.010119E+00
2.275000E+01 1.010690E+00
2.300000E+01 1.012945E+00
2.325000E+01 1.007380E+00
2.350000E+01 1.010144E+00
2.375000E+01 1.006323E+00
2.400000E+01 1.004393E+00
2.425000E+01 1.005636E+00
2.450000E+01 1.011121E+00
2.475000E+01 1.009546E+00
2.500000E+01 1.009399E+00
2.525000E+01 1.017536E+00
2.550000E+01 1.006724E+00
2.575000E+01 1.009057E+00
2.600000E+01 1.012203E+00
2.625000E+01 1.008845E+00
2.650000E+01 1.014821E+00
2.675000E+01 1.008729E+00
2.700000E+01 1.012224E+00
2.725000E+01 1.010348E+00
2.750000E+01 1.002065E+00
2.775000E+01 1.015950E+00
2.800000E+01 1.010608E+00
2.825000E+01 1.005502E+00
2.850000E+01 1.004447E+00
2.875000E+01 1.014373E+00
2.900000E+01 1.012431E+00
2.925000E+01 1.008260E+00
2.950000E+01 1.008605E+00
2.975000E+01 1.010237E+00
3.000000E+01 1.003597E+00
3.025000E+01 1.004769E+00
3.050000E+01 1.005621E+00
3.075000E+01 1.013712E+00
3.100000E+01 1.004198E+00
3.125000E+01 1.004574E+00
3.150000E+01 1.007476E+00
3.175000E+01 1.001858E+00
3.200000E+01 1.005699E+00
3.225000E+01 1.004950E+00
3.250000E+01 1.009733E+00
3.275000E+01 1.006568E+00
3.300000E+01 1.002814E+00
3.325000E+01 1.004005E+00
3.350000E+01 1.009094E+00
3.375000E+01 1.008249E+00
3.400000E+01 1.009874E+00
3.425000E+01 1.008139E+00
3.450000E+01 1.009313E+00
3.475000E+01 1.005923E+00
3.500000E+01 1.004908E+00
3.525000E+01 1.007573E+00
3.550000E+01 1.005026E+00
3.575000E+01 1.006944E+00
3.600000E+01 1.006639E+00
3.625000E+01 1.007332E+00
3.650000E+01 1.004494E+00
3.675000E+01 1.007150E+00
3.700000E+01 1.003744E+00
3.725000E+01 1.006340E+00
3.750000E+01 1.001057E+00
3.775000E+01 1.003722E+00
3.800000E+01 1.004071E+00
3.825000E+01 1.008328E+00
3.850000E+01 1.009338E+00
3.875000E+01 1.004902E+00
3.900000E+01 1.005214E+00
3.925000E+01 1.002734E+00
3.950000E+01 1.004346E+00
3.975000E+01 1.005004E+00
4.000000E+01 1.007818E+00
4.025000E+01 1.005081E+00
4.050000E+01 1.004580E+00
4.075000E+01 1.008003E+00
4.100000E+01 1.005829E+00
4.125000E+01 1.008790E+00
4.150000E+01 1.009106E+00
4.175000E+01 1.006407E+00
4.200000E+01 1.005817E+00
4.225000E+01 1.004806E+00
4.250000E+01 1.004847E+00
4.275000E+01 1.007857E+00
4.300000E+01 1.004059E+00
4.325000E+01 1.004287E+00
4.350000E+01 1.003240E+00
4.375000E+01 1.006092E+00
4.400000E+01 1.001059E+00
4.425000E+01 1.006198E+00
4.450000E+01 1.004723E+00
4.475000E+01 1.006715E+00
4.500000E+01 1.007234E+00
4.525000E+01 1.003489E+00
4.550000E+01 1.003639E+00
4.575000E+01 1.001971E+00
4.600000E+01 1.002887E+00
4.625000E+01 1.007222E+00
4.650000E+01 1.004064E+00
4.675000E+01 1.006343E+00
4.700000E+01 1.004749E+00
4.725000E+01 1.003007E+00
4.750000E+01 1.004835E+00
4.775000E+01 1.002794E+00
4.800000E+01 1.003514E+00
4.825000E+01 9.997125E-01
4.850000E+01 9.984564E-01
4.875000E+01 1.006405E+00
4.900000E+01 1.004033E+00
4.925000E+01 9.995776E-01
4.950000E+01 1.004618E+00
4.975000E+01 1.006030E+00
5.000000E+01 1.003076E+00
5.025000E+01 1.003104E+00
5.050000E+01 1.003130E+00
5.075000E+01 1.002593E+00
5.100000E+01 1.004200E+00
5.125000E+01 1.004055E+00
5.150000E+01 1.004665E+00
5.175000E+01 1.002213E+00
5.200000E+01 1.002560E+00
5.225000E+01 1.006538E+00
5.250000E+01 1.000694E+00
5.275000E+01 1.001537E+00
5.300000E+01 1.000581E+00
5.325000E+01 1.001178E+00
5.350000E+01 1.002131E+00
5.375000E+01 1.000858E+00
5.400000E+01 1.001919E+00
5.425000E+01 1.005732E+00
5.450000E+01 1.005516E+00
5.475000E+01 1.000666E+00
5.500000E+01 1.005438E+00
5.525000E+01 1.002246E+00
5.550000E+01 1.001454E+00
5.575000E+01 1.002377E+00
5.600000E+01 1.005571E+00
5.625000E+01 1.001719E+00
5.650000E+01 1.002771E+00
5.675000E+01 1.000705E+00
5.700000E+01 1.003019E+00
5.725000E+01 1.003157E+00
5.750000E+01 1.001627E+00
5.775000E+01 1.001909E+00
5.800000E+01 9.998890E-01
5.825000E+01 1.001691E+00
5.850000E+01 1.002458E+00
5.875000E+01 1.000113E+00
5.900000E+01 1.001185E+00
5.925000E+01 1.001862E+00
5.950000E+01 1.003995E+00
5.975000E+01 1.003419E+00
6.000000E+01 1.002077E+00
6.025000E+01 1.003582E+00
6.050000E+01 9.998597E-01
6.075000E+01 1.001198E+00
6.100000E+01 1.001847E+00
6.125000E+01 1.002270E+00
6.150000E+01 1.001821E+00
6.175000E+01 1.001299E+00
6.200000E+01 1.002616E+00
6.225000E+01 1.000679E+00
6.250000E+01 1.002263E+00
6.275000E+01 1.000607E+00
6.300000E+01 1.003729E+00
6.325000E+01 1.003596E+00
6.350000E+01 1.002004E+00
6.375000E+01 1.003119E+00
6.400000E+01 1.002518E+00
6.425000E+01 1.001518E+00
6.450000E+01 9.989786E-01
6.475000E+01 1.000054E+00
6.500000E+01 1.000770E+00
6.525000E+01 1.002692E+00
6.550000E+01 1.002183E+00
6.575000E+01 1.004237E+00
6.600000E+01 1.002500E+00
6.625000E+01 1.005080E+00
6.650000E+01 1.003134E+00
6.675000E+01 1.002794E+00
6.700000E+01 1.003082E+00
6.725000E+01 1.000291E+00
6.750000E+01 1.000620E+00
6.775000E+01 1.000534E+00
6.800000E+01 9.998456E-01
6.825000E+01 1.003374E+00
6.850000E+01 1.001453E+00
6.875000E+01 1.003021E+00
6.900000E+01 1.002444E+00
6.925000E+01 1.000752E+00
6.950000E+01 1.002671E+00
6.975000E+01 1.003048E+00
7.000000E+01 1.000463E+00
7.025000E+01 1.002810E+00
7.050000E+01 1.003092E+00
7.075000E+01 1.000770E+00
7.100000E+01 1.002329E+00
7.125000E+01 1.001729E+00
7.150000E+01 1.002374E+00
7.175000E+01 1.003286E+00
7.200000E+01 1.002003E+00
7.225000E+01 1.002672E+00
7.250000E+01 1.002004E+00
7.275000E+01 1.002954E+00
7.300000E+01 1.000937E+00
7.325000E+01 1.000813E+00
7.350000E+01 1.001181E+00
7.375000E+01 1.000857E+00
7.400000E+01 1.001959E+00
7.425000E+01 1.001857E+00
7.450000E+01 1.003546E+00
7.475000E+01 1.002539E+00
7.500000E+01 1.000787E+00
7.525000E+01 1.001080E+00
7.550000E+01 9.995512E-01
7.575000E+01 1.001365E+00
7.600000E+01 9.994640E-01
7.625000E+01 9.992670E-01
7.650000E+01 1.002267E+00
7.675000E+01 1.002493E+00
7.700000E+01 1.001740E+00
7.725000E+01 1.001329E+00
7.750000E+01 1.000594E+00
7.775000E+01 1.002017E+00
7.800000E+01 1.001624E+00
7.825000E+01 1.000292E+00
7.850000E+01 1.001616E+00
7.875000E+01 1.002401E+00
7.900000E+01 1.001809E+00
7.925000E+01 9.997380E-01
7.950000E+01 1.002753E+00
7.975000E+01 1.001898E+00
8.000000E+01 1.000503E+00
8.025000E+01 1.001127E+00
8.050000E+01 1.002889E+00
8.075000E+01 1.001273E+00
8.100000E+01 1.002527E+00
8.125000E+01 1.000792E+00
8.150000E+01 1.000847E+00
8.175000E+01 1.001608E+00
8.200000E+01 1.003048E+00
8.225000E+01 1.000917E+00
8.250000E+01 1.002498E+00
8.275000E+01 1.001764E+00
8.300000E+01 1.003818E+00
8.325000E+01 1.003676E+00
8.350000E+01 1.002426E+00
8.375000E+01 1.001459E+00
8.400000E+01 1.003224E+00
8.425000E+01 1.000104E+00
8.450000E+01 1.001553E+00
8.475000E+01 1.003261E+00
8.500000E+01 1.001749E+00
8.525000E+01 1.000013E+00
8.550000E+01 9.997892E-01
8.575000E+01 1.001783E+00
8.600000E+01 1.001588E+00
8.625000E+01 1.001140E+00
8.650000E+01 1.001509E+00
8.675000E+01 1.001132E+00
8.700000E+01 1.000815E+00
8.725000E+01 1.000275E+00
8.750000E+01 1.000366E+00
8.775000E+01 9.998127E-01
8.800000E+01 1.002214E+00
8.825000E+01 1.001096E+00
8.850000E+01 1.001816E+00
8.875000E+01 1.001744E+00
8.900000E+01 1.001930E+00
8.925000E+01 1.001005E+00
8.950000E+01 1.002026E+00
8.975000E+01 1.001191E+00
9.000000E+01 1.000803E+00
9.025000E+01 1.001045E+00
9.050000E+01 1.000384E+00
9.075000E+01 1.000480E+00
9.100000E+01 1.000918E+00
9.125000E+01 1.000174E+00
9.150000E+01 1.002160E+00
9.175000E+01 1.002481E+00
9.200000E+01 1.001040E+00
9.225000E+01 1.002611E+00
9.250000E+01 1.002962E+00
9.275000E+01 1.002096E+00
9.300000E+01 1.001265E+00
9.325000E+01 1.001036E+00
9.350000E+01 9.995487E-01
9.375000E+01 1.000208E+00
9.400000E+01 1.002461E+00
9.425000E+01 1.001138E+00
9.450000E+01 1.001983E+00
9.475000E+01 1.001824E+00
9.500000E+01 1.001074E+00
9.525000E+01 1.002692E+00
9.550000E+01 1.000524E+00
9.575000E+01 1.001050E+00
9.600000E+01 1.003329E+00
9.625000E+01 1.002390E+00
9.650000E+01 1.001844E+00
9.675000E+01 1.001459E+00
9.700000E+01 1.001027E+00
9.725000E+01 9.999086E-01
9.750000E+01 1.001261E+00
9.775000E+01 1.001061E+00
9.800000E+01 1.001428E+00
9.825000E+01 1.001555E+00
9.850000E+01 1.001446E+00
9.875000E+01 1.000058E+00
9.900000E+01 1.000365E+00
9.925000E+01 1.001446E+00
9.950000E+01 1.001175E+00
9.975000E+01 1.002186E+00
1.000000E+02 1.000941E+00
1.002500E+02 1.001687E+00
1.005000E+02 1.001142E+00
1.007500E+02 1.000702E+00
1.010000E+02 1.000752E+00
1.012500E+02 1.001652E+00
1.015000E+02 1.001412E+00
1.017500E+02 1.002194E+00
1.020000E+02 1.001540E+00
1.022500E+02 1.000241E+00
1.025000E+02 1.002028E+00
1.027500E+02 1.001602E+00
1.030000E+02 1.001386E+00
1.032500E+02 1.001107E+00
1.035000E+02 1.002102E+00
1.037500E+02 1.002251E+00
1.040000E+02 1.001196E+00
1.042500E+02 1.000682E+00
1.045000E+02 1.001231E+00
1.047500E+02 1.000877E+00
1.050000E+02 1.000731E+00
1.052500E+02 1.001254E+00
1.055000E+02 1.003846E+00
1.057500E+02 1.002231E+00
1.060000E+02 1.002676E+00
1.062500E+02 9.995938E-01
1.065000E+02 1.000856E+00
1.067500E+02 1.002473E+00
1.070000E+02 1.001657E+00
1.072500E+02 1.001884E+00
1.075000E+02 1.002311E+00
1.077500E+02 9.999435E-01
1.080000E+02 1.002204E+00
1.082500E+02 1.002045E+00
1.085000E+02 1.001334E+00
1.087500E+02 1.002066E+00
1.090000E+02 1.001806E+00
1.092500E+02 9.979656E-01
1.095000E+02 1.001374E+00
1.097500E+02 1.001558E+00
1.100000E+02 1.001097E+00
1.102500E+02 1.002163E+00
1.105000E+02 1.002484E+00
1.107500E+02 1.000669E+00
1.110000E+02 1.000080E+00
1.112500E+02 1.001921E+00
1.115000E+02 1.000791E+00
1.117500E+02 1.002017E+00
1.120000E+02 1.001792E+00
1.122500E+02 1.000344E+00
1.125000E+02 1.001899E+00
1.127500E+02 1.001673E+00
1.130000E+02 1.001263E+00
1.132500E+02 1.000257E+00
1.135000E+02 1.000255E+00
1.137500E+02 1.001507E+00
1.140000E+02 1.000229E+00
1.142500E+02 1.001066E+00
1.145000E+02 1.000163E+00
1.147500E+02 1.001247E+00
1.150000E+02 1.001748E+00
1.152500E+02 1.000598E+00
1.155000E+02 1.001867E+00
1.157500E+02 1.000099E+00
1.160000E+02 1.001587E+00
1.162500E+02 1.001802E+00
1.165000E+02 1.001459E+00
1.167500E+02 1.001276E+00
1.170000E+02 1.001683E+00
1.172500E+02 1.000887E+00
1.175000E+02 1.000539E+00
1.177500E+02 1.000145E+00
1.180000E+02 9.999335E-01
1.182500E+02 9.994199E-01
1.185000E+02 1.001583E+00
1.187500E+02 9.996271E-01
1.190000E+02 1.001078E+00
1.192500E+02 1.001399E+00
1.195000E+02 1.001314E+00
1.197500E+02 1.001538E+00
1.200000E+02 1.000932E+00
1.202500E+02 1.001500E+00
1.205000E+02 1.001818E+00
1.207500E+02 1.001385E+00
1.210000E+02 1.001105E+00
1.212500E+02 1.001178E+00
1.215000E+02 1.000255E+00
1.217500E+02 1.001525E+00
1.220000E+02 1.001297E+00
1.222500E+02 1.001129E+00
1.225000E+02 1.001285E+00
1.227500E+02 1.000636E+00
1.230000E+02 1.001077E+00
1.232500E+02 1.001602E+00
1.235000E+02 1.001263E+00
1.237500E+02 1.000617E+00
1.240000E+02 1.000041E+00
1.242500E+02 1.001977E+00
1.245000E+02 1.000452E+00
1.247500E+02 1.001733E+00
1.250000E+02 9.993312E-01
1.252500E+02 9.923398E-01
1.255000E+02 9.873596E-01
1.257500E+02 9.801338E-01
1.260000E+02 9.740898E-01
1.262500E+02 9.681335E-01
1.265000E+02 9.623143E-01
1.267500E+02 9.563939E-01
1.270000E+02 9.502821E-01
1.272500E+02 9.454697E-01
1.275000E+02 9.401235E-01
1.277500E+02 9.339594E-01
1.280000E+02 9.278165E-01
1.282500E+02 9.228229E-01
1.285000E+02 9.168960E-01
1.287500E+02 9.109303E-01
1.290000E+02 9.051494E-01
1.292500E+02 8.994379E-01
1.295000E+02 8.933478E-01
1.297500E+02 8.881816E-01
1.300000E+02 8.821337E-01
1.302500E+02 8.772769E-01
1.305000E+02 8.707844E-01
1.307500E+02 8.656858E-01
1.310000E+02 8.603780E-01
1.312500E+02 8.547529E-01
1.315000E+02 8.502331E-01
1.317500E+02 8.448137E-01
1.320000E+02 8.395082E-01
1.322500E+02 8.338083E-01
1.325000E+02 8.295108E-01
1.327500E+02 8.226558E-01
1.330000E+02 8.173991E-01
1.332500E+02 8.119350E-01
1.335000E+02 8.084607E-01
1.337500E+02 8.018728E-01
1.340000E+02 7.967830E-01
1.342500E+02 7.909555E-01
1.345000E+02 7.863773E-01
1.347500E+02 7.810845E-01
1.350000E+02 7.765904E-01
1.352500E+02 7.704029E-01
1.355000E+02 7.656438E-01
1.357500E+02 7.609790E-01
1.360000E+02 7.552876E-01
1.362500E+02 7.495105E-01
1.365000E+02 7.461133E-01
1.367500E+02 7.409027E-01
1.370000E+02 7.346668E-01
1.372500E+02 7.309743E-01
1.375000E+02 7.251827E-01
1.377500E+02 7.213529E-01
1.380000E+02 7.171066E-01
1.382500E+02 7.105761E-01
1.385000E+02 7.074111E-01
1.387500E+02 7.014861E-01
1.390000E+02 6.956365E-01
1.392500E+02 6.907762E-01
1.395000E+02 6.864495E-01
1.397500E+02 6.819582E-01
1.400000E+02 6.773618E-01
1.402500E+02 6.723342E-01
1.405000E+02 6.665646E-01
1.407500E+02 6.618781E-01
1.410000E+02 6.578877E-01
1.412500E+02 6.533578E-01
1.415000E+02 6.484807E-01
1.417500E+02 6.435623E-01
1.420000E+02 6.382814E-01
1.422500E+02 6.340769E-01
1.425000E+02 6.298340E-01
1.427500E+02 6.257397E-01
1.430000E+02 6.214167E-01
1.432500E+02 6.167603E-01
1.435000E+02 6.119928E-01
1.437500E+02 6.075847E-01
1.440000E+02 6.018194E-01
1.442500E+02 5.981729E-01
1.445000E+02 5.930311E-01
1.447500E+02 5.891801E-01
1.450000E+02 5.839920E-01
1.452500E+02 5.796636E-01
1.455000E+02 5.764828E-01
1.457500E+02 5.711227E-01
1.460000E+02 5.670579E-01
1.462500E+02 5.625103E-01
1.465000E+02 5.580844E-01
1.467500E+02 5.534813E-01
1.470000E+02 5.498195E-01
1.472500E+02 5.453732E-01
1.475000E+02 5.417867E-01
1.477500E+02 5.361296E-01
1.480000E+02 5.328090E-01
1.482500E+02 5.281057E-01
1.485000E+02 5.241786E-01
1.487500E+02 5.195207E-01
1.490000E+02 5.155246E-01
1.492500E+02 5.109216E-01
1.495000E+02 5.071209E-01
1.497500E+02 5.027296E-01
1.500000E+02 4.986692E-01
1.502500E+02 4.943851E-01
1.505000E+02 4.903570E-01
1.507500E+02 4.852480E-01
1.510000E+02 4.815744E-01
1.512500E+02 4.776143E-01
1.515000E+02 4.738021E-01
1.517500E+02 4.692274E-01
1.520000E+02 4.658652E-01
1.522500E+02 4.607735E-01
1.525000E+02 4.572577E-01
1.527500E+02 4.533971E-01
1.530000E+02 4.495651E-01
1.532500E+02 4.451912E-01
1.535000E+02 4.416651E-01
1.537500E+02 4.379836E-01
1.540000E+02 4.336745E-01
1.542500E+02 4.286600E-01
1.545000E+02 4.254565E-01
1.547500E+02 4.213764E-01
1.550000E+02 4.173243E-01
1.552500E+02 4.139064E-01
1.555000E+02 4.104047E-01
1.557500E+02 4.058909E-01
1.560000E+02 4.024256E-01
1.562500E+02 3.986041E-01
1.565000E+02 3.947147E-01
1.567500E+02 3.902598E-01
1.570000E+02 3.865786E-01
1.572500E+02 3.839652E-01
1.575000E+02 3.790318E-01
1.577500E+02 3.756423E-01
1.580000E+02 3.721987E-01
1.582500E+02 3.690215E-01
1.585000E+02 3.643123E-01
1.587500E+02 3.609067E-01
1.590000E+02 3.568637E-01
1.592500E+02 3.529500E-01
1.595000E+02 3.496991E-01
1.597500E+02 3.457878E-01
1.600000E+02 3.422432E-01
1.602500E+02 3.384676E-01
1.605000E+02 3.346968E-01
1.607500E+02 3.313791E-01
1.610000E+02 3.280626E-01
1.612500E+02 3.239634E-01
1.615000E+02 3.211726E-01
1.617500E+02 3.170990E-01
1.620000E+02 3.136491E-01
1.622500E+02 3.102906E-01
1.625000E+02 3.064395E-01
1.627500E+02 3.030528E-01
1.630000E+02 2.994230E-01
1.632500E+02 2.950397E-01
1.635000E+02 2.918482E-01
1.637500E+02 2.888095E-01
1.640000E+02 2.852179E-01
1.642500E+02 2.821956E-01
1.645000E+02 2.786368E-01
1.647500E+02 2.752788E-01
1.650000E+02 2.715654E-01
1.652500E+02 2.680022E-01
1.655000E+02 2.645960E-01
1.657500E+02 2.607634E-01
1.660000E+02 2.574891E-01
1.662500E+02 2.547688E-01
1.665000E+02 2.504010E-01
1.667500E+02 2.476747E-01
1.670000E+02 2.444275E-01
1.672500E+02 2.406724E-01
1.675000E+02 2.376736E-01
1.677500E+02 2.342663E-01
1.680000E+02 2.302706E-01
1.682500E+02 2.275733E-01
1.685000E+02 2.240525E-01
1.687500E+02 2.207490E-01
1.690000E+02 2.174269E-01
1.692500E+02 2.139695E-01
1.695000E+02 2.107919E-01
1.697500E+02 2.075257E-01
1.700000E+02 2.047142E-01
1.702500E+02 2.014201E-01
1.705000E+02 1.979427E-01
1.707500E+02 1.945841E-01
1.710000E+02 1.915107E-01
1.712500E+02 1.880644E-01
1.715000E+02 1.853709E-01
1.717500E+02 1.820274E-01
1.720000E+02 1.789351E-01
1.722500E+02 1.757157E-01
1.725000E+02 1.726273E-01
1.727500E+02 1.698240E-01
1.730000E+02 1.664623E-01
1.732500E+02 1.632832E-01
1.735000E+02 1.598623E-01
1.737500E+02 1.570284E-01
1.740000E+02 1.537658E-01
1.742500E+02 1.506985E-01
1.745000E+02 1.474042E-01
1.747500E+02 1.446158E-01
1.750000E+02 1.415122E-01
1.752500E+02 1.381121E-01
1.755000E+02 1.351104E-01
1.757500E+02 1.323482E-01
1.760000E+02 1.292955E-01
1.762500E+02 1.262820E-01
1.765000E+02 1.232188E-01
1.767500E+02 1.204422E-01
1.770000E+02 1.174579E-01
1.772500E+02 1.151241E-01
1.775000E+02 1.123195E-01
1.777500E+02 1.100825E-01
1.780000E+02 1.076580E-01
1.782500E+02 1.051933E-01
1.785000E+02 1.033483E-01
1.787500E+02 1.011465E-01
1.790000E+02 9.907179E-02
1.792500E+02 9.697166E-02
1.795000E+02 9.487680E-02
1.797500E+02 9.276511E-02
1.800000E+02 9.116090E-02
1.802500E+02 8.928692E-02
1.805000E+02 8.734866E-02
1.807500E+02 8.576680E-02
1.810000E+02 8.404620E-02
1.812500E+02 8.195337E-02
1.815000E+02 8.047124E-02
1.817500E+02 7.852604E-02
1.820000E+02 7.706779E-02
1.822500E+02 7.558167E-02
1.825000E+02 7.403201E-02
1.827500E+02 7.240339E-02
1.830000E+02 7.098260E-02
1.832500E+02 6.923330E-02
1.835000E+02 6.795672E-02
1.837500E+02 6.646726E-02
1.840000E+02 6.490540E-02
1.842500E+02 6.364571E-02
1.845000E+02 6.215216E-02
1.847500E+02 6.106668E-02
1.850000E+02 5.976495E-02
1.852500E+02 5.834468E-02
1.855000E+02 5.704072E-02
1.857500E+02 5.581917E-02
1.860000E+02 5.453253E-02
1.862500E+02 5.342977E-02
1.865000E+02 5.239859E-02
1.867500E+02 5.129299E-02
1.870000E+02 4.996565E-02
1.872500E+02 4.871302E-02
1.875000E+02 4.776057E-02
1.877500E+02 4.681956E-02
1.880000E+02 4.574619E-02
1.882500E+02 4.456612E-02
1.885000E+02 4.364967E-02
1.887500E+02 4.263093E-02
1.890000E+02 4.169145E-02
1.892500E+02 4.053269E-02
1.895000E+02 3.977073E-02
1.897500E+02 3.880232E-02
1.900000E+02 3.780515E-02
1.902500E+02 3.699740E-02
1.905000E+02 3.616974E-02
1.907500E+02 3.523223E-02
1.910000E+02 3.436053E-02
1.912500E+02 3.360850E-02
1.915000E+02 3.275202E-02
1.917500E+02 3.189813E-02
1.920000E+02 3.116408E-02
1.922500E+02 3.042867E-02
1.925000E+02 2.953404E-02
1.927500E+02 2.885901E-02
1.930000E+02 2.805894E-02
1.932500E+02 2.730401E-02
1.935000E+02 2.674396E-02
1.937500E+02 2.581053E-02
1.940000E+02 2.534375E-02
1.942500E+02 2.448308E-02
1.945000E+02 2.394042E-02
1.947500E+02 2.318144E-02
1.950000E+02 2.270196E-02
1.952500E+02 2.206724E-02
1.955000E+02 2.149017E-02
1.957500E+02 2.082195E-02
1.960000E+02 2.022047E-02
1.962500E+02 1.973310E-02
1.965000E+02 1.905558E-02
1.967500E+02 1.849777E-02
1.970000E+02 1.793269E-02
1.972500E+02 1.741949E-02
1.975000E+02 1.680780E-02
1.977500E+02 1.638338E-02
1.980000E+02 1.580246E-02
1.982500E+02 1.530488E-02
1.985000E+02 1.492258E-02
1.987500E+02 1.439825E-02
1.990000E+02 1.397547E-02
1.992500E+02 1.342247E-02
1.995000E+02 1.292506E-02
1.997500E+02 1.260037E-02
2.000000E+02 1.213840E-02
2.002500E+02 1.173438E-02
2.005000E+02 1.137016E-02
2.007500E+02 1.093907E-02
2.010000E+02 1.049457E-02
2.012500E+02 1.023298E-02
2.015000E+02 9.716413E-03
2.017500E+02 9.417269E-03
2.020000E+02 9.062719E-03
2.022500E+02 8.651942E-03
2.025000E+02 8.319771E-03
2.027500E+02 8.022338E-03
2.030000E+02 7.700118E-03
2.032500E+02 7.432130E-03
2.035000E+02 7.092536E-03
2.037500E+02 6.825049E-03
2.040000E+02 6.462072E-03
2.042500E+02 6.183749E-03
2.045000E+02 5.944841E-03
2.047500E+02 5.725643E-03
2.050000E+02 5.464292E-03
2.052500E+02 5.189316E-03
2.055000E+02 4.902184E-03
2.057500E+02 4.660342E-03
2.060000E+02 4.502853E-03
2.062500E+02 4.225519E-03
2.065000E+02 4.025211E-03
2.067500E+02 3.814396E-03
2.070000E+02 3.576339E-03
2.072500E+02 3.339922E-03
2.075000E+02 3.148977E-03
2.077500E+02 2.982480E-03
2.080000E+02 2.836092E-03
2.082500E+02 2.630422E-03
2.085000E+02 2.484070E-03
2.087500E+02 2.316586E-03
2.090000E+02 2.166060E-03
2.092500E+02 2.000615E-03
2.095000E+02 1.864023E-03
2.097500E+02 1.751496E-03
2.100000E+02 1.572840E-03
2.102500E+02 1.467234E-03
2.105000E+02 1.328302E-03
2.107500E+02 1.203652E-03
2.110000E+02 1.104835E-03
2.112500E+02 1.017137E-03
2.115000E+02 9.182535E-04
2.117500E+02 7.987837E-04
2.120000E+02 7.103335E-04
2.122500E+02 6.498060E-04
2.125000E+02 5.562138E-04
2.127500E+02 4.920306E-04
2.130000E+02 4.284647E-04
2.132500E+02 3.515698E-04
2.135000E+02 3.192919E-04
2.137500E+02 2.442707E-04
2.140000E+02 2.092456E-04
2.142500E+02 1.618264E-04
2.145000E+02 1.223006E-04
2.147500E+02 9.233225E-05
2.150000E+02 6.655539E-05
2.152500E+02 4.463010E-05
2.155000E+02 2.994298E-05
2.157500E+02 1.284721E-05
2.160000E+02 4.323971E-06
2.162500E+02 9.244242E-07
