2.500000E-01 0.000000E+00
5.000000E-01 0.000000E+00
7.500000E-01 0.000000E+00
1.000000E+00 0.000000E+00
1.250000E+00 0.000000E+00
1.500000E+00 0.000000E+00
1.750000E+00 0.000000E+00
2.000000E+00 0.000000E+00
2.250000E+00 0.000000E+00
2.500000E+00 0.000000E+00
2.750000E+00 0.000000E+00
3.000000E+00 0.000000E+00
3.250000E+00 0.000000E+00
3.500000E+00 1.287048E-02
3.750000E+00 1.081985E+00
4.000000E+00 8.987632E+00
4.250000E+00 1.992676E+01
4.500000E+00 2.230387E+01
4.750000E+00 1.834310E+01
5.000000E+00 1.347172E+01
5.250000E+00 9.651955E+00
5.500000E+00 7.065710E+00
5.750000E+00 5.500125E+00
6.000000E+00 4.598673E+00
6.250000E+00 4.078253E+00
6.500000E+00 3.648017E+00
6.750000E+00 3.182967E+00
7.000000E+00 2.739327E+00
7.250000E+00 2.381021E+00
7.500000E+00 2.143020E+00
7.750000E+00 2.033618E+00
8.000000E+00 2.059901E+00
8.250000E+00 2.169870E+00
8.500000E+00 2.285866E+00
8.750000E+00 2.308786E+00
9.000000E+00 2.214195E+00
9.250000E+00 2.062694E+00
9.500000E+00 1.897069E+00
9.750000E+00 1.752252E+00
1.000000E+01 1.630797E+00
1.025000E+01 1.532991E+00
1.050000E+01 1.457964E+00
1.075000E+01 1.395273E+00
1.100000E+01 1.337392E+00
1.125000E+01 1.288102E+00
1.150000E+01 1.248557E+00
1.175000E+01 1.221761E+00
1.200000E+01 1.201346E+00
1.225000E+01 1.186516E+00
1.250000E+01 1.181103E+00
1.275000E+01 1.176666E+00
1.300000E+01 1.170223E+00
1.325000E+01 1.160567E+00
1.350000E+01 1.148084E+00
1.375000E+01 1.131152E+00
1.400000E+01 1.119852E+00
1.425000E+01 1.106721E+00
1.450000E+01 1.095447E+00
1.475000E+01 1.084593E+00
1.500000E+01 1.075803E+00
1.525000E+01 1.067066E+00
1.550000E+01 1.060392E+00
1.575000E+01 1.054779E+00
1.600000E+01 1.050408E+00
1.625000E+01 1.046621E+00
1.650000E+01 1.042769E+00
1.675000E+01 1.041668E+00
1.700000E+01 1.039878E+00
1.725000E+01 1.036563E+00
1.750000E+01 1.035578E+00
1.775000E+01 1.033418E+00
1.800000E+01 1.029880E+00
1.825000E+01 1.029505E+00
1.850000E+01 1.027573E+00
1.875000E+01 1.026484E+00
1.900000E+01 1.023588E+00
1.925000E+01 1.022836E+00
1.950000E+01 1.021525E+00
1.975000E+01 1.020006E+00
2.000000E+01 1.019449E+00
2.025000E+01 1.016995E+00
2.050000E+01 1.017401E+00
2.075000E+01 1.017247E+00
2.100000E+01 1.016051E+00
2.125000E+01 1.014746E+00
2.150000E+01 1.015459E+00
2.175000E+01 1.015472E+00
2.200000E+01 1.013352E+00
2.225000E+01 1.013098E+00
2.250000E+01 1.013408E+00
2.275000E+01 1.012587E+00
2.300000E+01 1.012635E+00
2.325000E+01 1.011580E+00
2.350000E+01 1.011179E+00
2.375000E+01 1.011398E+00
2.400000E+01 1.009944E+00
2.425000E+01 1.009742E+00
2.450000E+01 1.010770E+00
2.475000E+01 1.010372E+00
2.500000E+01 1.010042E+00
2.525000E+01 1.008907E+00
2.550000E+01 1.009388E+00
2.575000E+01 1.009649E+00
2.600000E+01 1.009286E+00
2.625000E+01 1.009878E+00
2.650000E+01 1.008710E+00
2.675000E+01 1.009174E+00
2.700000E+01 1.008294E+00
2.725000E+01 1.008468E+00
2.750000E+01 1.008404E+00
2.775000E+01 1.007563E+00
2.800000E+01 1.008379E+00
2.825000E+01 1.008590E+00
2.850000E+01 1.008114E+00
2.875000E+01 1.008190E+00
2.900000E+01 1.008062E+00
2.925000E+01 1.008051E+00
2.950000E+01 1.008099E+00
2.975000E+01 1.008174E+00
3.000000E+01 1.008162E+00
3.025000E+01 1.007519E+00
3.050000E+01 1.007427E+00
3.075000E+01 1.007327E+00
3.100000E+01 1.007143E+00
3.125000E+01 1.006805E+00
3.150000E+01 1.007448E+00
3.175000E+01 1.007004E+00
3.200000E+01 1.007081E+00
3.225000E+01 1.007504E+00
3.250000E+01 1.006747E+00
3.275000E+01 1.006910E+00
3.300000E+01 1.006974E+00
3.325000E+01 1.006453E+00
3.350000E+01 1.006770E+00
3.375000E+01 1.007424E+00
3.400000E+01 1.005765E+00
3.425000E+01 1.006974E+00
3.450000E+01 1.006877E+00
3.475000E+01 1.006412E+00
3.500000E+01 1.006552E+00
3.525000E+01 1.006382E+00
3.550000E+01 1.006563E+00
3.575000E+01 1.006516E+00
3.600000E+01 1.006273E+00
3.625000E+01 1.005611E+00
3.650000E+01 1.006809E+00
3.675000E+01 1.006712E+00
3.700000E+01 1.006410E+00
3.725000E+01 1.006027E+00
3.750000E+01 1.005926E+00
3.775000E+01 1.006328E+00
3.800000E+01 1.005710E+00
3.825000E+01 1.005258E+00
3.850000E+01 1.005572E+00
3.875000E+01 1.005364E+00
3.900000E+01 1.005810E+00
3.925000E+01 1.005321E+00
3.950000E+01 1.005493E+00
3.975000E+01 1.005455E+00
4.000000E+01 1.005094E+00
4.025000E+01 1.004847E+00
4.050000E+01 1.005755E+00
4.075000E+01 1.005439E+00
4.100000E+01 1.005065E+00
4.125000E+01 1.005419E+00
4.150000E+01 1.005370E+00
4.175000E+01 1.005220E+00
4.200000E+01 1.005043E+00
4.225000E+01 1.004753E+00
4.250000E+01 1.004718E+00
4.275000E+01 1.004994E+00
4.300000E+01 1.004835E+00
4.325000E+01 1.004793E+00
4.350000E+01 1.004617E+00
4.375000E+01 1.004753E+00
4.400000E+01 1.004519E+00
4.425000E+01 1.004954E+00
4.450000E+01 1.004569E+00
4.475000E+01 1.004380E+00
4.500000E+01 1.004883E+00
4.525000E+01 1.004412E+00
4.550000E+01 1.004813E+00
4.575000E+01 1.004278E+00
4.600000E+01 1.004483E+00
4.625000E+01 1.004451E+00
4.650000E+01 1.004401E+00
4.675000E+01 1.004354E+00
4.700000E+01 1.004419E+00
4.725000E+01 1.004369E+00
4.750000E+01 1.004931E+00
4.775000E+01 1.003836E+00
4.800000E+01 1.004367E+00
4.825000E+01 1.004154E+00
4.850000E+01 1.004439E+00
4.875000E+01 1.004175E+00
4.900000E+01 1.003984E+00
4.925000E+01 1.004012E+00
4.950000E+01 1.004596E+00
4.975000E+01 1.004329E+00
5.000000E+01 1.003809E+00
5.025000E+01 1.003892E+00
5.050000E+01 1.004259E+00
5.075000E+01 1.004200E+00
5.100000E+01 1.004517E+00
5.125000E+01 1.004300E+00
5.150000E+01 1.004133E+00
5.175000E+01 1.003984E+00
5.200000E+01 1.003668E+00
5.225000E+01 1.003888E+00
5.250000E+01 1.003646E+00
5.275000E+01 1.003557E+00
5.300000E+01 1.004237E+00
5.325000E+01 1.003592E+00
5.350000E+01 1.004254E+00
5.375000E+01 1.004336E+00
5.400000E+01 1.003813E+00
5.425000E+01 1.003947E+00
5.450000E+01 1.003802E+00
5.475000E+01 1.003688E+00
5.500000E+01 1.004119E+00
5.525000E+01 1.003836E+00
5.550000E+01 1.003792E+00
5.575000E+01 1.003482E+00
5.600000E+01 1.003674E+00
5.625000E+01 1.003377E+00
5.650000E+01 1.003458E+00
5.675000E+01 1.003580E+00
5.700000E+01 1.003393E+00
5.725000E+01 1.003641E+00
5.750000E+01 1.003697E+00
5.775000E+01 1.003430E+00
5.800000E+01 1.003853E+00
5.825000E+01 1.003383E+00
5.850000E+01 1.003579E+00
5.875000E+01 1.003423E+00
5.900000E+01 1.003259E+00
5.925000E+01 1.003652E+00
5.950000E+01 1.003328E+00
5.975000E+01 1.002973E+00
6.000000E+01 1.003567E+00
6.025000E+01 1.003263E+00
6.050000E+01 1.003181E+00
6.075000E+01 1.003288E+00
6.100000E+01 1.003141E+00
6.125000E+01 1.003223E+00
6.150000E+01 1.003327E+00
6.175000E+01 1.003188E+00
6.200000E+01 1.003287E+00
6.225000E+01 1.002971E+00
6.250000E+01 1.002892E+00
6.275000E+01 1.002900E+00
6.300000E+01 1.003073E+00
6.325000E+01 1.003173E+00
6.350000E+01 1.003457E+00
6.375000E+01 1.002800E+00
6.400000E+01 1.002958E+00
6.425000E+01 1.002877E+00
6.450000E+01 1.002820E+00
6.475000E+01 1.003143E+00
6.500000E+01 1.002686E+00
6.525000E+01 1.002969E+00
6.550000E+01 1.002974E+00
6.575000E+01 1.002681E+00
6.600000E+01 1.002906E+00
6.625000E+01 1.002960E+00
6.650000E+01 1.002716E+00
6.675000E+01 1.003157E+00
6.700000E+01 1.002736E+00
6.725000E+01 1.002771E+00
6.750000E+01 1.002800E+00
6.775000E+01 1.003128E+00
6.800000E+01 1.002937E+00
6.825000E+01 1.002916E+00
6.850000E+01 1.002808E+00
6.875000E+01 1.002484E+00
6.900000E+01 1.002855E+00
6.925000E+01 1.002596E+00
6.950000E+01 1.002714E+00
6.975000E+01 1.002924E+00
7.000000E+01 1.002314E+00
7.025000E+01 1.002721E+00
7.050000E+01 1.002625E+00
7.075000E+01 1.002586E+00
7.100000E+01 1.002840E+00
7.125000E+01 1.002311E+00
7.150000E+01 1.002321E+00
7.175000E+01 1.002472E+00
7.200000E+01 1.002467E+00
7.225000E+01 1.002581E+00
7.250000E+01 1.002632E+00
7.275000E+01 1.002650E+00
7.300000E+01 1.002663E+00
7.325000E+01 1.002367E+00
7.350000E+01 1.002475E+00
7.375000E+01 1.002362E+00
7.400000E+01 1.002583E+00
7.425000E+01 1.002587E+00
7.450000E+01 1.002237E+00
7.475000E+01 1.002543E+00
7.500000E+01 1.002333E+00
7.525000E+01 1.002371E+00
7.550000E+01 1.002576E+00
7.575000E+01 1.002318E+00
7.600000E+01 1.002464E+00
7.625000E+01 1.002402E+00
7.650000E+01 1.002245E+00
7.675000E+01 1.002407E+00
7.700000E+01 1.002344E+00
7.725000E+01 1.002295E+00
7.750000E+01 1.002380E+00
7.775000E+01 1.002376E+00
7.800000E+01 1.002550E+00
7.825000E+01 1.002251E+00
7.850000E+01 1.002359E+00
7.875000E+01 1.002269E+00
7.900000E+01 1.002114E+00
7.925000E+01 1.002275E+00
7.950000E+01 1.002262E+00
7.975000E+01 1.002177E+00
8.000000E+01 1.002190E+00
8.025000E+01 1.002113E+00
8.050000E+01 1.002253E+00
8.075000E+01 1.002208E+00
8.100000E+01 1.002179E+00
8.125000E+01 1.002126E+00
8.150000E+01 1.002283E+00
8.175000E+01 1.002136E+00
8.200000E+01 1.002309E+00
8.225000E+01 1.002213E+00
8.250000E+01 1.002200E+00
8.275000E+01 1.001967E+00
8.300000E+01 1.002283E+00
8.325000E+01 1.002247E+00
8.350000E+01 1.002102E+00
8.375000E+01 1.002250E+00
8.400000E+01 1.002019E+00
8.425000E+01 1.002076E+00
8.450000E+01 1.002032E+00
8.475000E+01 1.002059E+00
8.500000E+01 1.002208E+00
8.525000E+01 1.001935E+00
8.550000E+01 1.002020E+00
8.575000E+01 1.002067E+00
8.600000E+01 1.002189E+00
8.625000E+01 1.002034E+00
8.650000E+01 1.002014E+00
8.675000E+01 1.002195E+00
8.700000E+01 1.001949E+00
8.725000E+01 1.001920E+00
8.750000E+01 1.001914E+00
8.775000E+01 1.001973E+00
8.800000E+01 1.001800E+00
8.825000E+01 1.002028E+00
8.850000E+01 1.001941E+00
8.875000E+01 1.001824E+00
8.900000E+01 1.001848E+00
8.925000E+01 1.001865E+00
8.950000E+01 1.001935E+00
8.975000E+01 1.001943E+00
9.000000E+01 1.001846E+00
9.025000E+01 1.002108E+00
9.050000E+01 1.001977E+00
9.075000E+01 1.001755E+00
9.100000E+01 1.001861E+00
9.125000E+01 1.001811E+00
9.150000E+01 1.001980E+00
9.175000E+01 1.001855E+00
9.200000E+01 1.001761E+00
9.225000E+01 1.001762E+00
9.250000E+01 1.001804E+00
9.275000E+01 1.001727E+00
9.300000E+01 1.001889E+00
9.325000E+01 1.001854E+00
9.350000E+01 1.001685E+00
9.375000E+01 1.001832E+00
9.400000E+01 1.001680E+00
9.425000E+01 1.001648E+00
9.450000E+01 1.001849E+00
9.475000E+01 1.001932E+00
9.500000E+01 1.001756E+00
9.525000E+01 1.001834E+00
9.550000E+01 1.001709E+00
9.575000E+01 1.001619E+00
9.600000E+01 1.001624E+00
9.625000E+01 1.001687E+00
9.650000E+01 1.001720E+00
9.675000E+01 1.001780E+00
9.700000E+01 1.001849E+00
9.725000E+01 1.001655E+00
9.750000E+01 1.001665E+00
9.775000E+01 1.001691E+00
9.800000E+01 1.001821E+00
9.825000E+01 1.001531E+00
9.850000E+01 1.001688E+00
9.875000E+01 1.001627E+00
9.900000E+01 1.001700E+00
9.925000E+01 1.001726E+00
9.950000E+01 1.001632E+00
9.975000E+01 1.001509E+00
1.000000E+02 1.001647E+00
1.002500E+02 1.001712E+00
1.005000E+02 1.001708E+00
1.007500E+02 1.001631E+00
1.010000E+02 1.001419E+00
1.012500E+02 1.001616E+00
1.015000E+02 1.001504E+00
1.017500E+02 1.001603E+00
1.020000E+02 1.001540E+00
1.022500E+02 1.001525E+00
1.025000E+02 1.001445E+00
1.027500E+02 1.001605E+00
1.030000E+02 1.001756E+00
1.032500E+02 1.001493E+00
1.035000E+02 1.001659E+00
1.037500E+02 1.001684E+00
1.040000E+02 1.001413E+00
1.042500E+02 1.001494E+00
1.045000E+02 1.001365E+00
1.047500E+02 1.001495E+00
1.050000E+02 1.001587E+00
1.052500E+02 1.001384E+00
1.055000E+02 1.001424E+00
1.057500E+02 1.001555E+00
1.060000E+02 1.001657E+00
1.062500E+02 1.001527E+00
1.065000E+02 1.001510E+00
1.067500E+02 1.001430E+00
1.070000E+02 1.001410E+00
1.072500E+02 1.001466E+00
1.075000E+02 1.001377E+00
1.077500E+02 1.001249E+00
1.080000E+02 1.001401E+00
1.082500E+02 1.001313E+00
1.085000E+02 1.001455E+00
1.087500E+02 1.001483E+00
1.090000E+02 1.001414E+00
1.092500E+02 1.001473E+00
1.095000E+02 1.001488E+00
1.097500E+02 1.001419E+00
1.100000E+02 1.001453E+00
1.102500E+02 1.001357E+00
1.105000E+02 1.001400E+00
1.107500E+02 1.001414E+00
1.110000E+02 1.001304E+00
1.112500E+02 1.001375E+00
1.115000E+02 1.001355E+00
1.117500E+02 1.001425E+00
1.120000E+02 1.001411E+00
1.122500E+02 1.001367E+00
1.125000E+02 1.001282E+00
1.127500E+02 1.001257E+00
1.130000E+02 1.001264E+00
1.132500E+02 1.001322E+00
1.135000E+02 1.001265E+00
1.137500E+02 1.001374E+00
1.140000E+02 1.001276E+00
1.142500E+02 1.001125E+00
1.145000E+02 1.001116E+00
1.147500E+02 1.001268E+00
1.150000E+02 1.001251E+00
1.152500E+02 1.001267E+00
1.155000E+02 1.001282E+00
1.157500E+02 1.001203E+00
1.160000E+02 1.001244E+00
1.162500E+02 1.001056E+00
1.165000E+02 1.001378E+00
1.167500E+02 1.001159E+00
1.170000E+02 1.001278E+00
1.172500E+02 1.001227E+00
1.175000E+02 1.001405E+00
1.177500E+02 1.001063E+00
1.180000E+02 1.001331E+00
1.182500E+02 1.001277E+00
1.185000E+02 1.001255E+00
1.187500E+02 1.001302E+00
1.190000E+02 1.001167E+00
1.192500E+02 1.001240E+00
1.195000E+02 1.001215E+00
1.197500E+02 1.001086E+00
1.200000E+02 1.001217E+00
1.202500E+02 1.001294E+00
1.205000E+02 1.001186E+00
1.207500E+02 1.001174E+00
1.210000E+02 1.001143E+00
1.212500E+02 1.001280E+00
1.215000E+02 1.001221E+00
1.217500E+02 1.001083E+00
1.220000E+02 1.001298E+00
1.222500E+02 1.001140E+00
1.225000E+02 1.001260E+00
1.227500E+02 1.001125E+00
1.230000E+02 1.001226E+00
1.232500E+02 1.001204E+00
1.235000E+02 1.001168E+00
1.237500E+02 1.001228E+00
1.240000E+02 1.001258E+00
1.242500E+02 1.001189E+00
1.245000E+02 1.001106E+00
1.247500E+02 1.001099E+00
1.250000E+02 9.981185E-01
1.252500E+02 9.922554E-01
1.255000E+02 9.861996E-01
1.257500E+02 9.801078E-01
1.260000E+02 9.744853E-01
1.262500E+02 9.683881E-01
1.265000E+02 9.624374E-01
1.267500E+02 9.566324E-01
1.270000E+02 9.510486E-01
1.272500E+02 9.451452E-01
1.275000E+02 9.394682E-01
1.277500E+02 9.334942E-01
1.280000E+02 9.278968E-01
1.282500E+02 9.221084E-01
1.285000E+02 9.163979E-01
1.287500E+02 9.107901E-01
1.290000E+02 9.051782E-01
1.292500E+02 8.995382E-01
1.295000E+02 8.941061E-01
1.297500E+02 8.883840E-01
1.300000E+02 8.828888E-01
1.302500E+02 8.772739E-01
1.305000E+02 8.717808E-01
1.307500E+02 8.661626E-01
1.310000E+02 8.607683E-01
1.312500E+02 8.551170E-01
1.315000E+02 8.498865E-01
1.317500E+02 8.444931E-01
1.320000E+02 8.389342E-01
1.322500E+02 8.336881E-01
1.325000E+02 8.283561E-01
1.327500E+02 8.230613E-01
1.330000E+02 8.177475E-01
1.332500E+02 8.124551E-01
1.335000E+02 8.069978E-01
1.337500E+02 8.020118E-01
1.340000E+02 7.966442E-01
1.342500E+02 7.914603E-01
1.345000E+02 7.862217E-01
1.347500E+02 7.811864E-01
1.350000E+02 7.759498E-01
1.352500E+02 7.708713E-01
1.355000E+02 7.657379E-01
1.357500E+02 7.607067E-01
1.360000E+02 7.556241E-01
1.362500E+02 7.506164E-01
1.365000E+02 7.453865E-01
1.367500E+02 7.404242E-01
1.370000E+02 7.354041E-01
1.372500E+02 7.304503E-01
1.375000E+02 7.253911E-01
1.377500E+02 7.204797E-01
1.380000E+02 7.156021E-01
1.382500E+02 7.106101E-01
1.385000E+02 7.059228E-01
1.387500E+02 7.008457E-01
1.390000E+02 6.961309E-01
1.392500E+02 6.912146E-01
1.395000E+02 6.864051E-01
1.397500E+02 6.816360E-01
1.400000E+02 6.768167E-01
1.402500E+02 6.721181E-01
1.405000E+02 6.672126E-01
1.407500E+02 6.624762E-01
1.410000E+02 6.578436E-01
1.412500E+02 6.531323E-01
1.415000E+02 6.484437E-01
1.417500E+02 6.437871E-01
1.420000E+02 6.390397E-01
1.422500E+02 6.345223E-01
1.425000E+02 6.297519E-01
1.427500E+02 6.252699E-01
1.430000E+02 6.206655E-01
1.432500E+02 6.160612E-01
1.435000E+02 6.115983E-01
1.437500E+02 6.069455E-01
1.440000E+02 6.024781E-01
1.442500E+02 5.978671E-01
1.445000E+02 5.933901E-01
1.447500E+02 5.889154E-01
1.450000E+02 5.843709E-01
1.452500E+02 5.800300E-01
1.455000E+02 5.755210E-01
1.457500E+02 5.711213E-01
1.460000E+02 5.668510E-01
1.462500E+02 5.624938E-01
1.465000E+02 5.580569E-01
1.467500E+02 5.538113E-01
1.470000E+02 5.493220E-01
1.472500E+02 5.449412E-01
1.475000E+02 5.406691E-01
1.477500E+02 5.363809E-01
1.480000E+02 5.320656E-01
1.482500E+02 5.278340E-01
1.485000E+02 5.235888E-01
1.487500E+02 5.193035E-01
1.490000E+02 5.151225E-01
1.492500E+02 5.107706E-01
1.495000E+02 5.067002E-01
1.497500E+02 5.025593E-01
1.500000E+02 4.983312E-01
1.502500E+02 4.943246E-01
1.505000E+02 4.900058E-01
1.507500E+02 4.858432E-01
1.510000E+02 4.817097E-01
1.512500E+02 4.775922E-01
1.515000E+02 4.735973E-01
1.517500E+02 4.695339E-01
1.520000E+02 4.653989E-01
1.522500E+02 4.613467E-01
1.525000E+02 4.573267E-01
1.527500E+02 4.533394E-01
1.530000E+02 4.493637E-01
1.532500E+02 4.453104E-01
1.535000E+02 4.413633E-01
1.537500E+02 4.374173E-01
1.540000E+02 4.334583E-01
1.542500E+02 4.294997E-01
1.545000E+02 4.255935E-01
1.547500E+02 4.216318E-01
1.550000E+02 4.177054E-01
1.552500E+02 4.138379E-01
1.555000E+02 4.099169E-01
1.557500E+02 4.060963E-01
1.560000E+02 4.022398E-01
1.562500E+02 3.983891E-01
1.565000E+02 3.945003E-01
1.567500E+02 3.907637E-01
1.570000E+02 3.869398E-01
1.572500E+02 3.831544E-01
1.575000E+02 3.793321E-01
1.577500E+02 3.756519E-01
1.580000E+02 3.718013E-01
1.582500E+02 3.681224E-01
1.585000E+02 3.643405E-01
1.587500E+02 3.606173E-01
1.590000E+02 3.569163E-01
1.592500E+02 3.532440E-01
1.595000E+02 3.494770E-01
1.597500E+02 3.458041E-01
1.600000E+02 3.421390E-01
1.602500E+02 3.385684E-01
1.605000E+02 3.348857E-01
1.607500E+02 3.312858E-01
1.610000E+02 3.276312E-01
1.612500E+02 3.240200E-01
1.615000E+02 3.204226E-01
1.617500E+02 3.168168E-01
1.620000E+02 3.132415E-01
1.622500E+02 3.097157E-01
1.625000E+02 3.061687E-01
1.627500E+02 3.025748E-01
1.630000E+02 2.990574E-01
1.632500E+02 2.955787E-01
1.635000E+02 2.919550E-01
1.637500E+02 2.884969E-01
1.640000E+02 2.849741E-01
1.642500E+02 2.815178E-01
1.645000E+02 2.781024E-01
1.647500E+02 2.746501E-01
1.650000E+02 2.712152E-01
1.652500E+02 2.677656E-01
1.655000E+02 2.643686E-01
1.657500E+02 2.608929E-01
1.660000E+02 2.574807E-01
1.662500E+02 2.541466E-01
1.665000E+02 2.507708E-01
1.667500E+02 2.473177E-01
1.670000E+02 2.440369E-01
1.672500E+02 2.406912E-01
1.675000E+02 2.373282E-01
1.677500E+02 2.340043E-01
1.680000E+02 2.306942E-01
1.682500E+02 2.272947E-01
1.685000E+02 2.240373E-01
1.687500E+02 2.207588E-01
1.690000E+02 2.174351E-01
1.692500E+02 2.141418E-01
1.695000E+02 2.109006E-01
1.697500E+02 2.076116E-01
1.700000E+02 2.044311E-01
1.702500E+02 2.011524E-01
1.705000E+02 1.978980E-01
1.707500E+02 1.946728E-01
1.710000E+02 1.915268E-01
1.712500E+02 1.883328E-01
1.715000E+02 1.851414E-01
1.717500E+02 1.820048E-01
1.720000E+02 1.787452E-01
1.722500E+02 1.756224E-01
1.725000E+02 1.724223E-01
1.727500E+02 1.693133E-01
1.730000E+02 1.661579E-01
1.732500E+02 1.630324E-01
1.735000E+02 1.599396E-01
1.737500E+02 1.568407E-01
1.740000E+02 1.537136E-01
1.742500E+02 1.506450E-01
1.745000E+02 1.475545E-01
1.747500E+02 1.445131E-01
1.750000E+02 1.414173E-01
1.752500E+02 1.383468E-01
1.755000E+02 1.353017E-01
1.757500E+02 1.322584E-01
1.760000E+02 1.292553E-01
1.762500E+02 1.262669E-01
1.765000E+02 1.232182E-01
1.767500E+02 1.202942E-01
1.770000E+02 1.175278E-01
1.772500E+02 1.149630E-01
1.775000E+02 1.124619E-01
1.777500E+02 1.100482E-01
1.780000E+02 1.076959E-01
1.782500E+02 1.054581E-01
1.785000E+02 1.032104E-01
1.787500E+02 1.010321E-01
1.790000E+02 9.892535E-02
1.792500E+02 9.691250E-02
1.795000E+02 9.489046E-02
1.797500E+02 9.293331E-02
1.800000E+02 9.100446E-02
1.802500E+02 8.914200E-02
1.805000E+02 8.727968E-02
1.807500E+02 8.548038E-02
1.810000E+02 8.375111E-02
1.812500E+02 8.202862E-02
1.815000E+02 8.031773E-02
1.817500E+02 7.867135E-02
1.820000E+02 7.701375E-02
1.822500E+02 7.539326E-02
1.825000E+02 7.382363E-02
1.827500E+02 7.230413E-02
1.830000E+02 7.080075E-02
1.832500E+02 6.932552E-02
1.835000E+02 6.785155E-02
1.837500E+02 6.641581E-02
1.840000E+02 6.503327E-02
1.842500E+02 6.365719E-02
1.845000E+02 6.229153E-02
1.847500E+02 6.095672E-02
1.850000E+02 5.967644E-02
1.852500E+02 5.838911E-02
1.855000E+02 5.709569E-02
1.857500E+02 5.589308E-02
1.860000E+02 5.465624E-02
1.862500E+02 5.349437E-02
1.865000E+02 5.229168E-02
1.867500E+02 5.113138E-02
1.870000E+02 5.001163E-02
1.872500E+02 4.890391E-02
1.875000E+02 4.779057E-02
1.877500E+02 4.673615E-02
1.880000E+02 4.568305E-02
1.882500E+02 4.464698E-02
1.885000E+02 4.363496E-02
1.887500E+02 4.263203E-02
1.890000E+02 4.163746E-02
1.892500E+02 4.068051E-02
1.895000E+02 3.971276E-02
1.897500E+02 3.879741E-02
1.900000E+02 3.789191E-02
1.902500E+02 3.699549E-02
1.905000E+02 3.609082E-02
1.907500E+02 3.522924E-02
1.910000E+02 3.437212E-02
1.912500E+02 3.352171E-02
1.915000E+02 3.268966E-02
1.917500E+02 3.189003E-02
1.920000E+02 3.107066E-02
1.922500E+02 3.031257E-02
1.925000E+02 2.954148E-02
1.927500E+02 2.879438E-02
1.930000E+02 2.805628E-02
1.932500E+02 2.732339E-02
1.935000E+02 2.660699E-02
1.937500E+02 2.591057E-02
1.940000E+02 2.522897E-02
1.942500E+02 2.454961E-02
1.945000E+02 2.388721E-02
1.947500E+02 2.325039E-02
1.950000E+02 2.260757E-02
1.952500E+02 2.197265E-02
1.955000E+02 2.135307E-02
1.957500E+02 2.075287E-02
1.960000E+02 2.017261E-02
1.962500E+02 1.958632E-02
1.965000E+02 1.901258E-02
1.967500E+02 1.846479E-02
1.970000E+02 1.791762E-02
1.972500E+02 1.738269E-02
1.975000E+02 1.685793E-02
1.977500E+02 1.633813E-02
1.980000E+02 1.582634E-02
1.982500E+02 1.534552E-02
1.985000E+02 1.485408E-02
1.987500E+02 1.437770E-02
1.990000E+02 1.391826E-02
1.992500E+02 1.346551E-02
1.995000E+02 1.301515E-02
1.997500E+02 1.257959E-02
2.000000E+02 1.216240E-02
2.002500E+02 1.174419E-02
2.005000E+02 1.133486E-02
2.007500E+02 1.092422E-02
2.010000E+02 1.053578E-02
2.012500E+02 1.015365E-02
2.015000E+02 9.780796E-03
2.017500E+02 9.420842E-03
2.020000E+02 9.055363E-03
2.022500E+02 8.714587E-03
2.025000E+02 8.378223E-03
2.027500E+02 8.046695E-03
2.030000E+02 7.716416E-03
2.032500E+02 7.406923E-03
2.035000E+02 7.093612E-03
2.037500E+02 6.800658E-03
2.040000E+02 6.497315E-03
2.042500E+02 6.218451E-03
2.045000E+02 5.938986E-03
2.047500E+02 5.663550E-03
2.050000E+02 5.407712E-03
2.052500E+02 5.153490E-03
2.055000E+02 4.902100E-03
2.057500E+02 4.663667E-03
2.060000E+02 4.424321E-03
2.062500E+02 4.199450E-03
2.065000E+02 3.985651E-03
2.067500E+02 3.770693E-03
2.070000E+02 3.562868E-03
2.072500E+02 3.356254E-03
2.075000E+02 3.169232E-03
2.077500E+02 2.983217E-03
2.080000E+02 2.801000E-03
2.082500E+02 2.625126E-03
2.085000E+02 2.457804E-03
2.087500E+02 2.293494E-03
2.090000E+02 2.140827E-03
2.092500E+02 1.992432E-03
2.095000E+02 1.847691E-03
2.097500E+02 1.706285E-03
2.100000E+02 1.573249E-03
2.102500E+02 1.448634E-03
2.105000E+02 1.328702E-03
2.107500E+02 1.213565E-03
2.110000E+02 1.103486E-03
2.112500E+02 9.984333E-04
2.115000E+02 9.016794E-04
2.117500E+02 8.088906E-04
2.120000E+02 7.214034E-04
2.122500E+02 6.382874E-04
2.125000E+02 5.608300E-04
2.127500E+02 4.915858E-04
2.130000E+02 4.225609E-04
2.132500E+02 3.625379E-04
2.135000E+02 3.062758E-04
2.137500E+02 2.537979E-04
2.140000E+02 2.059893E-04
2.142500E+02 1.652552E-04
2.145000E+02 1.284548E-04
2.147500E+02 9.610718E-05
2.150000E+02 6.930064E-05
2.152500E+02 4.645077E-05
2.155000E+02 2.763923E-05
2.157500E+02 1.437467E-05
2.160000E+02 5.353326E-06
2.162500E+02 8.128064E-07
