2.500000E-01 0.000000E+00
5.000000E-01 0.000000E+00
7.500000E-01 0.000000E+00
1.000000E+00 0.000000E+00
1.250000E+00 0.000000E+00
1.500000E+00 0.000000E+00
1.750000E+00 0.000000E+00
2.000000E+00 0.000000E+00
2.250000E+00 0.000000E+00
2.500000E+00 0.000000E+00
2.750000E+00 0.000000E+00
3.000000E+00 0.000000E+00
3.250000E+00 0.000000E+00
3.500000E+00 2.890808E-02
3.750000E+00 2.354191E+00
4.000000E+00 1.771993E+01
4.250000E+00 3.554628E+01
4.500000E+00 3.627850E+01
4.750000E+00 2.746269E+01
5.000000E+00 1.881084E+01
5.250000E+00 1.276323E+01
5.500000E+00 9.047980E+00
5.750000E+00 6.998442E+00
6.000000E+00 5.908982E+00
6.250000E+00 5.341699E+00
6.500000E+00 4.837410E+00
6.750000E+00 4.252258E+00
7.000000E+00 3.655330E+00
7.250000E+00 3.194307E+00
7.500000E+00 2.936095E+00
7.750000E+00 2.932109E+00
8.000000E+00 3.229686E+00
8.250000E+00 3.727563E+00
8.500000E+00 4.076285E+00
8.750000E+00 4.078825E+00
9.000000E+00 3.780349E+00
9.250000E+00 3.350435E+00
9.500000E+00 2.943538E+00
9.750000E+00 2.601334E+00
1.000000E+01 2.343400E+00
1.025000E+01 2.148907E+00
1.050000E+01 1.996345E+00
1.075000E+01 1.869573E+00
1.100000E+01 1.763394E+00
1.125000E+01 1.667980E+00
1.150000E+01 1.596697E+00
1.175000E+01 1.552214E+00
1.200000E+01 1.538740E+00
1.225000E+01 1.541567E+00
1.250000E+01 1.551237E+00
1.275000E+01 1.551609E+00
1.300000E+01 1.533936E+00
1.325000E+01 1.499910E+00
1.350000E+01 1.452341E+00
1.375000E+01 1.403808E+00
1.400000E+01 1.359553E+00
1.425000E+01 1.317918E+00
1.450000E+01 1.282856E+00
1.475000E+01 1.250672E+00
1.500000E+01 1.226390E+00
1.525000E+01 1.203202E+00
1.550000E+01 1.184704E+00
1.575000E+01 1.170556E+00
1.600000E+01 1.160151E+00
1.625000E+01 1.151975E+00
1.650000E+01 1.147591E+00
1.675000E+01 1.140576E+00
1.700000E+01 1.136163E+00
1.725000E+01 1.129997E+00
1.750000E+01 1.120300E+00
1.775000E+01 1.110345E+00
1.800000E+01 1.102218E+00
1.825000E+01 1.093258E+00
1.850000E+01 1.085854E+00
1.875000E+01 1.078730E+00
1.900000E+01 1.072547E+00
1.925000E+01 1.067008E+00
1.950000E+01 1.061345E+00
1.975000E+01 1.056390E+00
2.000000E+01 1.053472E+00
2.025000E+01 1.050256E+00
2.050000E+01 1.047456E+00
2.075000E+01 1.045494E+00
2.100000E+01 1.043293E+00
2.125000E+01 1.040971E+00
2.150000E+01 1.039171E+00
2.175000E+01 1.037097E+00
2.200000E+01 1.034944E+00
2.225000E+01 1.033717E+00
2.250000E+01 1.030715E+00
2.275000E+01 1.028509E+00
2.300000E+01 1.027400E+00
2.325000E+01 1.025282E+00
2.350000E+01 1.023698E+00
2.375000E+01 1.022317E+00
2.400000E+01 1.021252E+00
2.425000E+01 1.020524E+00
2.450000E+01 1.019396E+00
2.475000E+01 1.018386E+00
2.500000E+01 1.017915E+00
2.525000E+01 1.017571E+00
2.550000E+01 1.016361E+00
2.575000E+01 1.015950E+00
2.600000E+01 1.014615E+00
2.625000E+01 1.014570E+00
2.650000E+01 1.014485E+00
2.675000E+01 1.013844E+00
2.700000E+01 1.013003E+00
2.725000E+01 1.012494E+00
2.750000E+01 1.012153E+00
2.775000E+01 1.012019E+00
2.800000E+01 1.011639E+00
2.825000E+01 1.010564E+00
2.850000E+01 1.010396E+00
2.875000E+01 1.010078E+00
2.900000E+01 1.009307E+00
2.925000E+01 1.009473E+00
2.950000E+01 1.008701E+00
2.975000E+01 1.009433E+00
3.000000E+01 1.008142E+00
3.025000E+01 1.008534E+00
3.050000E+01 1.007861E+00
3.075000E+01 1.008443E+00
3.100000E+01 1.007846E+00
3.125000E+01 1.008209E+00
3.150000E+01 1.006640E+00
3.175000E+01 1.007151E+00
3.200000E+01 1.007282E+00
3.225000E+01 1.006562E+00
3.250000E+01 1.006670E+00
3.275000E+01 1.006675E+00
3.300000E+01 1.006839E+00
3.325000E+01 1.006279E+00
3.350000E+01 1.006075E+00
3.375000E+01 1.006517E+00
3.400000E+01 1.006211E+00
3.425000E+01 1.006047E+00
3.450000E+01 1.006633E+00
3.475000E+01 1.006126E+00
3.500000E+01 1.005805E+00
3.525000E+01 1.005645E+00
3.550000E+01 1.005500E+00
3.575000E+01 1.005244E+00
3.600000E+01 1.005323E+00
3.625000E+01 1.005523E+00
3.650000E+01 1.005188E+00
3.675000E+01 1.004613E+00
3.700000E+01 1.005363E+00
3.725000E+01 1.005179E+00
3.750000E+01 1.005087E+00
3.775000E+01 1.004940E+00
3.800000E+01 1.005367E+00
3.825000E+01 1.004370E+00
3.850000E+01 1.004850E+00
3.875000E+01 1.004886E+00
3.900000E+01 1.004551E+00
3.925000E+01 1.004729E+00
3.950000E+01 1.004594E+00
3.975000E+01 1.004439E+00
4.000000E+01 1.004299E+00
4.025000E+01 1.004292E+00
4.050000E+01 1.004516E+00
4.075000E+01 1.004252E+00
4.100000E+01 1.004053E+00
4.125000E+01 1.004477E+00
4.150000E+01 1.004090E+00
4.175000E+01 1.003836E+00
4.200000E+01 1.004111E+00
4.225000E+01 1.004450E+00
4.250000E+01 1.004729E+00
4.275000E+01 1.004120E+00
4.300000E+01 1.004127E+00
4.325000E+01 1.003892E+00
4.350000E+01 1.004033E+00
4.375000E+01 1.004423E+00
4.400000E+01 1.004145E+00
4.425000E+01 1.003934E+00
4.450000E+01 1.003953E+00
4.475000E+01 1.003624E+00
4.500000E+01 1.003714E+00
4.525000E+01 1.004130E+00
4.550000E+01 1.003646E+00
4.575000E+01 1.004100E+00
4.600000E+01 1.003536E+00
4.625000E+01 1.004108E+00
4.650000E+01 1.003483E+00
4.675000E+01 1.003745E+00
4.700000E+01 1.003615E+00
4.725000E+01 1.003733E+00
4.750000E+01 1.003383E+00
4.775000E+01 1.003662E+00
4.800000E+01 1.003432E+00
4.825000E+01 1.003429E+00
4.850000E+01 1.003084E+00
4.875000E+01 1.003159E+00
4.900000E+01 1.003134E+00
4.925000E+01 1.003302E+00
4.950000E+01 1.003443E+00
4.975000E+01 1.003159E+00
5.000000E+01 1.003030E+00
5.025000E+01 1.003480E+00
5.050000E+01 1.003160E+00
5.075000E+01 1.003118E+00
5.100000E+01 1.002849E+00
5.125000E+01 1.002821E+00
5.150000E+01 1.003293E+00
5.175000E+01 1.002955E+00
5.200000E+01 1.002734E+00
5.225000E+01 1.002482E+00
5.250000E+01 1.002867E+00
5.275000E+01 1.002952E+00
5.300000E+01 1.002738E+00
5.325000E+01 1.003007E+00
5.350000E+01 1.002702E+00
5.375000E+01 1.002823E+00
5.400000E+01 1.002765E+00
5.425000E+01 1.002870E+00
5.450000E+01 1.003081E+00
5.475000E+01 1.003003E+00
5.500000E+01 1.002993E+00
5.525000E+01 1.002367E+00
5.550000E+01 1.002468E+00
5.575000E+01 1.002666E+00
5.600000E+01 1.002631E+00
5.625000E+01 1.002694E+00
5.650000E+01 1.002527E+00
5.675000E+01 1.002804E+00
5.700000E+01 1.002860E+00
5.725000E+01 1.002869E+00
5.750000E+01 1.002050E+00
5.775000E+01 1.002625E+00
5.800000E+01 1.002415E+00
5.825000E+01 1.002205E+00
5.850000E+01 1.002381E+00
5.875000E+01 1.002594E+00
5.900000E+01 1.002909E+00
5.925000E+01 1.002546E+00
5.950000E+01 1.002709E+00
5.975000E+01 1.002398E+00
6.000000E+01 1.002455E+00
6.025000E+01 1.002274E+00
6.050000E+01 1.002616E+00
6.075000E+01 1.002469E+00
6.100000E+01 1.002533E+00
6.125000E+01 1.002367E+00
6.150000E+01 1.002128E+00
6.175000E+01 1.002592E+00
6.200000E+01 1.002474E+00
6.225000E+01 1.002212E+00
6.250000E+01 1.002414E+00
6.275000E+01 1.002225E+00
6.300000E+01 1.002003E+00
6.325000E+01 1.002490E+00
6.350000E+01 1.002230E+00
6.375000E+01 1.002389E+00
6.400000E+01 1.002147E+00
6.425000E+01 1.002194E+00
6.450000E+01 1.001951E+00
6.475000E+01 1.002160E+00
6.500000E+01 1.001890E+00
6.525000E+01 1.002131E+00
6.550000E+01 1.001964E+00
6.575000E+01 1.002410E+00
6.600000E+01 1.002156E+00
6.625000E+01 1.002109E+00
6.650000E+01 1.001817E+00
6.675000E+01 1.001816E+00
6.700000E+01 1.002029E+00
6.725000E+01 1.002013E+00
6.750000E+01 1.001797E+00
6.775000E+01 1.001893E+00
6.800000E+01 1.001910E+00
6.825000E+01 1.002024E+00
6.850000E+01 1.001999E+00
6.875000E+01 1.002004E+00
6.900000E+01 1.001936E+00
6.925000E+01 1.001906E+00
6.950000E+01 1.001945E+00
6.975000E+01 1.001673E+00
7.000000E+01 1.001686E+00
7.025000E+01 1.001772E+00
7.050000E+01 1.001596E+00
7.075000E+01 1.001722E+00
7.100000E+01 1.002059E+00
7.125000E+01 1.001759E+00
7.150000E+01 1.001676E+00
7.175000E+01 1.001472E+00
7.200000E+01 1.001464E+00
7.225000E+01 1.001709E+00
7.250000E+01 1.001806E+00
7.275000E+01 1.001633E+00
7.300000E+01 1.001408E+00
7.325000E+01 1.001611E+00
7.350000E+01 1.001721E+00
7.375000E+01 1.001706E+00
7.400000E+01 1.001493E+00
7.425000E+01 1.001466E+00
7.450000E+01 1.001524E+00
7.475000E+01 1.001582E+00
7.500000E+01 1.001516E+00
7.525000E+01 1.001530E+00
7.550000E+01 1.001464E+00
7.575000E+01 1.001445E+00
7.600000E+01 1.001348E+00
7.625000E+01 1.001537E+00
7.650000E+01 1.001374E+00
7.675000E+01 1.001547E+00
7.700000E+01 1.001669E+00
7.725000E+01 1.001695E+00
7.750000E+01 1.001178E+00
7.775000E+01 1.001478E+00
7.800000E+01 1.001357E+00
7.825000E+01 1.001367E+00
7.850000E+01 1.001283E+00
7.875000E+01 1.001211E+00
7.900000E+01 1.000998E+00
7.925000E+01 1.001415E+00
7.950000E+01 1.001290E+00
7.975000E+01 1.001358E+00
8.000000E+01 1.001299E+00
8.025000E+01 1.001187E+00
8.050000E+01 1.001192E+00
8.075000E+01 1.001458E+00
8.100000E+01 1.001271E+00
8.125000E+01 1.001030E+00
8.150000E+01 1.001195E+00
8.175000E+01 1.001107E+00
8.200000E+01 1.001216E+00
8.225000E+01 1.001268E+00
8.250000E+01 1.001084E+00
8.275000E+01 1.001178E+00
8.300000E+01 1.001106E+00
8.325000E+01 1.001224E+00
8.350000E+01 1.001173E+00
8.375000E+01 1.001056E+00
8.400000E+01 1.001017E+00
8.425000E+01 1.001118E+00
8.450000E+01 1.000932E+00
8.475000E+01 1.001176E+00
8.500000E+01 1.001203E+00
8.525000E+01 1.000998E+00
8.550000E+01 1.000911E+00
8.575000E+01 1.000985E+00
8.600000E+01 1.001187E+00
8.625000E+01 1.000755E+00
8.650000E+01 1.000891E+00
8.675000E+01 1.001084E+00
8.700000E+01 1.000965E+00
8.725000E+01 1.001079E+00
8.750000E+01 1.000940E+00
8.775000E+01 1.001020E+00
8.800000E+01 1.001005E+00
8.825000E+01 1.001104E+00
8.850000E+01 1.000954E+00
8.875000E+01 1.001022E+00
8.900000E+01 1.000906E+00
8.925000E+01 1.000884E+00
8.950000E+01 1.000874E+00
8.975000E+01 1.001062E+00
9.000000E+01 1.000911E+00
9.025000E+01 1.000931E+00
9.050000E+01 1.001048E+00
9.075000E+01 1.000764E+00
9.100000E+01 1.001059E+00
9.125000E+01 1.001033E+00
9.150000E+01 1.000884E+00
9.175000E+01 1.000726E+00
9.200000E+01 1.000977E+00
9.225000E+01 1.000921E+00
9.250000E+01 1.000594E+00
9.275000E+01 1.000878E+00
9.300000E+01 1.000897E+00
9.325000E+01 1.000863E+00
9.350000E+01 1.000842E+00
9.375000E+01 1.000849E+00
9.400000E+01 1.000925E+00
9.425000E+01 1.000897E+00
9.450000E+01 1.000781E+00
9.475000E+01 1.000732E+00
9.500000E+01 1.000790E+00
9.525000E+01 1.000927E+00
9.550000E+01 1.000790E+00
9.575000E+01 1.000757E+00
9.600000E+01 1.000618E+00
9.625000E+01 1.000871E+00
9.650000E+01 1.000759E+00
9.675000E+01 1.000750E+00
9.700000E+01 1.000787E+00
9.725000E+01 1.000546E+00
9.750000E+01 1.000798E+00
9.775000E+01 1.000599E+00
9.800000E+01 1.000709E+00
9.825000E+01 1.000665E+00
9.850000E+01 1.000695E+00
9.875000E+01 1.000700E+00
9.900000E+01 1.000806E+00
9.925000E+01 1.000610E+00
9.950000E+01 1.000528E+00
9.975000E+01 1.000578E+00
1.000000E+02 1.000700E+00
1.002500E+02 1.000623E+00
1.005000E+02 1.000897E+00
1.007500E+02 1.000724E+00
1.010000E+02 1.000660E+00
1.012500E+02 1.000665E+00
1.015000E+02 1.000823E+00
1.017500E+02 1.000637E+00
1.020000E+02 1.000627E+00
1.022500E+02 1.000628E+00
1.025000E+02 1.000461E+00
1.027500E+02 1.000466E+00
1.030000E+02 1.000687E+00
1.032500E+02 1.000514E+00
1.035000E+02 1.000708E+00
1.037500E+02 1.000831E+00
1.040000E+02 1.000587E+00
1.042500E+02 1.000633E+00
1.045000E+02 1.000750E+00
1.047500E+02 1.000413E+00
1.050000E+02 1.000618E+00
1.052500E+02 1.000425E+00
1.055000E+02 1.000685E+00
1.057500E+02 1.000656E+00
1.060000E+02 1.000689E+00
1.062500E+02 1.000473E+00
1.065000E+02 1.000642E+00
1.067500E+02 1.000662E+00
1.070000E+02 1.000699E+00
1.072500E+02 1.000329E+00
1.075000E+02 1.000571E+00
1.077500E+02 1.000458E+00
1.080000E+02 1.000615E+00
1.082500E+02 1.000541E+00
1.085000E+02 1.000526E+00
1.087500E+02 1.000563E+00
1.090000E+02 1.000665E+00
1.092500E+02 1.000684E+00
1.095000E+02 1.000466E+00
1.097500E+02 1.000688E+00
1.100000E+02 1.000486E+00
1.102500E+02 1.000695E+00
1.105000E+02 1.000499E+00
1.107500E+02 1.000550E+00
1.110000E+02 1.000584E+00
1.112500E+02 1.000662E+00
1.115000E+02 1.000544E+00
1.117500E+02 1.000396E+00
1.120000E+02 1.000562E+00
1.122500E+02 1.000592E+00
1.125000E+02 1.000691E+00
1.127500E+02 1.000620E+00
1.130000E+02 1.000508E+00
1.132500E+02 1.000454E+00
1.135000E+02 1.000422E+00
1.137500E+02 1.000576E+00
1.140000E+02 1.000539E+00
1.142500E+02 1.000491E+00
1.145000E+02 1.000515E+00
1.147500E+02 1.000481E+00
1.150000E+02 1.000318E+00
1.152500E+02 1.000546E+00
1.155000E+02 1.000326E+00
1.157500E+02 1.000358E+00
1.160000E+02 1.000533E+00
1.162500E+02 1.000575E+00
1.165000E+02 1.000542E+00
1.167500E+02 1.000507E+00
1.170000E+02 1.000448E+00
1.172500E+02 1.000283E+00
1.175000E+02 1.000583E+00
1.177500E+02 1.000514E+00
1.180000E+02 1.000577E+00
1.182500E+02 1.000342E+00
1.185000E+02 1.000331E+00
1.187500E+02 1.000341E+00
1.190000E+02 1.000284E+00
1.192500E+02 1.000251E+00
1.195000E+02 1.000479E+00
1.197500E+02 1.000234E+00
1.200000E+02 1.000469E+00
1.202500E+02 1.000393E+00
1.205000E+02 1.000308E+00
1.207500E+02 1.000310E+00
1.210000E+02 1.000294E+00
1.212500E+02 1.000238E+00
1.215000E+02 1.000211E+00
1.217500E+02 1.000280E+00
1.220000E+02 1.000313E+00
1.222500E+02 1.000339E+00
1.225000E+02 1.000454E+00
1.227500E+02 1.000342E+00
1.230000E+02 1.000239E+00
1.232500E+02 1.000244E+00
1.235000E+02 1.000216E+00
1.237500E+02 1.000161E+00
1.240000E+02 1.000204E+00
1.242500E+02 1.000321E+00
1.245000E+02 1.000301E+00
1.247500E+02 1.000356E+00
1.250000E+02 9.972822E-01
1.252500E+02 9.912809E-01
1.255000E+02 9.853133E-01
1.257500E+02 9.794310E-01
1.260000E+02 9.735084E-01
1.262500E+02 9.676107E-01
1.265000E+02 9.617206E-01
1.267500E+02 9.558789E-01
1.270000E+02 9.500626E-01
1.272500E+02 9.444655E-01
1.275000E+02 9.385374E-01
1.277500E+02 9.327394E-01
1.280000E+02 9.268991E-01
1.282500E+02 9.212238E-01
1.285000E+02 9.156302E-01
1.287500E+02 9.099627E-01
1.290000E+02 9.043433E-01
1.292500E+02 8.986997E-01
1.295000E+02 8.930373E-01
1.297500E+02 8.875253E-01
1.300000E+02 8.820958E-01
1.302500E+02 8.763403E-01
1.305000E+02 8.709845E-01
1.307500E+02 8.654209E-01
1.310000E+02 8.599773E-01
1.312500E+02 8.546755E-01
1.315000E+02 8.490957E-01
1.317500E+02 8.437989E-01
1.320000E+02 8.384024E-01
1.322500E+02 8.329774E-01
1.325000E+02 8.277198E-01
1.327500E+02 8.223588E-01
1.330000E+02 8.169573E-01
1.332500E+02 8.118193E-01
1.335000E+02 8.065451E-01
1.337500E+02 8.012525E-01
1.340000E+02 7.959389E-01
1.342500E+02 7.908469E-01
1.345000E+02 7.857516E-01
1.347500E+02 7.803643E-01
1.350000E+02 7.750629E-01
1.352500E+02 7.701835E-01
1.355000E+02 7.650660E-01
1.357500E+02 7.599144E-01
1.360000E+02 7.549383E-01
1.362500E+02 7.498297E-01
1.365000E+02 7.447596E-01
1.367500E+02 7.398046E-01
1.370000E+02 7.347019E-01
1.372500E+02 7.297207E-01
1.375000E+02 7.248651E-01
1.377500E+02 7.199507E-01
1.380000E+02 7.150519E-01
1.382500E+02 7.100861E-01
1.385000E+02 7.052527E-01
1.387500E+02 7.004296E-01
1.390000E+02 6.954372E-01
1.392500E+02 6.907032E-01
1.395000E+02 6.858244E-01
1.397500E+02 6.810356E-01
1.400000E+02 6.761985E-01
1.402500E+02 6.714065E-01
1.405000E+02 6.668040E-01
1.407500E+02 6.619327E-01
1.410000E+02 6.572101E-01
1.412500E+02 6.526300E-01
1.415000E+02 6.479153E-01
1.417500E+02 6.431764E-01
1.420000E+02 6.385218E-01
1.422500E+02 6.339092E-01
1.425000E+02 6.294023E-01
1.427500E+02 6.246337E-01
1.430000E+02 6.201204E-01
1.432500E+02 6.156046E-01
1.435000E+02 6.109685E-01
1.437500E+02 6.064443E-01
1.440000E+02 6.019240E-01
1.442500E+02 5.974838E-01
1.445000E+02 5.929216E-01
1.447500E+02 5.884979E-01
1.450000E+02 5.839323E-01
1.452500E+02 5.794771E-01
1.455000E+02 5.750561E-01
1.457500E+02 5.706791E-01
1.460000E+02 5.663222E-01
1.462500E+02 5.618914E-01
1.465000E+02 5.575343E-01
1.467500E+02 5.532030E-01
1.470000E+02 5.488105E-01
1.472500E+02 5.445294E-01
1.475000E+02 5.401788E-01
1.477500E+02 5.359275E-01
1.480000E+02 5.316180E-01
1.482500E+02 5.273526E-01
1.485000E+02 5.231466E-01
1.487500E+02 5.188349E-01
1.490000E+02 5.145785E-01
1.492500E+02 5.104565E-01
1.495000E+02 5.062762E-01
1.497500E+02 5.020153E-01
1.500000E+02 4.979261E-01
1.502500E+02 4.937476E-01
1.505000E+02 4.896321E-01
1.507500E+02 4.854860E-01
1.510000E+02 4.812524E-01
1.512500E+02 4.773509E-01
1.515000E+02 4.732002E-01
1.517500E+02 4.691746E-01
1.520000E+02 4.651045E-01
1.522500E+02 4.609916E-01
1.525000E+02 4.569550E-01
1.527500E+02 4.530025E-01
1.530000E+02 4.489702E-01
1.532500E+02 4.449960E-01
1.535000E+02 4.409838E-01
1.537500E+02 4.370108E-01
1.540000E+02 4.330607E-01
1.542500E+02 4.291347E-01
1.545000E+02 4.251307E-01
1.547500E+02 4.213151E-01
1.550000E+02 4.173982E-01
1.552500E+02 4.135526E-01
1.555000E+02 4.095974E-01
1.557500E+02 4.056613E-01
1.560000E+02 4.019629E-01
1.562500E+02 3.980315E-01
1.565000E+02 3.942838E-01
1.567500E+02 3.904576E-01
1.570000E+02 3.866595E-01
1.572500E+02 3.828276E-01
1.575000E+02 3.789506E-01
1.577500E+02 3.752948E-01
1.580000E+02 3.715433E-01
1.582500E+02 3.677779E-01
1.585000E+02 3.640373E-01
1.587500E+02 3.603416E-01
1.590000E+02 3.566126E-01
1.592500E+02 3.528959E-01
1.595000E+02 3.493197E-01
1.597500E+02 3.455159E-01
1.600000E+02 3.418938E-01
1.602500E+02 3.383156E-01
1.605000E+02 3.345856E-01
1.607500E+02 3.310427E-01
1.610000E+02 3.273431E-01
1.612500E+02 3.236908E-01
1.615000E+02 3.201169E-01
1.617500E+02 3.166043E-01
1.620000E+02 3.129815E-01
1.622500E+02 3.093815E-01
1.625000E+02 3.059062E-01
1.627500E+02 3.023761E-01
1.630000E+02 2.987906E-01
1.632500E+02 2.953371E-01
1.635000E+02 2.918160E-01
1.637500E+02 2.883405E-01
1.640000E+02 2.848496E-01
1.642500E+02 2.813358E-01
1.645000E+02 2.778866E-01
1.647500E+02 2.744485E-01
1.650000E+02 2.709800E-01
1.652500E+02 2.675393E-01
1.655000E+02 2.641200E-01
1.657500E+02 2.607058E-01
1.660000E+02 2.573546E-01
1.662500E+02 2.539969E-01
1.665000E+02 2.505575E-01
1.667500E+02 2.471328E-01
1.670000E+02 2.438226E-01
1.672500E+02 2.404741E-01
1.675000E+02 2.371388E-01
1.677500E+02 2.337920E-01
1.680000E+02 2.304827E-01
1.682500E+02 2.271475E-01
1.685000E+02 2.238711E-01
1.687500E+02 2.205444E-01
1.690000E+02 2.172360E-01
1.692500E+02 2.139237E-01
1.695000E+02 2.107299E-01
1.697500E+02 2.075076E-01
1.700000E+02 2.042328E-01
1.702500E+02 2.010220E-01
1.705000E+02 1.978073E-01
1.707500E+02 1.945821E-01
1.710000E+02 1.913727E-01
1.712500E+02 1.881419E-01
1.715000E+02 1.849747E-01
1.717500E+02 1.818045E-01
1.720000E+02 1.786631E-01
1.722500E+02 1.754460E-01
1.725000E+02 1.722952E-01
1.727500E+02 1.691218E-01
1.730000E+02 1.660514E-01
1.732500E+02 1.629059E-01
1.735000E+02 1.597908E-01
1.737500E+02 1.566780E-01
1.740000E+02 1.535839E-01
1.742500E+02 1.505298E-01
1.745000E+02 1.474682E-01
1.747500E+02 1.443739E-01
1.750000E+02 1.412882E-01
1.752500E+02 1.382300E-01
1.755000E+02 1.352431E-01
1.757500E+02 1.321774E-01
1.760000E+02 1.290954E-01
1.762500E+02 1.260936E-01
1.765000E+02 1.230925E-01
1.767500E+02 1.201869E-01
1.770000E+02 1.174034E-01
1.772500E+02 1.148423E-01
1.775000E+02 1.123552E-01
1.777500E+02 1.099742E-01
1.780000E+02 1.075860E-01
1.782500E+02 1.053318E-01
1.785000E+02 1.030799E-01
1.787500E+02 1.009868E-01
1.790000E+02 9.885935E-02
1.792500E+02 9.684367E-02
1.795000E+02 9.477676E-02
1.797500E+02 9.285723E-02
1.800000E+02 9.093134E-02
1.802500E+02 8.905570E-02
1.805000E+02 8.720590E-02
1.807500E+02 8.541407E-02
1.810000E+02 8.369998E-02
1.812500E+02 8.192605E-02
1.815000E+02 8.024530E-02
1.817500E+02 7.858238E-02
1.820000E+02 7.693945E-02
1.822500E+02 7.535278E-02
1.825000E+02 7.381035E-02
1.827500E+02 7.229307E-02
1.830000E+02 7.075089E-02
1.832500E+02 6.925726E-02
1.835000E+02 6.783443E-02
1.837500E+02 6.637584E-02
1.840000E+02 6.493684E-02
1.842500E+02 6.356960E-02
1.845000E+02 6.222698E-02
1.847500E+02 6.089505E-02
1.850000E+02 5.958961E-02
1.852500E+02 5.834147E-02
1.855000E+02 5.708844E-02
1.857500E+02 5.584300E-02
1.860000E+02 5.460884E-02
1.862500E+02 5.343573E-02
1.865000E+02 5.223137E-02
1.867500E+02 5.109861E-02
1.870000E+02 4.997098E-02
1.872500E+02 4.886074E-02
1.875000E+02 4.774953E-02
1.877500E+02 4.667148E-02
1.880000E+02 4.564636E-02
1.882500E+02 4.460894E-02
1.885000E+02 4.358772E-02
1.887500E+02 4.259554E-02
1.890000E+02 4.159459E-02
1.892500E+02 4.065241E-02
1.895000E+02 3.968345E-02
1.897500E+02 3.875722E-02
1.900000E+02 3.784026E-02
1.902500E+02 3.694075E-02
1.905000E+02 3.605945E-02
1.907500E+02 3.520138E-02
1.910000E+02 3.433138E-02
1.912500E+02 3.350429E-02
1.915000E+02 3.266697E-02
1.917500E+02 3.185810E-02
1.920000E+02 3.105968E-02
1.922500E+02 3.028994E-02
1.925000E+02 2.952281E-02
1.927500E+02 2.877890E-02
1.930000E+02 2.803331E-02
1.932500E+02 2.732557E-02
1.935000E+02 2.660654E-02
1.937500E+02 2.590660E-02
1.940000E+02 2.520078E-02
1.942500E+02 2.452691E-02
1.945000E+02 2.387495E-02
1.947500E+02 2.322806E-02
1.950000E+02 2.260012E-02
1.952500E+02 2.195090E-02
1.955000E+02 2.133337E-02
1.957500E+02 2.074153E-02
1.960000E+02 2.015031E-02
1.962500E+02 1.956761E-02
1.965000E+02 1.900504E-02
1.967500E+02 1.845019E-02
1.970000E+02 1.789782E-02
1.972500E+02 1.734608E-02
1.975000E+02 1.682684E-02
1.977500E+02 1.633398E-02
1.980000E+02 1.581651E-02
1.982500E+02 1.532073E-02
1.985000E+02 1.483629E-02
1.987500E+02 1.436486E-02
1.990000E+02 1.390145E-02
1.992500E+02 1.344065E-02
1.995000E+02 1.300485E-02
1.997500E+02 1.257752E-02
2.000000E+02 1.213839E-02
2.002500E+02 1.172479E-02
2.005000E+02 1.131944E-02
2.007500E+02 1.091277E-02
2.010000E+02 1.052450E-02
2.012500E+02 1.014386E-02
2.015000E+02 9.766792E-03
2.017500E+02 9.405011E-03
2.020000E+02 9.048269E-03
2.022500E+02 8.706883E-03
2.025000E+02 8.361020E-03
2.027500E+02 8.031983E-03
2.030000E+02 7.707645E-03
2.032500E+02 7.393894E-03
2.035000E+02 7.091412E-03
2.037500E+02 6.787555E-03
2.040000E+02 6.491362E-03
2.042500E+02 6.204741E-03
2.045000E+02 5.932401E-03
2.047500E+02 5.668802E-03
2.050000E+02 5.394455E-03
2.052500E+02 5.147014E-03
2.055000E+02 4.897077E-03
2.057500E+02 4.654335E-03
2.060000E+02 4.422514E-03
2.062500E+02 4.198376E-03
2.065000E+02 3.979957E-03
2.067500E+02 3.763311E-03
2.070000E+02 3.556320E-03
2.072500E+02 3.359626E-03
2.075000E+02 3.164690E-03
2.077500E+02 2.974470E-03
2.080000E+02 2.797707E-03
2.082500E+02 2.621636E-03
2.085000E+02 2.450995E-03
2.087500E+02 2.292400E-03
2.090000E+02 2.137655E-03
2.092500E+02 1.985138E-03
2.095000E+02 1.841035E-03
2.097500E+02 1.706512E-03
2.100000E+02 1.571594E-03
2.102500E+02 1.447833E-03
2.105000E+02 1.323481E-03
2.107500E+02 1.213661E-03
2.110000E+02 1.103484E-03
2.112500E+02 9.978058E-04
2.115000E+02 9.003671E-04
2.117500E+02 8.091540E-04
2.120000E+02 7.199772E-04
2.122500E+02 6.367023E-04
2.125000E+02 5.593408E-04
2.127500E+02 4.907684E-04
2.130000E+02 4.214256E-04
2.132500E+02 3.617540E-04
2.135000E+02 3.034287E-04
2.137500E+02 2.528232E-04
2.140000E+02 2.059451E-04
2.142500E+02 1.646011E-04
2.145000E+02 1.287286E-04
2.147500E+02 9.483918E-05
2.150000E+02 6.839320E-05
2.152500E+02 4.614980E-05
2.155000E+02 2.727601E-05
2.157500E+02 1.472257E-05
2.160000E+02 5.360557E-06
2.162500E+02 7.118068E-07
