2.500000E-01 0.000000E+00
5.000000E-01 0.000000E+00
7.500000E-01 0.000000E+00
1.000000E+00 0.000000E+00
1.250000E+00 0.000000E+00
1.500000E+00 0.000000E+00
1.750000E+00 0.000000E+00
2.000000E+00 0.000000E+00
2.250000E+00 0.000000E+00
2.500000E+00 0.000000E+00
2.750000E+00 0.000000E+00
3.000000E+00 0.000000E+00
3.250000E+00 6.821275E-04
3.500000E+00 4.487668E-01
3.750000E+00 3.117671E+01
4.000000E+00 1.884325E+02
4.250000E+00 3.058450E+02
4.500000E+00 2.531859E+02
4.750000E+00 1.586630E+02
5.000000E+00 9.060367E+01
5.250000E+00 5.220673E+01
5.500000E+00 3.170712E+01
5.750000E+00 2.147686E+01
6.000000E+00 1.651119E+01
6.250000E+00 1.381289E+01
6.500000E+00 1.162772E+01
6.750000E+00 9.479173E+00
7.000000E+00 7.761813E+00
7.250000E+00 6.631247E+00
7.500000E+00 6.546469E+00
7.750000E+00 8.109154E+00
8.000000E+00 1.194494E+01
8.250000E+00 1.596839E+01
8.500000E+00 1.749457E+01
8.750000E+00 1.565242E+01
9.000000E+00 1.237280E+01
9.250000E+00 9.170408E+00
9.500000E+00 6.730282E+00
9.750000E+00 5.084882E+00
1.000000E+01 4.072106E+00
1.025000E+01 3.415251E+00
1.050000E+01 2.935903E+00
1.075000E+01 2.617513E+00
1.100000E+01 2.377164E+00
1.125000E+01 2.190539E+00
1.150000E+01 2.152666E+00
1.175000E+01 2.221310E+00
1.200000E+01 2.376690E+00
1.225000E+01 2.600008E+00
1.250000E+01 2.689057E+00
1.275000E+01 2.672482E+00
1.300000E+01 2.474545E+00
1.325000E+01 2.230120E+00
1.350000E+01 1.971296E+00
1.375000E+01 1.763987E+00
1.400000E+01 1.590020E+00
1.425000E+01 1.467056E+00
1.450000E+01 1.389729E+00
1.475000E+01 1.326493E+00
1.500000E+01 1.272718E+00
1.525000E+01 1.256798E+00
1.550000E+01 1.226270E+00
1.575000E+01 1.228893E+00
1.600000E+01 1.226618E+00
1.625000E+01 1.240462E+00
1.650000E+01 1.235021E+00
1.675000E+01 1.222415E+00
1.700000E+01 1.211682E+00
1.725000E+01 1.199697E+00
1.750000E+01 1.174393E+00
1.775000E+01 1.147513E+00
1.800000E+01 1.121641E+00
1.825000E+01 1.098887E+00
1.850000E+01 1.086167E+00
1.875000E+01 1.067929E+00
1.900000E+01 1.066316E+00
1.925000E+01 1.043504E+00
1.950000E+01 1.056388E+00
1.975000E+01 1.043999E+00
2.000000E+01 1.042469E+00
2.025000E+01 1.043947E+00
2.050000E+01 1.043071E+00
2.075000E+01 1.042469E+00
2.100000E+01 1.041339E+00
2.125000E+01 1.034516E+00
2.150000E+01 1.036674E+00
2.175000E+01 1.023702E+00
2.200000E+01 1.036950E+00
2.225000E+01 1.022759E+00
2.250000E+01 1.018203E+00
2.275000E+01 1.015103E+00
2.300000E+01 1.016854E+00
2.325000E+01 1.013898E+00
2.350000E+01 1.010262E+00
2.375000E+01 1.012174E+00
2.400000E+01 1.011460E+00
2.425000E+01 1.010280E+00
2.450000E+01 1.008564E+00
2.475000E+01 1.013016E+00
2.500000E+01 1.015428E+00
2.525000E+01 1.002031E+00
2.550000E+01 1.013272E+00
2.575000E+01 1.004993E+00
2.600000E+01 1.008589E+00
2.625000E+01 1.006315E+00
2.650000E+01 1.002396E+00
2.675000E+01 1.012031E+00
2.700000E+01 1.005741E+00
2.725000E+01 1.002217E+00
2.750000E+01 1.005161E+00
2.775000E+01 1.002879E+00
2.800000E+01 1.005498E+00
2.825000E+01 1.008870E+00
2.850000E+01 1.006949E+00
2.875000E+01 1.002527E+00
2.900000E+01 1.004335E+00
2.925000E+01 9.985589E-01
2.950000E+01 1.005202E+00
2.975000E+01 1.000126E+00
3.000000E+01 1.003957E+00
3.025000E+01 1.007682E+00
3.050000E+01 1.000138E+00
3.075000E+01 1.003257E+00
3.100000E+01 1.004745E+00
3.125000E+01 1.000420E+00
3.150000E+01 9.982108E-01
3.175000E+01 1.002208E+00
3.200000E+01 1.000379E+00
3.225000E+01 1.001431E+00
3.250000E+01 1.007325E+00
3.275000E+01 1.003189E+00
3.300000E+01 1.002761E+00
3.325000E+01 1.000740E+00
3.350000E+01 1.001069E+00
3.375000E+01 1.006686E+00
3.400000E+01 9.975645E-01
3.425000E+01 9.995705E-01
3.450000E+01 1.009562E+00
3.475000E+01 1.001961E+00
3.500000E+01 1.004679E+00
3.525000E+01 9.978775E-01
3.550000E+01 1.002230E+00
3.575000E+01 1.000957E+00
3.600000E+01 9.997065E-01
3.625000E+01 1.002315E+00
3.650000E+01 9.974093E-01
3.675000E+01 1.000514E+00
3.700000E+01 1.001244E+00
3.725000E+01 9.993040E-01
3.750000E+01 1.001077E+00
3.775000E+01 1.000057E+00
3.800000E+01 9.972848E-01
3.825000E+01 9.993258E-01
3.850000E+01 1.002168E+00
3.875000E+01 9.989759E-01
3.900000E+01 1.001880E+00
3.925000E+01 9.993014E-01
3.950000E+01 9.969021E-01
3.975000E+01 9.987520E-01
4.000000E+01 9.967088E-01
4.025000E+01 1.001061E+00
4.050000E+01 1.000333E+00
4.075000E+01 9.974161E-01
4.100000E+01 1.002331E+00
4.125000E+01 9.990344E-01
4.150000E+01 9.974676E-01
4.175000E+01 1.001567E+00
4.200000E+01 9.978886E-01
4.225000E+01 9.957730E-01
4.250000E+01 9.992982E-01
4.275000E+01 9.977293E-01
4.300000E+01 9.995466E-01
4.325000E+01 9.965447E-01
4.350000E+01 9.988076E-01
4.375000E+01 9.979313E-01
4.400000E+01 9.970810E-01
4.425000E+01 9.984823E-01
4.450000E+01 9.973733E-01
4.475000E+01 9.981947E-01
4.500000E+01 9.959050E-01
4.525000E+01 1.000544E+00
4.550000E+01 9.964560E-01
4.575000E+01 9.988175E-01
4.600000E+01 9.962235E-01
4.625000E+01 9.990838E-01
4.650000E+01 1.002818E+00
4.675000E+01 9.965158E-01
4.700000E+01 9.972379E-01
4.725000E+01 9.980632E-01
4.750000E+01 9.995375E-01
4.775000E+01 9.976811E-01
4.800000E+01 9.929664E-01
4.825000E+01 9.959925E-01
4.850000E+01 9.956415E-01
4.875000E+01 9.999292E-01
4.900000E+01 9.959125E-01
4.925000E+01 9.977151E-01
4.950000E+01 9.974957E-01
4.975000E+01 9.965083E-01
5.000000E+01 9.959288E-01
5.025000E+01 9.956882E-01
5.050000E+01 9.977569E-01
5.075000E+01 9.962286E-01
5.100000E+01 9.978595E-01
5.125000E+01 9.962923E-01
5.150000E+01 1.000117E+00
5.175000E+01 1.000120E+00
5.200000E+01 9.974436E-01
5.225000E+01 9.975886E-01
5.250000E+01 9.964963E-01
5.275000E+01 9.999370E-01
5.300000E+01 9.972794E-01
5.325000E+01 9.954915E-01
5.350000E+01 9.954151E-01
5.375000E+01 9.970652E-01
5.400000E+01 9.955388E-01
5.425000E+01 9.977658E-01
5.450000E+01 9.945226E-01
5.475000E+01 9.971112E-01
5.500000E+01 9.965036E-01
5.525000E+01 9.952665E-01
5.550000E+01 9.977327E-01
5.575000E+01 9.974281E-01
5.600000E+01 1.000106E+00
5.625000E+01 9.959584E-01
5.650000E+01 9.950298E-01
5.675000E+01 9.990499E-01
5.700000E+01 9.947008E-01
5.725000E+01 9.946738E-01
5.750000E+01 9.965209E-01
5.775000E+01 9.955723E-01
5.800000E+01 9.939584E-01
5.825000E+01 9.962107E-01
5.850000E+01 9.971588E-01
5.875000E+01 9.970945E-01
5.900000E+01 9.951140E-01
5.925000E+01 9.968359E-01
5.950000E+01 9.981621E-01
5.975000E+01 9.972798E-01
6.000000E+01 9.947844E-01
6.025000E+01 9.970060E-01
6.050000E+01 9.971197E-01
6.075000E+01 9.970922E-01
6.100000E+01 9.966832E-01
6.125000E+01 9.957503E-01
6.150000E+01 9.968816E-01
6.175000E+01 9.972987E-01
6.200000E+01 9.955138E-01
6.225000E+01 9.921672E-01
6.250000E+01 9.964285E-01
6.275000E+01 9.978037E-01
6.300000E+01 9.964681E-01
6.325000E+01 9.969126E-01
6.350000E+01 9.976319E-01
6.375000E+01 9.969372E-01
6.400000E+01 9.943054E-01
6.425000E+01 9.965819E-01
6.450000E+01 9.977091E-01
6.475000E+01 9.949466E-01
6.500000E+01 9.956299E-01
6.525000E+01 9.966322E-01
6.550000E+01 9.976843E-01
6.575000E+01 9.966767E-01
6.600000E+01 9.962345E-01
6.625000E+01 9.976257E-01
6.650000E+01 9.957826E-01
6.675000E+01 9.945907E-01
6.700000E+01 9.948575E-01
6.725000E+01 9.974156E-01
6.750000E+01 9.948751E-01
6.775000E+01 9.967919E-01
6.800000E+01 9.968664E-01
6.825000E+01 9.967368E-01
6.850000E+01 9.962339E-01
6.875000E+01 9.961845E-01
6.900000E+01 9.957374E-01
6.925000E+01 9.958747E-01
6.950000E+01 9.967137E-01
6.975000E+01 9.948465E-01
7.000000E+01 9.963270E-01
7.025000E+01 9.965321E-01
7.050000E+01 9.936794E-01
7.075000E+01 9.952309E-01
7.100000E+01 9.947849E-01
7.125000E+01 9.964240E-01
7.150000E+01 9.946490E-01
7.175000E+01 9.951697E-01
7.200000E+01 9.945738E-01
7.225000E+01 9.960699E-01
7.250000E+01 9.953573E-01
7.275000E+01 9.951551E-01
7.300000E+01 9.945078E-01
7.325000E+01 9.963975E-01
7.350000E+01 9.938840E-01
7.375000E+01 9.961438E-01
7.400000E+01 9.955834E-01
7.425000E+01 9.972781E-01
7.450000E+01 9.943335E-01
7.475000E+01 9.958804E-01
7.500000E+01 9.930091E-01
7.525000E+01 9.955233E-01
7.550000E+01 9.946798E-01
7.575000E+01 9.942539E-01
7.600000E+01 9.945393E-01
7.625000E+01 9.966473E-01
7.650000E+01 9.969435E-01
7.675000E+01 9.957396E-01
7.700000E+01 9.954357E-01
7.725000E+01 9.933955E-01
7.750000E+01 9.945290E-01
7.775000E+01 9.933330E-01
7.800000E+01 9.955071E-01
7.825000E+01 9.940947E-01
7.850000E+01 9.932005E-01
7.875000E+01 9.971236E-01
7.900000E+01 9.925452E-01
7.925000E+01 9.934801E-01
7.950000E+01 9.970865E-01
7.975000E+01 9.935751E-01
8.000000E+01 9.933585E-01
8.025000E+01 9.934441E-01
8.050000E+01 9.954674E-01
8.075000E+01 9.934843E-01
8.100000E+01 9.953041E-01
8.125000E+01 9.967323E-01
8.150000E+01 9.963292E-01
8.175000E+01 9.952611E-01
8.200000E+01 9.956202E-01
8.225000E+01 9.944931E-01
8.250000E+01 9.951494E-01
8.275000E+01 9.943622E-01
8.300000E+01 9.949690E-01
8.325000E+01 9.948801E-01
8.350000E+01 9.947175E-01
8.375000E+01 9.956691E-01
8.400000E+01 9.953715E-01
8.425000E+01 9.943606E-01
8.450000E+01 9.944914E-01
8.475000E+01 9.937839E-01
8.500000E+01 9.936778E-01
8.525000E+01 9.942656E-01
8.550000E+01 9.949469E-01
8.575000E+01 9.945334E-01
8.600000E+01 9.964867E-01
8.625000E+01 9.937993E-01
8.650000E+01 9.947103E-01
8.675000E+01 9.960854E-01
8.700000E+01 9.933770E-01
8.725000E+01 9.932302E-01
8.750000E+01 9.925023E-01
8.775000E+01 9.946467E-01
8.800000E+01 9.953272E-01
8.825000E+01 9.972922E-01
8.850000E+01 9.932563E-01
8.875000E+01 9.954546E-01
8.900000E+01 9.942952E-01
8.925000E+01 9.944592E-01
8.950000E+01 9.922214E-01
8.975000E+01 9.937676E-01
9.000000E+01 9.963444E-01
9.025000E+01 9.943961E-01
9.050000E+01 9.951486E-01
9.075000E+01 9.978629E-01
9.100000E+01 9.941182E-01
9.125000E+01 9.961408E-01
9.150000E+01 9.931334E-01
9.175000E+01 9.949857E-01
9.200000E+01 9.947943E-01
9.225000E+01 9.947190E-01
9.250000E+01 9.952086E-01
9.275000E+01 9.959933E-01
9.300000E+01 9.942061E-01
9.325000E+01 9.946816E-01
9.350000E+01 9.937071E-01
9.375000E+01 9.956693E-01
9.400000E+01 9.947378E-01
9.425000E+01 9.947974E-01
9.450000E+01 9.944479E-01
9.475000E+01 9.927495E-01
9.500000E+01 9.947364E-01
9.525000E+01 9.943865E-01
9.550000E+01 9.940598E-01
9.575000E+01 9.941536E-01
9.600000E+01 9.950851E-01
9.625000E+01 9.932683E-01
9.650000E+01 9.943615E-01
9.675000E+01 9.940755E-01
9.700000E+01 9.940663E-01
9.725000E+01 9.927406E-01
9.750000E+01 9.924356E-01
9.775000E+01 9.939946E-01
9.800000E+01 9.949808E-01
9.825000E+01 9.926757E-01
9.850000E+01 9.938728E-01
9.875000E+01 9.949425E-01
9.900000E+01 9.942302E-01
9.925000E+01 9.947377E-01
9.950000E+01 9.940186E-01
9.975000E+01 9.942943E-01
1.000000E+02 9.939172E-01
1.002500E+02 9.934899E-01
1.005000E+02 9.943564E-01
1.007500E+02 9.942175E-01
1.010000E+02 9.941152E-01
1.012500E+02 9.952302E-01
1.015000E+02 9.933304E-01
1.017500E+02 9.934137E-01
1.020000E+02 9.946199E-01
1.022500E+02 9.948797E-01
1.025000E+02 9.942659E-01
1.027500E+02 9.927549E-01
1.030000E+02 9.944844E-01
1.032500E+02 9.950737E-01
1.035000E+02 9.937524E-01
1.037500E+02 9.940045E-01
1.040000E+02 9.944460E-01
1.042500E+02 9.929479E-01
1.045000E+02 9.951184E-01
1.047500E+02 9.927354E-01
1.050000E+02 9.935319E-01
1.052500E+02 9.937875E-01
1.055000E+02 9.943978E-01
1.057500E+02 9.932130E-01
1.060000E+02 9.956199E-01
1.062500E+02 9.944555E-01
1.065000E+02 9.956433E-01
1.067500E+02 9.937280E-01
1.070000E+02 9.957933E-01
1.072500E+02 9.935672E-01
1.075000E+02 9.950633E-01
1.077500E+02 9.923185E-01
1.080000E+02 9.939179E-01
1.082500E+02 9.949455E-01
1.085000E+02 9.950857E-01
1.087500E+02 9.944252E-01
1.090000E+02 9.943510E-01
1.092500E+02 9.928925E-01
1.095000E+02 9.952286E-01
1.097500E+02 9.938108E-01
1.100000E+02 9.960486E-01
1.102500E+02 9.933320E-01
1.105000E+02 9.943000E-01
1.107500E+02 9.940284E-01
1.110000E+02 9.951685E-01
1.112500E+02 9.944604E-01
1.115000E+02 9.940859E-01
1.117500E+02 9.951829E-01
1.120000E+02 9.934073E-01
1.122500E+02 9.947838E-01
1.125000E+02 9.945346E-01
1.127500E+02 9.934775E-01
1.130000E+02 9.948374E-01
1.132500E+02 9.945121E-01
1.135000E+02 9.945671E-01
1.137500E+02 9.954362E-01
1.140000E+02 9.938365E-01
1.142500E+02 9.944668E-01
1.145000E+02 9.946331E-01
1.147500E+02 9.934404E-01
1.150000E+02 9.939527E-01
1.152500E+02 9.936657E-01
1.155000E+02 9.931549E-01
1.157500E+02 9.945159E-01
1.160000E+02 9.942127E-01
1.162500E+02 9.931464E-01
1.165000E+02 9.945757E-01
1.167500E+02 9.931250E-01
1.170000E+02 9.948866E-01
1.172500E+02 9.940803E-01
1.175000E+02 9.946772E-01
1.177500E+02 9.948304E-01
1.180000E+02 9.942985E-01
1.182500E+02 9.936602E-01
1.185000E+02 9.953300E-01
1.187500E+02 9.946102E-01
1.190000E+02 9.924356E-01
1.192500E+02 9.942478E-01
1.195000E+02 9.930699E-01
1.197500E+02 9.934045E-01
1.200000E+02 9.932169E-01
1.202500E+02 9.935668E-01
1.205000E+02 9.938894E-01
1.207500E+02 9.943767E-01
1.210000E+02 9.945449E-01
1.212500E+02 9.942206E-01
1.215000E+02 9.935894E-01
1.217500E+02 9.940481E-01
1.220000E+02 9.938282E-01
1.222500E+02 9.943499E-01
1.225000E+02 9.943343E-01
1.227500E+02 9.943154E-01
1.230000E+02 9.942594E-01
1.232500E+02 9.950931E-01
1.235000E+02 9.933836E-01
1.237500E+02 9.931858E-01
1.240000E+02 9.949595E-01
1.242500E+02 9.935330E-01
1.245000E+02 9.937704E-01
1.247500E+02 9.959368E-01
1.250000E+02 9.905686E-01
1.252500E+02 9.854920E-01
1.255000E+02 9.792430E-01
1.257500E+02 9.748239E-01
1.260000E+02 9.686562E-01
1.262500E+02 9.624121E-01
1.265000E+02 9.549464E-01
1.267500E+02 9.498139E-01
1.270000E+02 9.442426E-01
1.272500E+02 9.397805E-01
1.275000E+02 9.344105E-01
1.277500E+02 9.268145E-01
1.280000E+02 9.228811E-01
1.282500E+02 9.154073E-01
1.285000E+02 9.113056E-01
1.287500E+02 9.058171E-01
1.290000E+02 8.985099E-01
1.292500E+02 8.937008E-01
1.295000E+02 8.885574E-01
1.297500E+02 8.825011E-01
1.300000E+02 8.771942E-01
1.302500E+02 8.720277E-01
1.305000E+02 8.651529E-01
1.307500E+02 8.612378E-01
1.310000E+02 8.548684E-01
1.312500E+02 8.507076E-01
1.315000E+02 8.432145E-01
1.317500E+02 8.401432E-01
1.320000E+02 8.344907E-01
1.322500E+02 8.281453E-01
1.325000E+02 8.233151E-01
1.327500E+02 8.178559E-01
1.330000E+02 8.124340E-01
1.332500E+02 8.068002E-01
1.335000E+02 8.026489E-01
1.337500E+02 7.970715E-01
1.340000E+02 7.907950E-01
1.342500E+02 7.872888E-01
1.345000E+02 7.808576E-01
1.347500E+02 7.759003E-01
1.350000E+02 7.704350E-01
1.352500E+02 7.657895E-01
1.355000E+02 7.608507E-01
1.357500E+02 7.557391E-01
1.360000E+02 7.509777E-01
1.362500E+02 7.454225E-01
1.365000E+02 7.400704E-01
1.367500E+02 7.350002E-01
1.370000E+02 7.313862E-01
1.372500E+02 7.258177E-01
1.375000E+02 7.213424E-01
1.377500E+02 7.160723E-01
1.380000E+02 7.112651E-01
1.382500E+02 7.062892E-01
1.385000E+02 7.020320E-01
1.387500E+02 6.967443E-01
1.390000E+02 6.916713E-01
1.392500E+02 6.864229E-01
1.395000E+02 6.821040E-01
1.397500E+02 6.775906E-01
1.400000E+02 6.730738E-01
1.402500E+02 6.678438E-01
1.405000E+02 6.630129E-01
1.407500E+02 6.584946E-01
1.410000E+02 6.544467E-01
1.412500E+02 6.489878E-01
1.415000E+02 6.446779E-01
1.417500E+02 6.392826E-01
1.420000E+02 6.350141E-01
1.422500E+02 6.311262E-01
1.425000E+02 6.267251E-01
1.427500E+02 6.218493E-01
1.430000E+02 6.165911E-01
1.432500E+02 6.124616E-01
1.435000E+02 6.076717E-01
1.437500E+02 6.035244E-01
1.440000E+02 6.001078E-01
1.442500E+02 5.938066E-01
1.445000E+02 5.906660E-01
1.447500E+02 5.853229E-01
1.450000E+02 5.811121E-01
1.452500E+02 5.764462E-01
1.455000E+02 5.726677E-01
1.457500E+02 5.681230E-01
1.460000E+02 5.635643E-01
1.462500E+02 5.591549E-01
1.465000E+02 5.547435E-01
1.467500E+02 5.511434E-01
1.470000E+02 5.457994E-01
1.472500E+02 5.422725E-01
1.475000E+02 5.375170E-01
1.477500E+02 5.334786E-01
1.480000E+02 5.291164E-01
1.482500E+02 5.243158E-01
1.485000E+02 5.212737E-01
1.487500E+02 5.154221E-01
1.490000E+02 5.120304E-01
1.492500E+02 5.078732E-01
1.495000E+02 5.037760E-01
1.497500E+02 4.993332E-01
1.500000E+02 4.961536E-01
1.502500E+02 4.920183E-01
1.505000E+02 4.875622E-01
1.507500E+02 4.840607E-01
1.510000E+02 4.785162E-01
1.512500E+02 4.755375E-01
1.515000E+02 4.707324E-01
1.517500E+02 4.663511E-01
1.520000E+02 4.621030E-01
1.522500E+02 4.587205E-01
1.525000E+02 4.544753E-01
1.527500E+02 4.504713E-01
1.530000E+02 4.461712E-01
1.532500E+02 4.427762E-01
1.535000E+02 4.390442E-01
1.537500E+02 4.345477E-01
1.540000E+02 4.304147E-01
1.542500E+02 4.266672E-01
1.545000E+02 4.224010E-01
1.547500E+02 4.192983E-01
1.550000E+02 4.159498E-01
1.552500E+02 4.106176E-01
1.555000E+02 4.076747E-01
1.557500E+02 4.034177E-01
1.560000E+02 3.998819E-01
1.562500E+02 3.960853E-01
1.565000E+02 3.926984E-01
1.567500E+02 3.887696E-01
1.570000E+02 3.845778E-01
1.572500E+02 3.806698E-01
1.575000E+02 3.772380E-01
1.577500E+02 3.729120E-01
1.580000E+02 3.692277E-01
1.582500E+02 3.663358E-01
1.585000E+02 3.626154E-01
1.587500E+02 3.588251E-01
1.590000E+02 3.550799E-01
1.592500E+02 3.515977E-01
1.595000E+02 3.473045E-01
1.597500E+02 3.442986E-01
1.600000E+02 3.402179E-01
1.602500E+02 3.363647E-01
1.605000E+02 3.334147E-01
1.607500E+02 3.291533E-01
1.610000E+02 3.258476E-01
1.612500E+02 3.223261E-01
1.615000E+02 3.184621E-01
1.617500E+02 3.146720E-01
1.620000E+02 3.111318E-01
1.622500E+02 3.075890E-01
1.625000E+02 3.042089E-01
1.627500E+02 3.006352E-01
1.630000E+02 2.970304E-01
1.632500E+02 2.935000E-01
1.635000E+02 2.903909E-01
1.637500E+02 2.869968E-01
1.640000E+02 2.834247E-01
1.642500E+02 2.795265E-01
1.645000E+02 2.761547E-01
1.647500E+02 2.731597E-01
1.650000E+02 2.693413E-01
1.652500E+02 2.657851E-01
1.655000E+02 2.624019E-01
1.657500E+02 2.594537E-01
1.660000E+02 2.560652E-01
1.662500E+02 2.522073E-01
1.665000E+02 2.489347E-01
1.667500E+02 2.456121E-01
1.670000E+02 2.424045E-01
1.672500E+02 2.391543E-01
1.675000E+02 2.356988E-01
1.677500E+02 2.326886E-01
1.680000E+02 2.290642E-01
1.682500E+02 2.260383E-01
1.685000E+02 2.225551E-01
1.687500E+02 2.196906E-01
1.690000E+02 2.164145E-01
1.692500E+02 2.128885E-01
1.695000E+02 2.096769E-01
1.697500E+02 2.061615E-01
1.700000E+02 2.029967E-01
1.702500E+02 1.996154E-01
1.705000E+02 1.970822E-01
1.707500E+02 1.935180E-01
1.710000E+02 1.904645E-01
1.712500E+02 1.868321E-01
1.715000E+02 1.839227E-01
1.717500E+02 1.808655E-01
1.720000E+02 1.773905E-01
1.722500E+02 1.745389E-01
1.725000E+02 1.712079E-01
1.727500E+02 1.681676E-01
1.730000E+02 1.649760E-01
1.732500E+02 1.618879E-01
1.735000E+02 1.586677E-01
1.737500E+02 1.559208E-01
1.740000E+02 1.531444E-01
1.742500E+02 1.496219E-01
1.745000E+02 1.465366E-01
1.747500E+02 1.432854E-01
1.750000E+02 1.402806E-01
1.752500E+02 1.374951E-01
1.755000E+02 1.345642E-01
1.757500E+02 1.314053E-01
1.760000E+02 1.284837E-01
1.762500E+02 1.250402E-01
1.765000E+02 1.225296E-01
1.767500E+02 1.194090E-01
1.770000E+02 1.167958E-01
1.772500E+02 1.140937E-01
1.775000E+02 1.116972E-01
1.777500E+02 1.091416E-01
1.780000E+02 1.072716E-01
1.782500E+02 1.048915E-01
1.785000E+02 1.025336E-01
1.787500E+02 1.002031E-01
1.790000E+02 9.822876E-02
1.792500E+02 9.607133E-02
1.795000E+02 9.435197E-02
1.797500E+02 9.211174E-02
1.800000E+02 9.024227E-02
1.802500E+02 8.835642E-02
1.805000E+02 8.680907E-02
1.807500E+02 8.490826E-02
1.810000E+02 8.308491E-02
1.812500E+02 8.143051E-02
1.815000E+02 7.960403E-02
1.817500E+02 7.815568E-02
1.820000E+02 7.657816E-02
1.822500E+02 7.469556E-02
1.825000E+02 7.327595E-02
1.827500E+02 7.168866E-02
1.830000E+02 7.020012E-02
1.832500E+02 6.876277E-02
1.835000E+02 6.748534E-02
1.837500E+02 6.580724E-02
1.840000E+02 6.452063E-02
1.842500E+02 6.340928E-02
1.845000E+02 6.176249E-02
1.847500E+02 6.043679E-02
1.850000E+02 5.910877E-02
1.852500E+02 5.796236E-02
1.855000E+02 5.684432E-02
1.857500E+02 5.550552E-02
1.860000E+02 5.424284E-02
1.862500E+02 5.317222E-02
1.865000E+02 5.206861E-02
1.867500E+02 5.093373E-02
1.870000E+02 4.966133E-02
1.872500E+02 4.862302E-02
1.875000E+02 4.742816E-02
1.877500E+02 4.631429E-02
1.880000E+02 4.533828E-02
1.882500E+02 4.422883E-02
1.885000E+02 4.332767E-02
1.887500E+02 4.239391E-02
1.890000E+02 4.143832E-02
1.892500E+02 4.045926E-02
1.895000E+02 3.946114E-02
1.897500E+02 3.850556E-02
1.900000E+02 3.766144E-02
1.902500E+02 3.678102E-02
1.905000E+02 3.579093E-02
1.907500E+02 3.512550E-02
1.910000E+02 3.424519E-02
1.912500E+02 3.342826E-02
1.915000E+02 3.251606E-02
1.917500E+02 3.169904E-02
1.920000E+02 3.104623E-02
1.922500E+02 3.015888E-02
1.925000E+02 2.938899E-02
1.927500E+02 2.873703E-02
1.930000E+02 2.793631E-02
1.932500E+02 2.721083E-02
1.935000E+02 2.645147E-02
1.937500E+02 2.566370E-02
1.940000E+02 2.505659E-02
1.942500E+02 2.454533E-02
1.945000E+02 2.376235E-02
1.947500E+02 2.314364E-02
1.950000E+02 2.252783E-02
1.952500E+02 2.172837E-02
1.955000E+02 2.118591E-02
1.957500E+02 2.066382E-02
1.960000E+02 2.015089E-02
1.962500E+02 1.961226E-02
1.965000E+02 1.894736E-02
1.967500E+02 1.832225E-02
1.970000E+02 1.778955E-02
1.972500E+02 1.730172E-02
1.975000E+02 1.678416E-02
1.977500E+02 1.630655E-02
1.980000E+02 1.585998E-02
1.982500E+02 1.526418E-02
1.985000E+02 1.474923E-02
1.987500E+02 1.427221E-02
1.990000E+02 1.397529E-02
1.992500E+02 1.334716E-02
1.995000E+02 1.293646E-02
1.997500E+02 1.249961E-02
2.000000E+02 1.214380E-02
2.002500E+02 1.170707E-02
2.005000E+02 1.132500E-02
2.007500E+02 1.089294E-02
2.010000E+02 1.046247E-02
2.012500E+02 1.002573E-02
2.015000E+02 9.699200E-03
2.017500E+02 9.339915E-03
2.020000E+02 9.095385E-03
2.022500E+02 8.631333E-03
2.025000E+02 8.294294E-03
2.027500E+02 8.036009E-03
2.030000E+02 7.704139E-03
2.032500E+02 7.385388E-03
2.035000E+02 7.087839E-03
2.037500E+02 6.690197E-03
2.040000E+02 6.449779E-03
2.042500E+02 6.270965E-03
2.045000E+02 5.909868E-03
2.047500E+02 5.623556E-03
2.050000E+02 5.383370E-03
2.052500E+02 5.114577E-03
2.055000E+02 4.845370E-03
2.057500E+02 4.653704E-03
2.060000E+02 4.415414E-03
2.062500E+02 4.193169E-03
2.065000E+02 3.989222E-03
2.067500E+02 3.740063E-03
2.070000E+02 3.541869E-03
2.072500E+02 3.340089E-03
2.075000E+02 3.130905E-03
2.077500E+02 2.938743E-03
2.080000E+02 2.782467E-03
2.082500E+02 2.661490E-03
2.085000E+02 2.437664E-03
2.087500E+02 2.291950E-03
2.090000E+02 2.128948E-03
2.092500E+02 1.983831E-03
2.095000E+02 1.826103E-03
2.097500E+02 1.665845E-03
2.100000E+02 1.596203E-03
2.102500E+02 1.455661E-03
2.105000E+02 1.312205E-03
2.107500E+02 1.186133E-03
2.110000E+02 1.096581E-03
2.112500E+02 1.013746E-03
2.115000E+02 8.850733E-04
2.117500E+02 7.896245E-04
2.120000E+02 7.330975E-04
2.122500E+02 6.312538E-04
2.125000E+02 5.775944E-04
2.127500E+02 5.026958E-04
2.130000E+02 4.027377E-04
2.132500E+02 3.610759E-04
2.135000E+02 3.003241E-04
2.137500E+02 2.535748E-04
2.140000E+02 2.076723E-04
2.142500E+02 1.590011E-04
2.145000E+02 1.387431E-04
2.147500E+02 9.826901E-05
2.150000E+02 6.811406E-05
2.152500E+02 4.400808E-05
2.155000E+02 2.699523E-05
2.157500E+02 1.424028E-05
2.160000E+02 5.868247E-06
2.162500E+02 7.703535E-07
