2.500000E-01 0.000000E+00
5.000000E-01 0.000000E+00
7.500000E-01 0.000000E+00
1.000000E+00 0.000000E+00
1.250000E+00 0.000000E+00
1.500000E+00 0.000000E+00
1.750000E+00 0.000000E+00
2.000000E+00 0.000000E+00
2.250000E+00 0.000000E+00
2.500000E+00 0.000000E+00
2.750000E+00 0.000000E+00
3.000000E+00 0.000000E+00
3.250000E+00 1.064672E-05
3.500000E+00 2.941298E-02
3.750000E+00 2.338725E+00
4.000000E+00 1.756570E+01
4.250000E+00 3.548920E+01
4.500000E+00 3.621091E+01
4.750000E+00 2.740631E+01
5.000000E+00 1.876520E+01
5.250000E+00 1.275991E+01
5.500000E+00 9.044192E+00
5.750000E+00 6.965834E+00
6.000000E+00 5.935016E+00
6.250000E+00 5.376965E+00
6.500000E+00 4.861656E+00
6.750000E+00 4.263856E+00
7.000000E+00 3.655539E+00
7.250000E+00 3.199521E+00
7.500000E+00 2.940956E+00
7.750000E+00 2.937779E+00
8.000000E+00 3.227096E+00
8.250000E+00 3.714504E+00
8.500000E+00 4.071051E+00
8.750000E+00 4.087983E+00
9.000000E+00 3.786043E+00
9.250000E+00 3.355687E+00
9.500000E+00 2.939935E+00
9.750000E+00 2.603946E+00
1.000000E+01 2.348774E+00
1.025000E+01 2.151470E+00
1.050000E+01 1.999894E+00
1.075000E+01 1.872294E+00
1.100000E+01 1.757791E+00
1.125000E+01 1.666194E+00
1.150000E+01 1.597382E+00
1.175000E+01 1.552556E+00
1.200000E+01 1.534983E+00
1.225000E+01 1.537113E+00
1.250000E+01 1.548839E+00
1.275000E+01 1.553331E+00
1.300000E+01 1.537646E+00
1.325000E+01 1.501952E+00
1.350000E+01 1.457782E+00
1.375000E+01 1.407443E+00
1.400000E+01 1.361645E+00
1.425000E+01 1.320321E+00
1.450000E+01 1.283005E+00
1.475000E+01 1.248826E+00
1.500000E+01 1.226081E+00
1.525000E+01 1.204046E+00
1.550000E+01 1.184789E+00
1.575000E+01 1.170529E+00
1.600000E+01 1.160576E+00
1.625000E+01 1.151830E+00
1.650000E+01 1.146859E+00
1.675000E+01 1.141569E+00
1.700000E+01 1.137052E+00
1.725000E+01 1.129842E+00
1.750000E+01 1.122514E+00
1.775000E+01 1.112495E+00
1.800000E+01 1.103527E+00
1.825000E+01 1.094212E+00
1.850000E+01 1.086728E+00
1.875000E+01 1.080017E+00
1.900000E+01 1.073068E+00
1.925000E+01 1.067846E+00
1.950000E+01 1.060878E+00
1.975000E+01 1.057569E+00
2.000000E+01 1.054017E+00
2.025000E+01 1.050989E+00
2.050000E+01 1.048095E+00
2.075000E+01 1.045784E+00
2.100000E+01 1.042655E+00
2.125000E+01 1.042198E+00
2.150000E+01 1.039028E+00
2.175000E+01 1.037233E+00
2.200000E+01 1.035643E+00
2.225000E+01 1.032713E+00
2.250000E+01 1.031446E+00
2.275000E+01 1.029388E+00
2.300000E+01 1.027263E+00
2.325000E+01 1.025757E+00
2.350000E+01 1.024362E+00
2.375000E+01 1.022934E+00
2.400000E+01 1.022278E+00
2.425000E+01 1.020574E+00
2.450000E+01 1.019389E+00
2.475000E+01 1.018563E+00
2.500000E+01 1.017724E+00
2.525000E+01 1.018002E+00
2.550000E+01 1.016488E+00
2.575000E+01 1.015712E+00
2.600000E+01 1.015274E+00
2.625000E+01 1.014752E+00
2.650000E+01 1.014381E+00
2.675000E+01 1.013187E+00
2.700000E+01 1.012752E+00
2.725000E+01 1.012661E+00
2.750000E+01 1.011183E+00
2.775000E+01 1.012159E+00
2.800000E+01 1.011537E+00
2.825000E+01 1.011258E+00
2.850000E+01 1.010448E+00
2.875000E+01 1.010355E+00
2.900000E+01 1.009479E+00
2.925000E+01 1.009960E+00
2.950000E+01 1.009103E+00
2.975000E+01 1.009575E+00
3.000000E+01 1.008691E+00
3.025000E+01 1.009428E+00
3.050000E+01 1.008703E+00
3.075000E+01 1.008497E+00
3.100000E+01 1.007787E+00
3.125000E+01 1.008069E+00
3.150000E+01 1.008310E+00
3.175000E+01 1.007457E+00
3.200000E+01 1.007704E+00
3.225000E+01 1.007277E+00
3.250000E+01 1.006559E+00
3.275000E+01 1.007412E+00
3.300000E+01 1.007306E+00
3.325000E+01 1.007000E+00
3.350000E+01 1.006785E+00
3.375000E+01 1.006854E+00
3.400000E+01 1.006262E+00
3.425000E+01 1.006518E+00
3.450000E+01 1.006506E+00
3.475000E+01 1.006193E+00
3.500000E+01 1.006369E+00
3.525000E+01 1.005685E+00
3.550000E+01 1.006011E+00
3.575000E+01 1.005564E+00
3.600000E+01 1.005984E+00
3.625000E+01 1.005032E+00
3.650000E+01 1.005363E+00
3.675000E+01 1.004925E+00
3.700000E+01 1.005378E+00
3.725000E+01 1.005401E+00
3.750000E+01 1.005475E+00
3.775000E+01 1.006041E+00
3.800000E+01 1.005472E+00
3.825000E+01 1.004882E+00
3.850000E+01 1.005265E+00
3.875000E+01 1.005117E+00
3.900000E+01 1.005012E+00
3.925000E+01 1.004568E+00
3.950000E+01 1.004919E+00
3.975000E+01 1.005129E+00
4.000000E+01 1.004878E+00
4.025000E+01 1.004314E+00
4.050000E+01 1.004835E+00
4.075000E+01 1.004812E+00
4.100000E+01 1.004316E+00
4.125000E+01 1.004864E+00
4.150000E+01 1.004510E+00
4.175000E+01 1.004463E+00
4.200000E+01 1.004496E+00
4.225000E+01 1.004640E+00
4.250000E+01 1.004068E+00
4.275000E+01 1.004412E+00
4.300000E+01 1.004047E+00
4.325000E+01 1.003948E+00
4.350000E+01 1.004177E+00
4.375000E+01 1.004142E+00
4.400000E+01 1.004175E+00
4.425000E+01 1.003487E+00
4.450000E+01 1.003684E+00
4.475000E+01 1.004051E+00
4.500000E+01 1.004378E+00
4.525000E+01 1.004319E+00
4.550000E+01 1.004036E+00
4.575000E+01 1.003808E+00
4.600000E+01 1.003742E+00
4.625000E+01 1.003482E+00
4.650000E+01 1.003524E+00
4.675000E+01 1.003767E+00
4.700000E+01 1.003621E+00
4.725000E+01 1.003914E+00
4.750000E+01 1.003788E+00
4.775000E+01 1.003814E+00
4.800000E+01 1.003278E+00
4.825000E+01 1.003622E+00
4.850000E+01 1.003351E+00
4.875000E+01 1.003686E+00
4.900000E+01 1.003525E+00
4.925000E+01 1.003901E+00
4.950000E+01 1.003427E+00
4.975000E+01 1.003559E+00
5.000000E+01 1.003320E+00
5.025000E+01 1.003481E+00
5.050000E+01 1.003841E+00
5.075000E+01 1.003527E+00
5.100000E+01 1.003602E+00
5.125000E+01 1.003256E+00
5.150000E+01 1.003202E+00
5.175000E+01 1.003470E+00
5.200000E+01 1.003413E+00
5.225000E+01 1.003092E+00
5.250000E+01 1.003610E+00
5.275000E+01 1.003249E+00
5.300000E+01 1.002972E+00
5.325000E+01 1.003458E+00
5.350000E+01 1.003253E+00
5.375000E+01 1.002755E+00
5.400000E+01 1.003371E+00
5.425000E+01 1.003279E+00
5.450000E+01 1.002936E+00
5.475000E+01 1.002869E+00
5.500000E+01 1.003206E+00
5.525000E+01 1.002840E+00
5.550000E+01 1.002870E+00
5.575000E+01 1.003185E+00
5.600000E+01 1.003003E+00
5.625000E+01 1.002569E+00
5.650000E+01 1.002667E+00
5.675000E+01 1.002914E+00
5.700000E+01 1.002853E+00
5.725000E+01 1.002817E+00
5.750000E+01 1.002677E+00
5.775000E+01 1.002644E+00
5.800000E+01 1.002524E+00
5.825000E+01 1.003165E+00
5.850000E+01 1.002779E+00
5.875000E+01 1.002177E+00
5.900000E+01 1.002627E+00
5.925000E+01 1.002465E+00
5.950000E+01 1.002811E+00
5.975000E+01 1.002341E+00
6.000000E+01 1.002690E+00
6.025000E+01 1.002721E+00
6.050000E+01 1.002504E+00
6.075000E+01 1.003043E+00
6.100000E+01 1.002408E+00
6.125000E+01 1.002603E+00
6.150000E+01 1.002508E+00
6.175000E+01 1.002689E+00
6.200000E+01 1.002450E+00
6.225000E+01 1.002156E+00
6.250000E+01 1.002514E+00
6.275000E+01 1.002097E+00
6.300000E+01 1.002180E+00
6.325000E+01 1.002482E+00
6.350000E+01 1.002265E+00
6.375000E+01 1.002175E+00
6.400000E+01 1.002401E+00
6.425000E+01 1.002248E+00
6.450000E+01 1.002743E+00
6.475000E+01 1.002387E+00
6.500000E+01 1.002060E+00
6.525000E+01 1.002088E+00
6.550000E+01 1.002158E+00
6.575000E+01 1.002507E+00
6.600000E+01 1.002238E+00
6.625000E+01 1.001862E+00
6.650000E+01 1.001848E+00
6.675000E+01 1.002025E+00
6.700000E+01 1.001835E+00
6.725000E+01 1.001972E+00
6.750000E+01 1.001959E+00
6.775000E+01 1.001882E+00
6.800000E+01 1.001913E+00
6.825000E+01 1.001822E+00
6.850000E+01 1.002169E+00
6.875000E+01 1.001838E+00
6.900000E+01 1.002025E+00
6.925000E+01 1.002069E+00
6.950000E+01 1.001835E+00
6.975000E+01 1.001933E+00
7.000000E+01 1.002035E+00
7.025000E+01 1.001995E+00
7.050000E+01 1.001987E+00
7.075000E+01 1.001817E+00
7.100000E+01 1.001737E+00
7.125000E+01 1.002071E+00
7.150000E+01 1.001983E+00
7.175000E+01 1.001903E+00
7.200000E+01 1.001878E+00
7.225000E+01 1.001839E+00
7.250000E+01 1.001817E+00
7.275000E+01 1.001866E+00
7.300000E+01 1.001931E+00
7.325000E+01 1.001861E+00
7.350000E+01 1.001963E+00
7.375000E+01 1.001596E+00
7.400000E+01 1.001846E+00
7.425000E+01 1.001703E+00
7.450000E+01 1.002041E+00
7.475000E+01 1.001797E+00
7.500000E+01 1.001750E+00
7.525000E+01 1.001635E+00
7.550000E+01 1.001713E+00
7.575000E+01 1.001543E+00
7.600000E+01 1.001559E+00
7.625000E+01 1.001346E+00
7.650000E+01 1.001559E+00
7.675000E+01 1.001521E+00
7.700000E+01 1.001483E+00
7.725000E+01 1.001539E+00
7.750000E+01 1.001477E+00
7.775000E+01 1.001595E+00
7.800000E+01 1.001600E+00
7.825000E+01 1.001318E+00
7.850000E+01 1.001470E+00
7.875000E+01 1.001451E+00
7.900000E+01 1.001684E+00
7.925000E+01 1.001451E+00
7.950000E+01 1.001329E+00
7.975000E+01 1.001392E+00
8.000000E+01 1.001306E+00
8.025000E+01 1.001237E+00
8.050000E+01 1.001418E+00
8.075000E+01 1.001170E+00
8.100000E+01 1.001616E+00
8.125000E+01 1.001291E+00
8.150000E+01 1.001381E+00
8.175000E+01 1.001257E+00
8.200000E+01 1.001296E+00
8.225000E+01 1.001111E+00
8.250000E+01 1.001482E+00
8.275000E+01 1.001357E+00
8.300000E+01 1.001194E+00
8.325000E+01 1.001543E+00
8.350000E+01 1.001234E+00
8.375000E+01 1.001145E+00
8.400000E+01 1.001084E+00
8.425000E+01 1.001126E+00
8.450000E+01 1.001151E+00
8.475000E+01 1.001322E+00
8.500000E+01 1.001063E+00
8.525000E+01 1.001138E+00
8.550000E+01 1.001210E+00
8.575000E+01 1.001123E+00
8.600000E+01 1.001242E+00
8.625000E+01 1.000999E+00
8.650000E+01 1.001061E+00
8.675000E+01 1.001047E+00
8.700000E+01 1.001348E+00
8.725000E+01 1.001049E+00
8.750000E+01 1.001049E+00
8.775000E+01 1.001285E+00
8.800000E+01 1.001194E+00
8.825000E+01 1.000918E+00
8.850000E+01 1.001391E+00
8.875000E+01 1.000973E+00
8.900000E+01 1.000952E+00
8.925000E+01 1.001158E+00
8.950000E+01 1.001112E+00
8.975000E+01 1.001021E+00
9.000000E+01 1.001031E+00
9.025000E+01 1.000961E+00
9.050000E+01 1.001101E+00
9.075000E+01 1.001097E+00
9.100000E+01 1.001026E+00
9.125000E+01 1.000913E+00
9.150000E+01 1.000924E+00
9.175000E+01 1.001121E+00
9.200000E+01 1.001121E+00
9.225000E+01 1.001081E+00
9.250000E+01 1.000950E+00
9.275000E+01 1.000717E+00
9.300000E+01 1.000922E+00
9.325000E+01 1.000920E+00
9.350000E+01 1.000739E+00
9.375000E+01 1.000803E+00
9.400000E+01 1.001098E+00
9.425000E+01 1.000739E+00
9.450000E+01 1.000908E+00
9.475000E+01 1.000894E+00
9.500000E+01 1.000799E+00
9.525000E+01 1.001170E+00
9.550000E+01 1.000824E+00
9.575000E+01 1.001012E+00
9.600000E+01 1.000765E+00
9.625000E+01 1.000725E+00
9.650000E+01 1.000784E+00
9.675000E+01 1.000729E+00
9.700000E+01 1.000702E+00
9.725000E+01 1.000909E+00
9.750000E+01 1.000878E+00
9.775000E+01 1.000684E+00
9.800000E+01 1.000733E+00
9.825000E+01 1.000715E+00
9.850000E+01 1.000661E+00
9.875000E+01 1.000916E+00
9.900000E+01 1.000643E+00
9.925000E+01 1.000658E+00
9.950000E+01 1.000581E+00
9.975000E+01 1.000667E+00
1.000000E+02 1.000798E+00
1.002500E+02 1.000745E+00
1.005000E+02 1.000741E+00
1.007500E+02 1.000624E+00
1.010000E+02 1.000530E+00
1.012500E+02 1.000594E+00
1.015000E+02 1.000710E+00
1.017500E+02 1.000778E+00
1.020000E+02 1.000559E+00
1.022500E+02 1.000584E+00
1.025000E+02 1.000627E+00
1.027500E+02 1.000569E+00
1.030000E+02 1.000458E+00
1.032500E+02 1.000594E+00
1.035000E+02 1.000750E+00
1.037500E+02 1.000590E+00
1.040000E+02 1.000512E+00
1.042500E+02 1.000523E+00
1.045000E+02 1.000538E+00
1.047500E+02 1.000583E+00
1.050000E+02 1.000516E+00
1.052500E+02 1.000453E+00
1.055000E+02 1.000478E+00
1.057500E+02 1.000490E+00
1.060000E+02 1.000454E+00
1.062500E+02 1.000434E+00
1.065000E+02 1.000512E+00
1.067500E+02 1.000517E+00
1.070000E+02 1.000589E+00
1.072500E+02 1.000464E+00
1.075000E+02 1.000502E+00
1.077500E+02 1.000734E+00
1.080000E+02 1.000427E+00
1.082500E+02 1.000389E+00
1.085000E+02 1.000600E+00
1.087500E+02 1.000343E+00
1.090000E+02 1.000487E+00
1.092500E+02 1.000454E+00
1.095000E+02 1.000365E+00
1.097500E+02 1.000517E+00
1.100000E+02 1.000243E+00
1.102500E+02 1.000420E+00
1.105000E+02 1.000456E+00
1.107500E+02 1.000492E+00
1.110000E+02 1.000285E+00
1.112500E+02 1.000418E+00
1.115000E+02 1.000418E+00
1.117500E+02 1.000249E+00
1.120000E+02 1.000488E+00
1.122500E+02 1.000387E+00
1.125000E+02 1.000567E+00
1.127500E+02 1.000442E+00
1.130000E+02 1.000383E+00
1.132500E+02 1.000367E+00
1.135000E+02 1.000375E+00
1.137500E+02 1.000333E+00
1.140000E+02 1.000314E+00
1.142500E+02 1.000346E+00
1.145000E+02 1.000439E+00
1.147500E+02 1.000331E+00
1.150000E+02 1.000342E+00
1.152500E+02 1.000511E+00
1.155000E+02 1.000278E+00
1.157500E+02 1.000307E+00
1.160000E+02 1.000420E+00
1.162500E+02 1.000477E+00
1.165000E+02 1.000467E+00
1.167500E+02 1.000485E+00
1.170000E+02 1.000309E+00
1.172500E+02 1.000396E+00
1.175000E+02 1.000207E+00
1.177500E+02 1.000241E+00
1.180000E+02 1.000207E+00
1.182500E+02 1.000314E+00
1.185000E+02 1.000201E+00
1.187500E+02 1.000094E+00
1.190000E+02 1.000396E+00
1.192500E+02 1.000209E+00
1.195000E+02 1.000172E+00
1.197500E+02 1.000209E+00
1.200000E+02 1.000317E+00
1.202500E+02 1.000353E+00
1.205000E+02 1.000164E+00
1.207500E+02 1.000112E+00
1.210000E+02 1.000340E+00
1.212500E+02 1.000276E+00
1.215000E+02 1.000198E+00
1.217500E+02 1.000167E+00
1.220000E+02 1.000234E+00
1.222500E+02 1.000194E+00
1.225000E+02 1.000176E+00
1.227500E+02 1.000250E+00
1.230000E+02 1.000192E+00
1.232500E+02 1.000226E+00
1.235000E+02 1.000163E+00
1.237500E+02 1.000170E+00
1.240000E+02 1.000280E+00
1.242500E+02 1.000240E+00
1.245000E+02 1.000168E+00
1.247500E+02 1.000207E+00
1.250000E+02 9.973349E-01
1.252500E+02 9.912279E-01
1.255000E+02 9.853193E-01
1.257500E+02 9.793574E-01
1.260000E+02 9.735706E-01
1.262500E+02 9.675614E-01
1.265000E+02 9.616940E-01
1.267500E+02 9.557790E-01
1.270000E+02 9.499857E-01
1.272500E+02 9.442192E-01
1.275000E+02 9.385652E-01
1.277500E+02 9.326483E-01
1.280000E+02 9.269927E-01
1.282500E+02 9.212890E-01
1.285000E+02 9.157350E-01
1.287500E+02 9.099356E-01
1.290000E+02 9.042276E-01
1.292500E+02 8.986726E-01
1.295000E+02 8.930349E-01
1.297500E+02 8.875775E-01
1.300000E+02 8.819908E-01
1.302500E+02 8.764571E-01
1.305000E+02 8.710342E-01
1.307500E+02 8.654974E-01
1.310000E+02 8.599452E-01
1.312500E+02 8.546269E-01
1.315000E+02 8.491916E-01
1.317500E+02 8.436623E-01
1.320000E+02 8.384230E-01
1.322500E+02 8.329572E-01
1.325000E+02 8.276034E-01
1.327500E+02 8.222850E-01
1.330000E+02 8.169935E-01
1.332500E+02 8.118679E-01
1.335000E+02 8.064793E-01
1.337500E+02 8.011404E-01
1.340000E+02 7.958775E-01
1.342500E+02 7.907977E-01
1.345000E+02 7.855903E-01
1.347500E+02 7.806021E-01
1.350000E+02 7.752826E-01
1.352500E+02 7.701677E-01
1.355000E+02 7.650673E-01
1.357500E+02 7.599204E-01
1.360000E+02 7.549204E-01
1.362500E+02 7.497600E-01
1.365000E+02 7.448365E-01
1.367500E+02 7.397467E-01
1.370000E+02 7.347814E-01
1.372500E+02 7.298901E-01
1.375000E+02 7.248733E-01
1.377500E+02 7.200059E-01
1.380000E+02 7.148377E-01
1.382500E+02 7.100539E-01
1.385000E+02 7.051208E-01
1.387500E+02 7.002415E-01
1.390000E+02 6.954468E-01
1.392500E+02 6.906223E-01
1.395000E+02 6.857479E-01
1.397500E+02 6.810181E-01
1.400000E+02 6.762898E-01
1.402500E+02 6.716039E-01
1.405000E+02 6.667714E-01
1.407500E+02 6.619200E-01
1.410000E+02 6.572083E-01
1.412500E+02 6.525137E-01
1.415000E+02 6.478448E-01
1.417500E+02 6.432091E-01
1.420000E+02 6.385751E-01
1.422500E+02 6.339129E-01
1.425000E+02 6.293230E-01
1.427500E+02 6.247035E-01
1.430000E+02 6.201160E-01
1.432500E+02 6.154562E-01
1.435000E+02 6.109458E-01
1.437500E+02 6.064790E-01
1.440000E+02 6.019229E-01
1.442500E+02 5.974399E-01
1.445000E+02 5.929373E-01
1.447500E+02 5.884330E-01
1.450000E+02 5.839129E-01
1.452500E+02 5.794830E-01
1.455000E+02 5.751053E-01
1.457500E+02 5.706811E-01
1.460000E+02 5.663582E-01
1.462500E+02 5.618769E-01
1.465000E+02 5.576330E-01
1.467500E+02 5.531544E-01
1.470000E+02 5.489228E-01
1.472500E+02 5.444604E-01
1.475000E+02 5.402940E-01
1.477500E+02 5.359391E-01
1.480000E+02 5.316886E-01
1.482500E+02 5.273511E-01
1.485000E+02 5.232215E-01
1.487500E+02 5.188950E-01
1.490000E+02 5.147179E-01
1.492500E+02 5.104942E-01
1.495000E+02 5.062878E-01
1.497500E+02 5.020168E-01
1.500000E+02 4.979020E-01
1.502500E+02 4.936766E-01
1.505000E+02 4.895360E-01
1.507500E+02 4.854335E-01
1.510000E+02 4.813882E-01
1.512500E+02 4.772993E-01
1.515000E+02 4.731926E-01
1.517500E+02 4.690152E-01
1.520000E+02 4.650202E-01
1.522500E+02 4.610496E-01
1.525000E+02 4.569704E-01
1.527500E+02 4.529904E-01
1.530000E+02 4.489987E-01
1.532500E+02 4.449553E-01
1.535000E+02 4.408649E-01
1.537500E+02 4.369950E-01
1.540000E+02 4.330230E-01
1.542500E+02 4.290833E-01
1.545000E+02 4.252349E-01
1.547500E+02 4.212463E-01
1.550000E+02 4.174122E-01
1.552500E+02 4.134814E-01
1.555000E+02 4.095702E-01
1.557500E+02 4.056871E-01
1.560000E+02 4.018778E-01
1.562500E+02 3.979792E-01
1.565000E+02 3.941866E-01
1.567500E+02 3.903790E-01
1.570000E+02 3.865840E-01
1.572500E+02 3.828016E-01
1.575000E+02 3.789386E-01
1.577500E+02 3.752574E-01
1.580000E+02 3.715141E-01
1.582500E+02 3.677817E-01
1.585000E+02 3.640471E-01
1.587500E+02 3.602612E-01
1.590000E+02 3.565583E-01
1.592500E+02 3.528942E-01
1.595000E+02 3.491877E-01
1.597500E+02 3.454810E-01
1.600000E+02 3.418968E-01
1.602500E+02 3.382504E-01
1.605000E+02 3.345605E-01
1.607500E+02 3.309436E-01
1.610000E+02 3.272913E-01
1.612500E+02 3.237209E-01
1.615000E+02 3.201317E-01
1.617500E+02 3.166027E-01
1.620000E+02 3.129936E-01
1.622500E+02 3.094180E-01
1.625000E+02 3.058923E-01
1.627500E+02 3.022913E-01
1.630000E+02 2.987991E-01
1.632500E+02 2.952854E-01
1.635000E+02 2.917792E-01
1.637500E+02 2.882317E-01
1.640000E+02 2.848268E-01
1.642500E+02 2.813451E-01
1.645000E+02 2.778308E-01
1.647500E+02 2.744069E-01
1.650000E+02 2.709480E-01
1.652500E+02 2.674817E-01
1.655000E+02 2.641315E-01
1.657500E+02 2.607070E-01
1.660000E+02 2.573162E-01
1.662500E+02 2.538689E-01
1.665000E+02 2.505991E-01
1.667500E+02 2.471500E-01
1.670000E+02 2.438074E-01
1.672500E+02 2.404890E-01
1.675000E+02 2.371007E-01
1.677500E+02 2.337500E-01
1.680000E+02 2.304412E-01
1.682500E+02 2.271160E-01
1.685000E+02 2.238263E-01
1.687500E+02 2.205504E-01
1.690000E+02 2.172381E-01
1.692500E+02 2.139970E-01
1.695000E+02 2.107155E-01
1.697500E+02 2.074752E-01
1.700000E+02 2.042311E-01
1.702500E+02 2.009916E-01
1.705000E+02 1.977410E-01
1.707500E+02 1.945372E-01
1.710000E+02 1.913157E-01
1.712500E+02 1.881647E-01
1.715000E+02 1.849827E-01
1.717500E+02 1.818003E-01
1.720000E+02 1.786315E-01
1.722500E+02 1.754578E-01
1.725000E+02 1.723462E-01
1.727500E+02 1.691462E-01
1.730000E+02 1.660450E-01
1.732500E+02 1.628979E-01
1.735000E+02 1.597488E-01
1.737500E+02 1.566941E-01
1.740000E+02 1.535875E-01
1.742500E+02 1.504974E-01
1.745000E+02 1.474432E-01
1.747500E+02 1.443685E-01
1.750000E+02 1.412786E-01
1.752500E+02 1.382238E-01
1.755000E+02 1.351764E-01
1.757500E+02 1.321417E-01
1.760000E+02 1.291352E-01
1.762500E+02 1.260981E-01
1.765000E+02 1.230817E-01
1.767500E+02 1.202105E-01
1.770000E+02 1.174366E-01
1.772500E+02 1.148549E-01
1.775000E+02 1.123530E-01
1.777500E+02 1.099816E-01
1.780000E+02 1.076374E-01
1.782500E+02 1.053345E-01
1.785000E+02 1.030949E-01
1.787500E+02 1.009303E-01
1.790000E+02 9.887659E-02
1.792500E+02 9.679207E-02
1.795000E+02 9.482073E-02
1.797500E+02 9.284471E-02
1.800000E+02 9.092992E-02
1.802500E+02 8.907171E-02
1.805000E+02 8.723642E-02
1.807500E+02 8.543817E-02
1.810000E+02 8.367451E-02
1.812500E+02 8.193668E-02
1.815000E+02 8.023459E-02
1.817500E+02 7.856792E-02
1.820000E+02 7.697256E-02
1.822500E+02 7.536209E-02
1.825000E+02 7.376951E-02
1.827500E+02 7.221851E-02
1.830000E+02 7.072023E-02
1.832500E+02 6.927075E-02
1.835000E+02 6.779915E-02
1.837500E+02 6.635784E-02
1.840000E+02 6.498535E-02
1.842500E+02 6.358306E-02
1.845000E+02 6.220703E-02
1.847500E+02 6.090033E-02
1.850000E+02 5.959280E-02
1.852500E+02 5.832484E-02
1.855000E+02 5.704114E-02
1.857500E+02 5.582490E-02
1.860000E+02 5.462228E-02
1.862500E+02 5.340338E-02
1.865000E+02 5.224681E-02
1.867500E+02 5.110958E-02
1.870000E+02 4.996589E-02
1.872500E+02 4.886522E-02
1.875000E+02 4.777138E-02
1.877500E+02 4.668259E-02
1.880000E+02 4.563900E-02
1.882500E+02 4.459146E-02
1.885000E+02 4.358807E-02
1.887500E+02 4.260052E-02
1.890000E+02 4.159484E-02
1.892500E+02 4.062586E-02
1.895000E+02 3.968649E-02
1.897500E+02 3.878073E-02
1.900000E+02 3.786305E-02
1.902500E+02 3.695531E-02
1.905000E+02 3.605787E-02
1.907500E+02 3.519019E-02
1.910000E+02 3.435500E-02
1.912500E+02 3.348868E-02
1.915000E+02 3.265865E-02
1.917500E+02 3.187447E-02
1.920000E+02 3.107183E-02
1.922500E+02 3.029654E-02
1.925000E+02 2.951621E-02
1.927500E+02 2.877182E-02
1.930000E+02 2.803685E-02
1.932500E+02 2.730867E-02
1.935000E+02 2.658675E-02
1.937500E+02 2.589786E-02
1.940000E+02 2.521208E-02
1.942500E+02 2.452713E-02
1.945000E+02 2.387741E-02
1.947500E+02 2.323727E-02
1.950000E+02 2.257510E-02
1.952500E+02 2.195410E-02
1.955000E+02 2.135024E-02
1.957500E+02 2.075028E-02
1.960000E+02 2.015520E-02
1.962500E+02 1.957288E-02
1.965000E+02 1.901088E-02
1.967500E+02 1.845418E-02
1.970000E+02 1.789676E-02
1.972500E+02 1.738254E-02
1.975000E+02 1.683376E-02
1.977500E+02 1.633241E-02
1.980000E+02 1.582962E-02
1.982500E+02 1.532198E-02
1.985000E+02 1.484365E-02
1.987500E+02 1.437822E-02
1.990000E+02 1.390881E-02
1.992500E+02 1.345263E-02
1.995000E+02 1.300114E-02
1.997500E+02 1.257079E-02
2.000000E+02 1.214555E-02
2.002500E+02 1.172628E-02
2.005000E+02 1.132271E-02
2.007500E+02 1.092223E-02
2.010000E+02 1.052361E-02
2.012500E+02 1.014549E-02
2.015000E+02 9.768501E-03
2.017500E+02 9.412575E-03
2.020000E+02 9.045135E-03
2.022500E+02 8.701698E-03
2.025000E+02 8.364426E-03
2.027500E+02 8.040056E-03
2.030000E+02 7.711056E-03
2.032500E+02 7.396069E-03
2.035000E+02 7.092067E-03
2.037500E+02 6.794246E-03
2.040000E+02 6.493997E-03
2.042500E+02 6.217440E-03
2.045000E+02 5.934520E-03
2.047500E+02 5.660822E-03
2.050000E+02 5.405119E-03
2.052500E+02 5.151496E-03
2.055000E+02 4.897373E-03
2.057500E+02 4.662092E-03
2.060000E+02 4.427363E-03
2.062500E+02 4.199550E-03
2.065000E+02 3.984533E-03
2.067500E+02 3.764981E-03
2.070000E+02 3.561406E-03
2.072500E+02 3.359082E-03
2.075000E+02 3.169736E-03
2.077500E+02 2.977701E-03
2.080000E+02 2.791695E-03
2.082500E+02 2.623264E-03
2.085000E+02 2.456800E-03
2.087500E+02 2.293238E-03
2.090000E+02 2.137823E-03
2.092500E+02 1.991123E-03
2.095000E+02 1.845662E-03
2.097500E+02 1.706990E-03
2.100000E+02 1.575210E-03
2.102500E+02 1.449428E-03
2.105000E+02 1.329057E-03
2.107500E+02 1.215588E-03
2.110000E+02 1.104138E-03
2.112500E+02 1.000225E-03
2.115000E+02 8.999422E-04
2.117500E+02 8.071952E-04
2.120000E+02 7.195443E-04
2.122500E+02 6.404542E-04
2.125000E+02 5.622396E-04
2.127500E+02 4.896255E-04
2.130000E+02 4.238126E-04
2.132500E+02 3.613558E-04
2.135000E+02 3.037865E-04
2.137500E+02 2.534927E-04
2.140000E+02 2.065614E-04
2.142500E+02 1.660563E-04
2.145000E+02 1.279660E-04
2.147500E+02 9.598525E-05
2.150000E+02 6.941254E-05
2.152500E+02 4.623475E-05
2.155000E+02 2.828820E-05
2.157500E+02 1.428770E-05
2.160000E+02 5.519639E-06
2.162500E+02 7.983779E-07
