2.500000E-01 0.000000E+00
5.000000E-01 0.000000E+00
7.500000E-01 0.000000E+00
1.000000E+00 0.000000E+00
1.250000E+00 0.000000E+00
1.500000E+00 0.000000E+00
1.750000E+00 0.000000E+00
2.000000E+00 0.000000E+00
2.250000E+00 0.000000E+00
2.500000E+00 0.000000E+00
2.750000E+00 0.000000E+00
3.000000E+00 0.000000E+00
3.250000E+00 0.000000E+00
3.500000E+00 4.946809E-02
3.750000E+00 4.270244E+00
4.000000E+00 3.189376E+01
4.250000E+00 6.375668E+01
4.500000E+00 6.444107E+01
4.750000E+00 4.803697E+01
5.000000E+00 3.211875E+01
5.250000E+00 2.097729E+01
5.500000E+00 1.408795E+01
5.750000E+00 1.011730E+01
6.000000E+00 7.797950E+00
6.250000E+00 6.472891E+00
6.500000E+00 5.428008E+00
6.750000E+00 4.469774E+00
7.000000E+00 3.658313E+00
7.250000E+00 3.052215E+00
7.500000E+00 2.693713E+00
7.750000E+00 2.573987E+00
8.000000E+00 2.738743E+00
8.250000E+00 3.077608E+00
8.500000E+00 3.328415E+00
8.750000E+00 3.267812E+00
9.000000E+00 2.993318E+00
9.250000E+00 2.612776E+00
9.500000E+00 2.256194E+00
9.750000E+00 1.963677E+00
1.000000E+01 1.749775E+00
1.025000E+01 1.596470E+00
1.050000E+01 1.474313E+00
1.075000E+01 1.397850E+00
1.100000E+01 1.321564E+00
1.125000E+01 1.270198E+00
1.150000E+01 1.223123E+00
1.175000E+01 1.200807E+00
1.200000E+01 1.179885E+00
1.225000E+01 1.180122E+00
1.250000E+01 1.175900E+00
1.275000E+01 1.171443E+00
1.300000E+01 1.167163E+00
1.325000E+01 1.147418E+00
1.350000E+01 1.122545E+00
1.375000E+01 1.104275E+00
1.400000E+01 1.090661E+00
1.425000E+01 1.081358E+00
1.450000E+01 1.062287E+00
1.475000E+01 1.061378E+00
1.500000E+01 1.048033E+00
1.525000E+01 1.040725E+00
1.550000E+01 1.041878E+00
1.575000E+01 1.027923E+00
1.600000E+01 1.033713E+00
1.625000E+01 1.028422E+00
1.650000E+01 1.027991E+00
1.675000E+01 1.019410E+00
1.700000E+01 1.023886E+00
1.725000E+01 1.019937E+00
1.750000E+01 1.025800E+00
1.775000E+01 1.022284E+00
1.800000E+01 1.016422E+00
1.825000E+01 1.017648E+00
1.850000E+01 1.014183E+00
1.875000E+01 1.014177E+00
1.900000E+01 1.012106E+00
1.925000E+01 1.014531E+00
1.950000E+01 1.015281E+00
1.975000E+01 1.010605E+00
2.000000E+01 1.010655E+00
2.025000E+01 1.011912E+00
2.050000E+01 1.012442E+00
2.075000E+01 1.009211E+00
2.100000E+01 1.012258E+00
2.125000E+01 1.010344E+00
2.150000E+01 1.010265E+00
2.175000E+01 1.007899E+00
2.200000E+01 1.006291E+00
2.225000E+01 1.011403E+00
2.250000E+01 1.010644E+00
2.275000E+01 1.011098E+00
2.300000E+01 1.005435E+00
2.325000E+01 1.004629E+00
2.350000E+01 1.008308E+00
2.375000E+01 1.007030E+00
2.400000E+01 1.006287E+00
2.425000E+01 1.010506E+00
2.450000E+01 1.009881E+00
2.475000E+01 1.007635E+00
2.500000E+01 1.005449E+00
2.525000E+01 1.008545E+00
2.550000E+01 1.008014E+00
2.575000E+01 1.006973E+00
2.600000E+01 1.006927E+00
2.625000E+01 1.005693E+00
2.650000E+01 1.005286E+00
2.675000E+01 1.008228E+00
2.700000E+01 1.006849E+00
2.725000E+01 1.006411E+00
2.750000E+01 1.006245E+00
2.775000E+01 1.008015E+00
2.800000E+01 1.006749E+00
2.825000E+01 1.006785E+00
2.850000E+01 1.008089E+00
2.875000E+01 1.005414E+00
2.900000E+01 1.005787E+00
2.925000E+01 1.004337E+00
2.950000E+01 1.006971E+00
2.975000E+01 1.004737E+00
3.000000E+01 1.002334E+00
3.025000E+01 1.004006E+00
3.050000E+01 1.006371E+00
3.075000E+01 1.005449E+00
3.100000E+01 1.007119E+00
3.125000E+01 1.005757E+00
3.150000E+01 1.006072E+00
3.175000E+01 1.004113E+00
3.200000E+01 1.004154E+00
3.225000E+01 1.004661E+00
3.250000E+01 1.006426E+00
3.275000E+01 1.005288E+00
3.300000E+01 1.002952E+00
3.325000E+01 1.007568E+00
3.350000E+01 1.003069E+00
3.375000E+01 1.005863E+00
3.400000E+01 1.005372E+00
3.425000E+01 1.003991E+00
3.450000E+01 1.007166E+00
3.475000E+01 1.004558E+00
3.500000E+01 1.003643E+00
3.525000E+01 1.005239E+00
3.550000E+01 1.006051E+00
3.575000E+01 1.006772E+00
3.600000E+01 1.005129E+00
3.625000E+01 1.004451E+00
3.650000E+01 1.002785E+00
3.675000E+01 1.006838E+00
3.700000E+01 1.005206E+00
3.725000E+01 1.005295E+00
3.750000E+01 1.004658E+00
3.775000E+01 1.006263E+00
3.800000E+01 1.002887E+00
3.825000E+01 1.004475E+00
3.850000E+01 1.003989E+00
3.875000E+01 1.006049E+00
3.900000E+01 1.004106E+00
3.925000E+01 1.004905E+00
3.950000E+01 1.003842E+00
3.975000E+01 1.003482E+00
4.000000E+01 1.004007E+00
4.025000E+01 1.005349E+00
4.050000E+01 1.003829E+00
4.075000E+01 1.002373E+00
4.100000E+01 1.004016E+00
4.125000E+01 1.003657E+00
4.150000E+01 1.006087E+00
4.175000E+01 1.003808E+00
4.200000E+01 1.002973E+00
4.225000E+01 1.003025E+00
4.250000E+01 1.004006E+00
4.275000E+01 1.003928E+00
4.300000E+01 1.002473E+00
4.325000E+01 1.003627E+00
4.350000E+01 1.003100E+00
4.375000E+01 1.003965E+00
4.400000E+01 1.004334E+00
4.425000E+01 1.002929E+00
4.450000E+01 1.003338E+00
4.475000E+01 1.000992E+00
4.500000E+01 1.002632E+00
4.525000E+01 1.002311E+00
4.550000E+01 1.002713E+00
4.575000E+01 1.003771E+00
4.600000E+01 1.003372E+00
4.625000E+01 1.003370E+00
4.650000E+01 1.004413E+00
4.675000E+01 1.001910E+00
4.700000E+01 1.002865E+00
4.725000E+01 1.002423E+00
4.750000E+01 1.000204E+00
4.775000E+01 1.002299E+00
4.800000E+01 1.002969E+00
4.825000E+01 1.003480E+00
4.850000E+01 1.001780E+00
4.875000E+01 1.003262E+00
4.900000E+01 1.002648E+00
4.925000E+01 1.001271E+00
4.950000E+01 1.002264E+00
4.975000E+01 1.002313E+00
5.000000E+01 1.002658E+00
5.025000E+01 1.002011E+00
5.050000E+01 1.001473E+00
5.075000E+01 1.001283E+00
5.100000E+01 1.004018E+00
5.125000E+01 1.004420E+00
5.150000E+01 1.004014E+00
5.175000E+01 1.003935E+00
5.200000E+01 1.002486E+00
5.225000E+01 1.002411E+00
5.250000E+01 1.002700E+00
5.275000E+01 1.002460E+00
5.300000E+01 1.002532E+00
5.325000E+01 1.003677E+00
5.350000E+01 1.002045E+00
5.375000E+01 1.002371E+00
5.400000E+01 1.002126E+00
5.425000E+01 1.002017E+00
5.450000E+01 1.002384E+00
5.475000E+01 1.002390E+00
5.500000E+01 1.000945E+00
5.525000E+01 1.003706E+00
5.550000E+01 1.003052E+00
5.575000E+01 1.001392E+00
5.600000E+01 1.001585E+00
5.625000E+01 1.001525E+00
5.650000E+01 1.002014E+00
5.675000E+01 1.002589E+00
5.700000E+01 1.000933E+00
5.725000E+01 1.002186E+00
5.750000E+01 1.002610E+00
5.775000E+01 1.002082E+00
5.800000E+01 1.001546E+00
5.825000E+01 1.002354E+00
5.850000E+01 1.002285E+00
5.875000E+01 1.002062E+00
5.900000E+01 1.001272E+00
5.925000E+01 1.002154E+00
5.950000E+01 1.001371E+00
5.975000E+01 1.001921E+00
6.000000E+01 1.001798E+00
6.025000E+01 1.003074E+00
6.050000E+01 1.002458E+00
6.075000E+01 1.002692E+00
6.100000E+01 1.001468E+00
6.125000E+01 1.003258E+00
6.150000E+01 1.000996E+00
6.175000E+01 1.002657E+00
6.200000E+01 1.002768E+00
6.225000E+01 1.001733E+00
6.250000E+01 1.001098E+00
6.275000E+01 1.001234E+00
6.300000E+01 1.002882E+00
6.325000E+01 1.001762E+00
6.350000E+01 1.001115E+00
6.375000E+01 1.002478E+00
6.400000E+01 1.000558E+00
6.425000E+01 1.001261E+00
6.450000E+01 1.002128E+00
6.475000E+01 1.002198E+00
6.500000E+01 1.001068E+00
6.525000E+01 1.000824E+00
6.550000E+01 1.000480E+00
6.575000E+01 1.002392E+00
6.600000E+01 1.001848E+00
6.625000E+01 1.001577E+00
6.650000E+01 1.002002E+00
6.675000E+01 1.001156E+00
6.700000E+01 1.000943E+00
6.725000E+01 1.001230E+00
6.750000E+01 1.000280E+00
6.775000E+01 1.000472E+00
6.800000E+01 1.000310E+00
6.825000E+01 1.001677E+00
6.850000E+01 1.000913E+00
6.875000E+01 1.002396E+00
6.900000E+01 1.001610E+00
6.925000E+01 1.001142E+00
6.950000E+01 1.001577E+00
6.975000E+01 1.001936E+00
7.000000E+01 1.001047E+00
7.025000E+01 1.001176E+00
7.050000E+01 1.002289E+00
7.075000E+01 1.001783E+00
7.100000E+01 1.002369E+00
7.125000E+01 1.000921E+00
7.150000E+01 1.001277E+00
7.175000E+01 1.001659E+00
7.200000E+01 1.000674E+00
7.225000E+01 1.001023E+00
7.250000E+01 1.001041E+00
7.275000E+01 1.001089E+00
7.300000E+01 1.001427E+00
7.325000E+01 1.001346E+00
7.350000E+01 1.000554E+00
7.375000E+01 1.000922E+00
7.400000E+01 1.001636E+00
7.425000E+01 1.001462E+00
7.450000E+01 1.001636E+00
7.475000E+01 1.001526E+00
7.500000E+01 1.001199E+00
7.525000E+01 1.000439E+00
7.550000E+01 1.000616E+00
7.575000E+01 1.001067E+00
7.600000E+01 1.000710E+00
7.625000E+01 1.000812E+00
7.650000E+01 1.001505E+00
7.675000E+01 1.001400E+00
7.700000E+01 1.000591E+00
7.725000E+01 1.001341E+00
7.750000E+01 1.001549E+00
7.775000E+01 1.001725E+00
7.800000E+01 1.001480E+00
7.825000E+01 1.002138E+00
7.850000E+01 1.000875E+00
7.875000E+01 1.001364E+00
7.900000E+01 1.000970E+00
7.925000E+01 1.001217E+00
7.950000E+01 1.000995E+00
7.975000E+01 1.000283E+00
8.000000E+01 1.001563E+00
8.025000E+01 1.001122E+00
8.050000E+01 1.000646E+00
8.075000E+01 1.000953E+00
8.100000E+01 9.996166E-01
8.125000E+01 1.001537E+00
8.150000E+01 1.000907E+00
8.175000E+01 1.000552E+00
8.200000E+01 1.001441E+00
8.225000E+01 1.001179E+00
8.250000E+01 1.000735E+00
8.275000E+01 1.000993E+00
8.300000E+01 1.000761E+00
8.325000E+01 1.001065E+00
8.350000E+01 1.000610E+00
8.375000E+01 1.000644E+00
8.400000E+01 1.001649E+00
8.425000E+01 1.001745E+00
8.450000E+01 1.000557E+00
8.475000E+01 1.001096E+00
8.500000E+01 1.001461E+00
8.525000E+01 1.000224E+00
8.550000E+01 1.001140E+00
8.575000E+01 1.000838E+00
8.600000E+01 1.000851E+00
8.625000E+01 1.000642E+00
8.650000E+01 1.001581E+00
8.675000E+01 1.001156E+00
8.700000E+01 1.001489E+00
8.725000E+01 1.000643E+00
8.750000E+01 1.001103E+00
8.775000E+01 1.000771E+00
8.800000E+01 1.001198E+00
8.825000E+01 1.000472E+00
8.850000E+01 1.000389E+00
8.875000E+01 1.000604E+00
8.900000E+01 1.000641E+00
8.925000E+01 1.000978E+00
8.950000E+01 1.000684E+00
8.975000E+01 1.000487E+00
9.000000E+01 1.001069E+00
9.025000E+01 1.000277E+00
9.050000E+01 1.000237E+00
9.075000E+01 1.000918E+00
9.100000E+01 1.000222E+00
9.125000E+01 1.001113E+00
9.150000E+01 1.001220E+00
9.175000E+01 1.000375E+00
9.200000E+01 1.000572E+00
9.225000E+01 1.001058E+00
9.250000E+01 1.000161E+00
9.275000E+01 1.000381E+00
9.300000E+01 1.001231E+00
9.325000E+01 1.001141E+00
9.350000E+01 1.000369E+00
9.375000E+01 1.000966E+00
9.400000E+01 1.000778E+00
9.425000E+01 1.000566E+00
9.450000E+01 1.000344E+00
9.475000E+01 1.001147E+00
9.500000E+01 1.000244E+00
9.525000E+01 1.000258E+00
9.550000E+01 1.000768E+00
9.575000E+01 1.000473E+00
9.600000E+01 9.997173E-01
9.625000E+01 1.000305E+00
9.650000E+01 1.001001E+00
9.675000E+01 1.000536E+00
9.700000E+01 1.001177E+00
9.725000E+01 1.000278E+00
9.750000E+01 1.000791E+00
9.775000E+01 1.000751E+00
9.800000E+01 1.000631E+00
9.825000E+01 1.001597E+00
9.850000E+01 1.000618E+00
9.875000E+01 1.000977E+00
9.900000E+01 1.001020E+00
9.925000E+01 1.001150E+00
9.950000E+01 1.000400E+00
9.975000E+01 1.000893E+00
1.000000E+02 1.000688E+00
1.002500E+02 1.000381E+00
1.005000E+02 1.000840E+00
1.007500E+02 1.000696E+00
1.010000E+02 1.000987E+00
1.012500E+02 1.000547E+00
1.015000E+02 1.000489E+00
1.017500E+02 1.000320E+00
1.020000E+02 1.001134E+00
1.022500E+02 1.000680E+00
1.025000E+02 1.001097E+00
1.027500E+02 9.999902E-01
1.030000E+02 1.000752E+00
1.032500E+02 1.000678E+00
1.035000E+02 9.996093E-01
1.037500E+02 9.999359E-01
1.040000E+02 1.000854E+00
1.042500E+02 1.000285E+00
1.045000E+02 1.000998E+00
1.047500E+02 1.000366E+00
1.050000E+02 1.000489E+00
1.052500E+02 1.000887E+00
1.055000E+02 1.000243E+00
1.057500E+02 1.000431E+00
1.060000E+02 1.000258E+00
1.062500E+02 1.000636E+00
1.065000E+02 1.000337E+00
1.067500E+02 1.000596E+00
1.070000E+02 1.000249E+00
1.072500E+02 1.000957E+00
1.075000E+02 1.000656E+00
1.077500E+02 1.000655E+00
1.080000E+02 9.998483E-01
1.082500E+02 1.000836E+00
1.085000E+02 1.000317E+00
1.087500E+02 1.000591E+00
1.090000E+02 1.000844E+00
1.092500E+02 1.000061E+00
1.095000E+02 1.000230E+00
1.097500E+02 1.000262E+00
1.100000E+02 1.001293E+00
1.102500E+02 1.000574E+00
1.105000E+02 9.995885E-01
1.107500E+02 1.000375E+00
1.110000E+02 9.998944E-01
1.112500E+02 1.000797E+00
1.115000E+02 1.000666E+00
1.117500E+02 1.000058E+00
1.120000E+02 1.000763E+00
1.122500E+02 1.000515E+00
1.125000E+02 1.000614E+00
1.127500E+02 1.000276E+00
1.130000E+02 1.000282E+00
1.132500E+02 1.000392E+00
1.135000E+02 1.000548E+00
1.137500E+02 1.000060E+00
1.140000E+02 9.997864E-01
1.142500E+02 1.000062E+00
1.145000E+02 9.999250E-01
1.147500E+02 9.999885E-01
1.150000E+02 1.000617E+00
1.152500E+02 1.000109E+00
1.155000E+02 1.000451E+00
1.157500E+02 9.996875E-01
1.160000E+02 1.000807E+00
1.162500E+02 1.000445E+00
1.165000E+02 1.000880E+00
1.167500E+02 1.000923E+00
1.170000E+02 9.999337E-01
1.172500E+02 9.999406E-01
1.175000E+02 1.000285E+00
1.177500E+02 1.000311E+00
1.180000E+02 1.000203E+00
1.182500E+02 9.998328E-01
1.185000E+02 1.000202E+00
1.187500E+02 1.000081E+00
1.190000E+02 1.000281E+00
1.192500E+02 1.000273E+00
1.195000E+02 9.998159E-01
1.197500E+02 1.000328E+00
1.200000E+02 9.999288E-01
1.202500E+02 9.996286E-01
1.205000E+02 1.000678E+00
1.207500E+02 9.996094E-01
1.210000E+02 9.999713E-01
1.212500E+02 1.000500E+00
1.215000E+02 1.000117E+00
1.217500E+02 9.998071E-01
1.220000E+02 1.000728E+00
1.222500E+02 1.000097E+00
1.225000E+02 1.000232E+00
1.227500E+02 1.000236E+00
1.230000E+02 1.000233E+00
1.232500E+02 1.000289E+00
1.235000E+02 1.000263E+00
1.237500E+02 1.000527E+00
1.240000E+02 9.999294E-01
1.242500E+02 9.998373E-01
1.245000E+02 1.000498E+00
1.247500E+02 1.000253E+00
1.250000E+02 9.963061E-01
1.252500E+02 9.912065E-01
1.255000E+02 9.852507E-01
1.257500E+02 9.794791E-01
1.260000E+02 9.734001E-01
1.262500E+02 9.669416E-01
1.265000E+02 9.619097E-01
1.267500E+02 9.559313E-01
1.270000E+02 9.503199E-01
1.272500E+02 9.440718E-01
1.275000E+02 9.386764E-01
1.277500E+02 9.322933E-01
1.280000E+02 9.268491E-01
1.282500E+02 9.210597E-01
1.285000E+02 9.152205E-01
1.287500E+02 9.091532E-01
1.290000E+02 9.046204E-01
1.292500E+02 8.984963E-01
1.295000E+02 8.932269E-01
1.297500E+02 8.877565E-01
1.300000E+02 8.822936E-01
1.302500E+02 8.765501E-01
1.305000E+02 8.707293E-01
1.307500E+02 8.654080E-01
1.310000E+02 8.601124E-01
1.312500E+02 8.546092E-01
1.315000E+02 8.487047E-01
1.317500E+02 8.436667E-01
1.320000E+02 8.384413E-01
1.322500E+02 8.329961E-01
1.325000E+02 8.274873E-01
1.327500E+02 8.224370E-01
1.330000E+02 8.165220E-01
1.332500E+02 8.116490E-01
1.335000E+02 8.061456E-01
1.337500E+02 8.014010E-01
1.340000E+02 7.960992E-01
1.342500E+02 7.911220E-01
1.345000E+02 7.853383E-01
1.347500E+02 7.805210E-01
1.350000E+02 7.752693E-01
1.352500E+02 7.698596E-01
1.355000E+02 7.654939E-01
1.357500E+02 7.601067E-01
1.360000E+02 7.541262E-01
1.362500E+02 7.501481E-01
1.365000E+02 7.447427E-01
1.367500E+02 7.400217E-01
1.370000E+02 7.347402E-01
1.372500E+02 7.299383E-01
1.375000E+02 7.244963E-01
1.377500E+02 7.197530E-01
1.380000E+02 7.147911E-01
1.382500E+02 7.101900E-01
1.385000E+02 7.050104E-01
1.387500E+02 7.006277E-01
1.390000E+02 6.951466E-01
1.392500E+02 6.904489E-01
1.395000E+02 6.856078E-01
1.397500E+02 6.812764E-01
1.400000E+02 6.762236E-01
1.402500E+02 6.712988E-01
1.405000E+02 6.667126E-01
1.407500E+02 6.621783E-01
1.410000E+02 6.569201E-01
1.412500E+02 6.521723E-01
1.415000E+02 6.477194E-01
1.417500E+02 6.432478E-01
1.420000E+02 6.383939E-01
1.422500E+02 6.340988E-01
1.425000E+02 6.293089E-01
1.427500E+02 6.243032E-01
1.430000E+02 6.200497E-01
1.432500E+02 6.160195E-01
1.435000E+02 6.111842E-01
1.437500E+02 6.063702E-01
1.440000E+02 6.018295E-01
1.442500E+02 5.971158E-01
1.445000E+02 5.929485E-01
1.447500E+02 5.884223E-01
1.450000E+02 5.836367E-01
1.452500E+02 5.795041E-01
1.455000E+02 5.752264E-01
1.457500E+02 5.704004E-01
1.460000E+02 5.663520E-01
1.462500E+02 5.619590E-01
1.465000E+02 5.576449E-01
1.467500E+02 5.532448E-01
1.470000E+02 5.486974E-01
1.472500E+02 5.447376E-01
1.475000E+02 5.404048E-01
1.477500E+02 5.360600E-01
1.480000E+02 5.316795E-01
1.482500E+02 5.275810E-01
1.485000E+02 5.234481E-01
1.487500E+02 5.188613E-01
1.490000E+02 5.148294E-01
1.492500E+02 5.103225E-01
1.495000E+02 5.064637E-01
1.497500E+02 5.020489E-01
1.500000E+02 4.978830E-01
1.502500E+02 4.939487E-01
1.505000E+02 4.895461E-01
1.507500E+02 4.855094E-01
1.510000E+02 4.813566E-01
1.512500E+02 4.778094E-01
1.515000E+02 4.732223E-01
1.517500E+02 4.695113E-01
1.520000E+02 4.654156E-01
1.522500E+02 4.612413E-01
1.525000E+02 4.570057E-01
1.527500E+02 4.532720E-01
1.530000E+02 4.493136E-01
1.532500E+02 4.449928E-01
1.535000E+02 4.411356E-01
1.537500E+02 4.370977E-01
1.540000E+02 4.332514E-01
1.542500E+02 4.292077E-01
1.545000E+02 4.253168E-01
1.547500E+02 4.211225E-01
1.550000E+02 4.172075E-01
1.552500E+02 4.135266E-01
1.555000E+02 4.095682E-01
1.557500E+02 4.058125E-01
1.560000E+02 4.017270E-01
1.562500E+02 3.980116E-01
1.565000E+02 3.943389E-01
1.567500E+02 3.907469E-01
1.570000E+02 3.868303E-01
1.572500E+02 3.830576E-01
1.575000E+02 3.792185E-01
1.577500E+02 3.756139E-01
1.580000E+02 3.716408E-01
1.582500E+02 3.678348E-01
1.585000E+02 3.643383E-01
1.587500E+02 3.603599E-01
1.590000E+02 3.567870E-01
1.592500E+02 3.530856E-01
1.595000E+02 3.494790E-01
1.597500E+02 3.456203E-01
1.600000E+02 3.418637E-01
1.602500E+02 3.382625E-01
1.605000E+02 3.347441E-01
1.607500E+02 3.311400E-01
1.610000E+02 3.276702E-01
1.612500E+02 3.239411E-01
1.615000E+02 3.204361E-01
1.617500E+02 3.165095E-01
1.620000E+02 3.129327E-01
1.622500E+02 3.097671E-01
1.625000E+02 3.059898E-01
1.627500E+02 3.025045E-01
1.630000E+02 2.987597E-01
1.632500E+02 2.953820E-01
1.635000E+02 2.918402E-01
1.637500E+02 2.882702E-01
1.640000E+02 2.850658E-01
1.642500E+02 2.813495E-01
1.645000E+02 2.780433E-01
1.647500E+02 2.745012E-01
1.650000E+02 2.711865E-01
1.652500E+02 2.676354E-01
1.655000E+02 2.641977E-01
1.657500E+02 2.609267E-01
1.660000E+02 2.573246E-01
1.662500E+02 2.541005E-01
1.665000E+02 2.506339E-01
1.667500E+02 2.471654E-01
1.670000E+02 2.438611E-01
1.672500E+02 2.408009E-01
1.675000E+02 2.372475E-01
1.677500E+02 2.338807E-01
1.680000E+02 2.306223E-01
1.682500E+02 2.273621E-01
1.685000E+02 2.237566E-01
1.687500E+02 2.208174E-01
1.690000E+02 2.173121E-01
1.692500E+02 2.143000E-01
1.695000E+02 2.108231E-01
1.697500E+02 2.076494E-01
1.700000E+02 2.043346E-01
1.702500E+02 2.009520E-01
1.705000E+02 1.978123E-01
1.707500E+02 1.946384E-01
1.710000E+02 1.914156E-01
1.712500E+02 1.883591E-01
1.715000E+02 1.851465E-01
1.717500E+02 1.819004E-01
1.720000E+02 1.788156E-01
1.722500E+02 1.755635E-01
1.725000E+02 1.724325E-01
1.727500E+02 1.692804E-01
1.730000E+02 1.660597E-01
1.732500E+02 1.629322E-01
1.735000E+02 1.598456E-01
1.737500E+02 1.567004E-01
1.740000E+02 1.534729E-01
1.742500E+02 1.505207E-01
1.745000E+02 1.474718E-01
1.747500E+02 1.445140E-01
1.750000E+02 1.413174E-01
1.752500E+02 1.383500E-01
1.755000E+02 1.353535E-01
1.757500E+02 1.321989E-01
1.760000E+02 1.291961E-01
1.762500E+02 1.261196E-01
1.765000E+02 1.232056E-01
1.767500E+02 1.200913E-01
1.770000E+02 1.173522E-01
1.772500E+02 1.150086E-01
1.775000E+02 1.123705E-01
1.777500E+02 1.099977E-01
1.780000E+02 1.076528E-01
1.782500E+02 1.053691E-01
1.785000E+02 1.030604E-01
1.787500E+02 1.011302E-01
1.790000E+02 9.890318E-02
1.792500E+02 9.695193E-02
1.795000E+02 9.483325E-02
1.797500E+02 9.299408E-02
1.800000E+02 9.089220E-02
1.802500E+02 8.909786E-02
1.805000E+02 8.727003E-02
1.807500E+02 8.534725E-02
1.810000E+02 8.360819E-02
1.812500E+02 8.195923E-02
1.815000E+02 8.026988E-02
1.817500E+02 7.856071E-02
1.820000E+02 7.697704E-02
1.822500E+02 7.540939E-02
1.825000E+02 7.394801E-02
1.827500E+02 7.220793E-02
1.830000E+02 7.072889E-02
1.832500E+02 6.926579E-02
1.835000E+02 6.780141E-02
1.837500E+02 6.634737E-02
1.840000E+02 6.488057E-02
1.842500E+02 6.365721E-02
1.845000E+02 6.225748E-02
1.847500E+02 6.097051E-02
1.850000E+02 5.961018E-02
1.852500E+02 5.842718E-02
1.855000E+02 5.714993E-02
1.857500E+02 5.581909E-02
1.860000E+02 5.475434E-02
1.862500E+02 5.348499E-02
1.865000E+02 5.231306E-02
1.867500E+02 5.111302E-02
1.870000E+02 5.000865E-02
1.872500E+02 4.880103E-02
1.875000E+02 4.767562E-02
1.877500E+02 4.669801E-02
1.880000E+02 4.567794E-02
1.882500E+02 4.461912E-02
1.885000E+02 4.357654E-02
1.887500E+02 4.261534E-02
1.890000E+02 4.160194E-02
1.892500E+02 4.072193E-02
1.895000E+02 3.969324E-02
1.897500E+02 3.874945E-02
1.900000E+02 3.783053E-02
1.902500E+02 3.692055E-02
1.905000E+02 3.603360E-02
1.907500E+02 3.520065E-02
1.910000E+02 3.431942E-02
1.912500E+02 3.346037E-02
1.915000E+02 3.261191E-02
1.917500E+02 3.187457E-02
1.920000E+02 3.107794E-02
1.922500E+02 3.030048E-02
1.925000E+02 2.947925E-02
1.927500E+02 2.877241E-02
1.930000E+02 2.802877E-02
1.932500E+02 2.736067E-02
1.935000E+02 2.657374E-02
1.937500E+02 2.594175E-02
1.940000E+02 2.522926E-02
1.942500E+02 2.450370E-02
1.945000E+02 2.391544E-02
1.947500E+02 2.330307E-02
1.950000E+02 2.259353E-02
1.952500E+02 2.197775E-02
1.955000E+02 2.130228E-02
1.957500E+02 2.075473E-02
1.960000E+02 2.012999E-02
1.962500E+02 1.955627E-02
1.965000E+02 1.900779E-02
1.967500E+02 1.845101E-02
1.970000E+02 1.795684E-02
1.972500E+02 1.741881E-02
1.975000E+02 1.681435E-02
1.977500E+02 1.633158E-02
1.980000E+02 1.585710E-02
1.982500E+02 1.534423E-02
1.985000E+02 1.486915E-02
1.987500E+02 1.440511E-02
1.990000E+02 1.388672E-02
1.992500E+02 1.343380E-02
1.995000E+02 1.299119E-02
1.997500E+02 1.261351E-02
2.000000E+02 1.215722E-02
2.002500E+02 1.175856E-02
2.005000E+02 1.135033E-02
2.007500E+02 1.094527E-02
2.010000E+02 1.051545E-02
2.012500E+02 1.013253E-02
2.015000E+02 9.790460E-03
2.017500E+02 9.428145E-03
2.020000E+02 9.081246E-03
2.022500E+02 8.709543E-03
2.025000E+02 8.376260E-03
2.027500E+02 8.049083E-03
2.030000E+02 7.709137E-03
2.032500E+02 7.404554E-03
2.035000E+02 7.113675E-03
2.037500E+02 6.794876E-03
2.040000E+02 6.489396E-03
2.042500E+02 6.223981E-03
2.045000E+02 5.953486E-03
2.047500E+02 5.683343E-03
2.050000E+02 5.389017E-03
2.052500E+02 5.146947E-03
2.055000E+02 4.910322E-03
2.057500E+02 4.648510E-03
2.060000E+02 4.425507E-03
2.062500E+02 4.195364E-03
2.065000E+02 3.980405E-03
2.067500E+02 3.795165E-03
2.070000E+02 3.557700E-03
2.072500E+02 3.372327E-03
2.075000E+02 3.177502E-03
2.077500E+02 2.998734E-03
2.080000E+02 2.813750E-03
2.082500E+02 2.601990E-03
2.085000E+02 2.456359E-03
2.087500E+02 2.292820E-03
2.090000E+02 2.157554E-03
2.092500E+02 2.002683E-03
2.095000E+02 1.846485E-03
2.097500E+02 1.706526E-03
2.100000E+02 1.570058E-03
2.102500E+02 1.447083E-03
2.105000E+02 1.324075E-03
2.107500E+02 1.213906E-03
2.110000E+02 1.100841E-03
2.112500E+02 9.918345E-04
2.115000E+02 9.078052E-04
2.117500E+02 7.919356E-04
2.120000E+02 7.214863E-04
2.122500E+02 6.427737E-04
2.125000E+02 5.692364E-04
2.127500E+02 4.850124E-04
2.130000E+02 4.215960E-04
2.132500E+02 3.594700E-04
2.135000E+02 3.057292E-04
2.137500E+02 2.548914E-04
2.140000E+02 2.084376E-04
2.142500E+02 1.632243E-04
2.145000E+02 1.265167E-04
2.147500E+02 9.856950E-05
2.150000E+02 6.664294E-05
2.152500E+02 4.778719E-05
2.155000E+02 2.847340E-05
2.157500E+02 1.379568E-05
2.160000E+02 5.583049E-06
2.162500E+02 8.896763E-07
